#        q              total               1              \delta U         \delta U^2    

     0.000790        5.371952e+03      5.373400e+03     -1.575853e+00      1.277075e-01   
     0.004159        5.371952e+03      5.373400e+03     -1.575943e+00      1.277064e-01   
     0.010212        5.371952e+03      5.373400e+03     -1.575971e+00      1.276986e-01   
     0.018933        5.056724e+03      5.058172e+03     -1.575826e+00      1.276781e-01   
     0.030298        3.361325e+03      3.362772e+03     -1.574795e+00      1.276362e-01   
     0.044278        2.362915e+03      2.364360e+03     -1.572690e+00      1.275659e-01   
     0.060834        1.694071e+03      1.695512e+03     -1.568841e+00      1.274546e-01   
     0.079922        1.254312e+03      1.255748e+03     -1.562799e+00      1.272970e-01   
     0.101490        9.226859e+02      9.241120e+02     -1.553143e+00      1.270809e-01   
     0.125480        7.164956e+02      7.179100e+02     -1.541170e+00      1.268011e-01   
     0.151828        5.435209e+02      5.449180e+02     -1.523556e+00      1.264499e-01   
     0.180462        4.300846e+02      4.314620e+02     -1.503379e+00      1.260255e-01   
     0.211306        3.336095e+02      3.349600e+02     -1.476042e+00      1.255331e-01   
     0.244276        2.633786e+02      2.646980e+02     -1.444325e+00      1.249744e-01   
     0.279283        2.037406e+02      2.050200e+02     -1.403742e+00      1.243657e-01   
     0.316234        1.615132e+02      1.627500e+02     -1.360529e+00      1.237266e-01   
     0.355027        1.322634e+02      1.334580e+02     -1.317720e+00      1.230858e-01   
     0.395559        1.067646e+02      1.079100e+02     -1.267907e+00      1.224764e-01   
     0.437721        8.476235e+01      8.585000e+01     -1.209594e+00      1.219400e-01   
     0.481399        7.040572e+01      7.144000e+01     -1.155803e+00      1.215218e-01   
     0.526474        6.179990e+01      6.279000e+01     -1.111369e+00      1.212715e-01   
     0.572826        5.024711e+01      5.117000e+01     -1.044120e+00      1.212298e-01   
     0.620330        4.341212e+01      4.428000e+01     -9.893217e-01      1.214409e-01   
     0.668857        3.722995e+01      3.803800e+01     -9.299814e-01      1.219311e-01   
     0.718277        3.166853e+01      3.241200e+01     -8.661802e-01      1.227069e-01   
     0.768456        2.911861e+01      2.982000e+01     -8.251558e-01      1.237650e-01   
     0.819260        2.442760e+01      2.505800e+01     -7.554718e-01      1.250739e-01   
     0.870551        2.027592e+01      2.083200e+01     -6.826486e-01      1.265685e-01   
     0.922191        1.839966e+01      1.891000e+01     -6.385005e-01      1.281605e-01   
     0.974040        1.499443e+01      1.542800e+01     -5.633465e-01      1.297763e-01   
     1.025960        1.347167e+01      1.386000e+01     -5.196243e-01      1.312943e-01   
     1.077809        1.073726e+01      1.105000e+01     -4.453275e-01      1.325836e-01   
     1.129449        9.529546e+00      9.800000e+00     -4.040045e-01      1.335505e-01   
     1.180740        7.390053e+00      7.590000e+00     -3.340655e-01      1.341181e-01   
     1.231544        6.459178e+00      6.622000e+00     -2.970029e-01      1.341808e-01   
     1.281723        4.838940e+00      4.940000e+00     -2.347527e-01      1.336930e-01   
     1.331143        4.147188e+00      4.218000e+00     -2.034540e-01      1.326416e-01   
     1.379670        2.971379e+00      2.992000e+00     -1.516239e-01      1.310031e-01   
     1.427174        2.481797e+00      2.480000e+00     -1.270353e-01      1.288322e-01   
     1.473526        1.676841e+00      1.638000e+00     -8.733618e-02      1.261773e-01   
     1.518601        1.353354e+00      1.300000e+00     -6.975463e-02      1.231087e-01   
     1.562279        8.471411e-01      7.700000e-01     -4.256977e-02      1.197109e-01   
     1.604441        5.009775e-01      4.080000e-01     -2.306596e-02      1.160434e-01   
     1.644973        2.837559e-01      1.820000e-01     -1.043938e-02      1.121953e-01   
     1.683766        1.176831e-01      1.000000e-02     -5.868562e-04      1.082699e-01   
     1.720717        1.043401e-01      0.000000e+00      0.000000e+00      1.043401e-01   
     1.755724        1.004796e-01      0.000000e+00      0.000000e+00      1.004796e-01   
     1.788694        9.672379e-02      0.000000e+00      0.000000e+00      9.672379e-02   
     1.819538        9.314462e-02      0.000000e+00      0.000000e+00      9.314462e-02   
     1.848172        8.977525e-02      0.000000e+00      0.000000e+00      8.977525e-02   
     1.874520        8.664980e-02      0.000000e+00      0.000000e+00      8.664980e-02   
     1.898510        8.379349e-02      0.000000e+00      0.000000e+00      8.379349e-02   
     1.920078        8.121909e-02      0.000000e+00      0.000000e+00      8.121909e-02   
     1.939166        7.894618e-02      0.000000e+00      0.000000e+00      7.894618e-02   
     1.955722        7.697825e-02      0.000000e+00      0.000000e+00      7.697825e-02   
     1.969702        7.532451e-02      0.000000e+00      0.000000e+00      7.532451e-02   
     1.981067        7.398210e-02      0.000000e+00      0.000000e+00      7.398210e-02   
     1.989788        7.295528e-02      0.000000e+00      0.000000e+00      7.295528e-02   
     1.995841        7.224619e-02      0.000000e+00      0.000000e+00      7.224619e-02   
     1.999210        7.185194e-02      0.000000e+00      0.000000e+00      7.185194e-02   
     2.003160        7.139015e-02      0.000000e+00      0.000000e+00      7.139015e-02   
     2.016638        6.981898e-02      0.000000e+00      0.000000e+00      6.981898e-02   
     2.040848        6.702544e-02      0.000000e+00      0.000000e+00      6.702544e-02   
     2.075731        6.306667e-02      0.000000e+00      0.000000e+00      6.306667e-02   
     2.121193        5.805978e-02      0.000000e+00      0.000000e+00      5.805978e-02   
     2.177111        5.218081e-02      0.000000e+00      0.000000e+00      5.218081e-02   
     2.243335        4.568540e-02      0.000000e+00      0.000000e+00      4.568540e-02   
     2.319686        3.887250e-02      0.000000e+00      0.000000e+00      3.887250e-02   
     2.405959        3.211781e-02      0.000000e+00      0.000000e+00      3.211781e-02   
     2.501920        2.574912e-02      0.000000e+00      0.000000e+00      2.574912e-02   
     2.607312        2.005619e-02      0.000000e+00      0.000000e+00      2.005619e-02   
     2.721850        1.521389e-02      0.000000e+00      0.000000e+00      1.521389e-02   
     2.845225        1.126426e-02      0.000000e+00      0.000000e+00      1.126426e-02   
     2.977105        8.130594e-03      0.000000e+00      0.000000e+00      8.130594e-03   
     3.117134        5.679008e-03      0.000000e+00      0.000000e+00      5.679008e-03   
     3.264935        3.797561e-03      0.000000e+00      0.000000e+00      3.797561e-03   
     3.420109        2.404332e-03      0.000000e+00      0.000000e+00      2.404332e-03   
     3.582238        1.418626e-03      0.000000e+00      0.000000e+00      1.418626e-03   
     3.750884        7.630273e-04      0.000000e+00      0.000000e+00      7.630273e-04   
     3.925594        3.657148e-04      0.000000e+00      0.000000e+00      3.657148e-04   
     4.105897        1.527480e-04      0.000000e+00      0.000000e+00      1.527480e-04   
     4.291305        5.425088e-05      0.000000e+00      0.000000e+00      5.425088e-05   
     4.481320        1.598157e-05      0.000000e+00      0.000000e+00      1.598157e-05   
     4.675429        3.819230e-06      0.000000e+00      0.000000e+00      3.819230e-06   
     4.873108        7.250737e-07      0.000000e+00      0.000000e+00      7.250737e-07   
     5.073826        1.069184e-07      0.000000e+00      0.000000e+00      1.069184e-07   
     5.277040        1.192755e-08      0.000000e+00      0.000000e+00      1.192755e-08   
     5.482203        9.744792e-10      0.000000e+00      0.000000e+00      9.744792e-10   
     5.688763        5.620838e-11      0.000000e+00      0.000000e+00      5.620838e-11   
     5.896161        2.212259e-12      0.000000e+00      0.000000e+00      2.212259e-12   
     6.103839        5.720025e-14      0.000000e+00      0.000000e+00      5.720025e-14   
     6.311237        9.496614e-16      0.000000e+00      0.000000e+00      9.496614e-16   
     6.517797        9.846675e-18      0.000000e+00      0.000000e+00      9.846675e-18   
     6.722960        6.391560e-20      0.000000e+00      0.000000e+00      6.391560e-20   
     6.926174        2.642162e-22      0.000000e+00      0.000000e+00      2.642162e-22   
     7.126892        6.587590e-25      0.000000e+00      0.000000e+00      6.587590e-25   
     7.324571        9.416689e-28      0.000000e+00      0.000000e+00      9.416689e-28   
     7.518680        3.619516e-30      0.000000e+00      0.000000e+00      3.619516e-30   
     7.708695        2.977603e-30      0.000000e+00      0.000000e+00      2.977603e-30   
     7.894103        3.200955e-30      0.000000e+00      0.000000e+00      3.200955e-30   
     8.074406        3.076823e-30      0.000000e+00      0.000000e+00      3.076823e-30   
     8.249116        2.943821e-30      0.000000e+00      0.000000e+00      2.943821e-30   
     8.417762        4.043595e-19      0.000000e+00      0.000000e+00      4.043595e-19   
     8.579891        5.788804e-17      0.000000e+00      0.000000e+00      5.788804e-17   
     8.735065        2.784017e-16      0.000000e+00      0.000000e+00      2.784017e-16   
     8.882866        8.676519e-16      0.000000e+00      0.000000e+00      8.676519e-16   
     9.022895        1.996637e-15      0.000000e+00      0.000000e+00      1.996637e-15   
     9.154775        3.616153e-15      0.000000e+00      0.000000e+00      3.616153e-15   
     9.278150        5.568659e-15      0.000000e+00      0.000000e+00      5.568659e-15   
     9.392688        8.343908e-15      0.000000e+00      0.000000e+00      8.343908e-15   
     9.498080        1.190465e-14      0.000000e+00      0.000000e+00      1.190465e-14   
     9.594041        1.585529e-14      0.000000e+00      0.000000e+00      1.585529e-14   
     9.680314        1.974183e-14      0.000000e+00      0.000000e+00      1.974183e-14   
     9.756665        2.322165e-14      0.000000e+00      0.000000e+00      2.322165e-14   
     9.822889        2.606988e-14      0.000000e+00      0.000000e+00      2.606988e-14   
     9.878807        2.834231e-14      0.000000e+00      0.000000e+00      2.834231e-14   
     9.924269        3.177402e-14      0.000000e+00      0.000000e+00      3.177402e-14   
     9.959152        3.697295e-14      0.000000e+00      0.000000e+00      3.697295e-14   
     9.983362        4.334695e-14      0.000000e+00      0.000000e+00      4.334695e-14   
     9.996840        4.618704e-14      0.000000e+00      0.000000e+00      4.618704e-14   