#        q              total               1              \delta U         \delta U^2    

     0.001185        8.330326e+07      8.330726e+07     -4.022991e+03      2.814916e+01   
     0.006239        1.988757e+07      1.988951e+07     -1.965742e+03      2.811684e+01   
     0.015318        1.189160e+07      1.189310e+07     -1.519899e+03      2.813713e+01   
     0.028399        7.601749e+06      7.602935e+06     -1.214446e+03      2.810678e+01   
     0.045447        4.307339e+06      4.308224e+06     -9.125677e+02      2.796035e+01   
     0.066417        2.525796e+06      2.526465e+06     -6.965379e+02      2.770430e+01   
     0.091251        1.720056e+06      1.720601e+06     -5.718207e+02      2.733523e+01   
     0.119882        1.267625e+06      1.268086e+06     -4.870606e+02      2.680780e+01   
     0.152235        9.190342e+05      9.194182e+05     -4.100721e+02      2.607255e+01   
     0.188220        7.343206e+05      7.346564e+05     -3.608860e+02      2.508827e+01   
     0.227742        5.158465e+05      5.161189e+05     -2.962536e+02      2.382627e+01   
     0.270694        4.027374e+05      4.029699e+05     -2.548094e+02      2.227359e+01   
     0.316959        3.110979e+05      3.112940e+05     -2.164618e+02      2.044060e+01   
     0.366414        2.375363e+05      2.376993e+05     -1.813705e+02      1.836519e+01   
     0.418925        1.790795e+05      1.792131e+05     -1.496937e+02      1.611914e+01   
     0.474351        1.546949e+05      1.548121e+05     -1.310273e+02      1.380882e+01   
     0.532541        1.141484e+05      1.142418e+05     -1.050085e+02      1.157373e+01   
     0.593339        9.747280e+04      9.755295e+04     -8.972165e+01      9.576612e+00   
     0.656582        7.014912e+04      7.021098e+04     -6.984706e+01      7.987243e+00   
     0.722098        5.909632e+04      5.914790e+04     -5.853241e+01      6.956815e+00   
     0.789711        4.129542e+04      4.133346e+04     -4.462578e+01      6.586167e+00   
     0.859239        3.423476e+04      3.426507e+04     -3.721067e+01      6.892489e+00   
     0.930495        2.309429e+04      2.311478e+04     -2.826860e+01      7.782026e+00   
     1.003286        1.515512e+04      1.516758e+04     -2.149808e+01      9.042765e+00   
     1.077416        9.634821e+03      9.640827e+03     -1.637235e+01      1.036616e+01   
     1.152685        5.903979e+03      5.905016e+03     -1.244048e+01      1.140315e+01   
     1.228890        2.605170e+03      2.601438e+03     -8.114103e+00      1.184583e+01   
     1.305826        2.968833e+02      2.880424e+02     -2.670531e+00      1.151140e+01   
     1.383286        1.039686e+01      0.000000e+00      0.000000e+00      1.039686e+01   
     1.461060        8.678795e+00      0.000000e+00      0.000000e+00      8.678795e+00   
     1.538940        6.654447e+00      0.000000e+00      0.000000e+00      6.654447e+00   
     1.616714        4.647300e+00      0.000000e+00      0.000000e+00      4.647300e+00   
     1.694174        2.916593e+00      0.000000e+00      0.000000e+00      2.916593e+00   
     1.771110        1.604964e+00      0.000000e+00      0.000000e+00      1.604964e+00   
     1.847315        7.358504e-01      0.000000e+00      0.000000e+00      7.358504e-01   
     1.922584        2.478191e-01      0.000000e+00      0.000000e+00      2.478191e-01   
     1.996714        4.107497e-02      0.000000e+00      0.000000e+00      4.107497e-02   
     2.069505        1.527383e-02      0.000000e+00      0.000000e+00      1.527383e-02   
     2.140761        8.995273e-02      0.000000e+00      0.000000e+00      8.995273e-02   
     2.210289        2.096725e-01      0.000000e+00      0.000000e+00      2.096725e-01   
     2.277902        3.405230e-01      0.000000e+00      0.000000e+00      3.405230e-01   
     2.343418        4.639411e-01      0.000000e+00      0.000000e+00      4.639411e-01   
     2.406661        5.711108e-01      0.000000e+00      0.000000e+00      5.711108e-01   
     2.467459        6.589493e-01      0.000000e+00      0.000000e+00      6.589493e-01   
     2.525649        7.275477e-01      0.000000e+00      0.000000e+00      7.275477e-01   
     2.581075        7.786289e-01      0.000000e+00      0.000000e+00      7.786289e-01   
     2.633586        8.146397e-01      0.000000e+00      0.000000e+00      8.146397e-01   
     2.683041        8.382259e-01      0.000000e+00      0.000000e+00      8.382259e-01   
     2.729306        8.519412e-01      0.000000e+00      0.000000e+00      8.519412e-01   
     2.772258        8.580970e-01      0.000000e+00      0.000000e+00      8.580970e-01   
     2.811780        8.587005e-01      0.000000e+00      0.000000e+00      8.587005e-01   
     2.847765        8.554434e-01      0.000000e+00      0.000000e+00      8.554434e-01   
     2.880118        8.497190e-01      0.000000e+00      0.000000e+00      8.497190e-01   
     2.908749        8.426532e-01      0.000000e+00      0.000000e+00      8.426532e-01   
     2.933583        8.351400e-01      0.000000e+00      0.000000e+00      8.351400e-01   
     2.954553        8.278769e-01      0.000000e+00      0.000000e+00      8.278769e-01   
     2.971601        8.213974e-01      0.000000e+00      0.000000e+00      8.213974e-01   
     2.984682        8.160982e-01      0.000000e+00      0.000000e+00      8.160982e-01   
     2.993761        8.122613e-01      0.000000e+00      0.000000e+00      8.122613e-01   
     2.998815        8.100709e-01      0.000000e+00      0.000000e+00      8.100709e-01   
     3.004739        8.074555e-01      0.000000e+00      0.000000e+00      8.074555e-01   
     3.024957        7.981546e-01      0.000000e+00      0.000000e+00      7.981546e-01   
     3.061273        7.801170e-01      0.000000e+00      0.000000e+00      7.801170e-01   
     3.113597        7.515869e-01      0.000000e+00      0.000000e+00      7.515869e-01   
     3.181789        7.109828e-01      0.000000e+00      0.000000e+00      7.109828e-01   
     3.265666        6.576295e-01      0.000000e+00      0.000000e+00      6.576295e-01   
     3.365002        5.923178e-01      0.000000e+00      0.000000e+00      5.923178e-01   
     3.479529        5.175019e-01      0.000000e+00      0.000000e+00      5.175019e-01   
     3.608938        4.370612e-01      0.000000e+00      0.000000e+00      4.370612e-01   
     3.752880        3.556906e-01      0.000000e+00      0.000000e+00      3.556906e-01   
     3.910968        2.781028e-01      0.000000e+00      0.000000e+00      2.781028e-01   
     4.082775        2.082704e-01      0.000000e+00      0.000000e+00      2.082704e-01   
     4.267838        1.488966e-01      0.000000e+00      0.000000e+00      1.488966e-01   
     4.465657        1.012084e-01      0.000000e+00      0.000000e+00      1.012084e-01   
     4.675701        6.506148e-02      0.000000e+00      0.000000e+00      6.506148e-02   
     4.897402        3.926523e-02      0.000000e+00      0.000000e+00      3.926523e-02   
     5.130163        2.200702e-02      0.000000e+00      0.000000e+00      2.200702e-02   
     5.373356        1.126171e-02      0.000000e+00      0.000000e+00      1.126171e-02   
     5.626327        5.111907e-03      0.000000e+00      0.000000e+00      5.111907e-03   
     5.888392        1.947075e-03      0.000000e+00      0.000000e+00      1.947075e-03   
     6.158845        5.461482e-04      0.000000e+00      0.000000e+00      5.461482e-04   
     6.436958        7.061480e-05      0.000000e+00      0.000000e+00      7.061480e-05   
     6.721980        2.934676e-06      0.000000e+00      0.000000e+00      2.934676e-06   
     7.013143        6.262482e-05      0.000000e+00      0.000000e+00      6.262482e-05   
     7.309662        1.238857e-04      0.000000e+00      0.000000e+00      1.238857e-04   
     7.610739        1.485295e-04      0.000000e+00      0.000000e+00      1.485295e-04   
     7.915560        1.390844e-04      0.000000e+00      0.000000e+00      1.390844e-04   
     8.223305        1.107672e-04      0.000000e+00      0.000000e+00      1.107672e-04   
     8.533144        7.782672e-05      0.000000e+00      0.000000e+00      7.782672e-05   
     8.844241        4.902007e-05      0.000000e+00      0.000000e+00      4.902007e-05   
     9.155759        2.778220e-05      0.000000e+00      0.000000e+00      2.778220e-05   
     9.466856        1.406737e-05      0.000000e+00      0.000000e+00      1.406737e-05   
     9.776695        6.225763e-06      0.000000e+00      0.000000e+00      6.225763e-06   
    10.084440        2.288713e-06      0.000000e+00      0.000000e+00      2.288713e-06   
    10.389261        6.136222e-07      0.000000e+00      0.000000e+00      6.136222e-07   
    10.690338        7.331891e-08      0.000000e+00      0.000000e+00      7.331891e-08   
    10.986857        4.539067e-09      0.000000e+00      0.000000e+00      4.539067e-09   
    11.278020        7.296030e-08      0.000000e+00      0.000000e+00      7.296030e-08   
    11.563042        1.410104e-07      0.000000e+00      0.000000e+00      1.410104e-07   
    11.841155        1.710585e-07      0.000000e+00      0.000000e+00      1.710585e-07   
    12.111608        1.666049e-07      0.000000e+00      0.000000e+00      1.666049e-07   
    12.373673        1.421521e-07      0.000000e+00      0.000000e+00      1.421521e-07   
    12.626644        1.107359e-07      0.000000e+00      0.000000e+00      1.107359e-07   
    12.869837        8.057157e-08      0.000000e+00      0.000000e+00      8.057157e-08   
    13.102598        5.550370e-08      0.000000e+00      0.000000e+00      5.550370e-08   
    13.324299        3.649654e-08      0.000000e+00      0.000000e+00      3.649654e-08   
    13.534343        2.300858e-08      0.000000e+00      0.000000e+00      2.300858e-08   
    13.732162        1.392489e-08      0.000000e+00      0.000000e+00      1.392489e-08   
    13.917225        8.074279e-09      0.000000e+00      0.000000e+00      8.074279e-09   
    14.089032        4.458506e-09      0.000000e+00      0.000000e+00      4.458506e-09   
    14.247120        2.315934e-09      0.000000e+00      0.000000e+00      2.315934e-09   
    14.391062        1.105754e-09      0.000000e+00      0.000000e+00      1.105754e-09   
    14.520471        4.635250e-10      0.000000e+00      0.000000e+00      4.635250e-10   
    14.634998        1.535936e-10      0.000000e+00      0.000000e+00      1.535936e-10   
    14.734334        2.882107e-11      0.000000e+00      0.000000e+00      2.882107e-11   
    14.818211        2.074226e-13      0.000000e+00      0.000000e+00      2.074226e-13   
    14.886403        1.555733e-11      0.000000e+00      0.000000e+00      1.555733e-11   
    14.938727        4.523940e-11      0.000000e+00      0.000000e+00      4.523940e-11   
    14.975043        7.306522e-11      0.000000e+00      0.000000e+00      7.306522e-11   
    14.995261        9.069552e-11      0.000000e+00      0.000000e+00      9.069552e-11   