#        q              total               1              \delta U         \delta U^2    

     0.001185        8.330370e+07      8.330726e+07     -3.610596e+03      4.882222e+01   
     0.006239        1.988779e+07      1.988951e+07     -1.752605e+03      3.332877e+01   
     0.015318        1.189177e+07      1.189310e+07     -1.352024e+03      2.931533e+01   
     0.028399        7.601884e+06      7.602935e+06     -1.078590e+03      2.809551e+01   
     0.045447        4.307442e+06      4.308224e+06     -8.094725e+02      2.752583e+01   
     0.066417        2.525875e+06      2.526465e+06     -6.170822e+02      2.712990e+01   
     0.091251        1.720122e+06      1.720601e+06     -5.057450e+02      2.671249e+01   
     0.119882        1.267682e+06      1.268086e+06     -4.297383e+02      2.616351e+01   
     0.152235        9.190831e+05      9.194182e+05     -3.605629e+02      2.541630e+01   
     0.188220        7.343650e+05      7.346564e+05     -3.157894e+02      2.442412e+01   
     0.227742        5.158845e+05      5.161189e+05     -2.575364e+02      2.315649e+01   
     0.270694        4.027719e+05      4.029699e+05     -2.195753e+02      2.160130e+01   
     0.316959        3.111293e+05      3.112940e+05     -1.843950e+02      1.977017e+01   
     0.366414        2.375648e+05      2.376993e+05     -1.522140e+02      1.770472e+01   
     0.418925        1.791053e+05      1.792131e+05     -1.232441e+02      1.547946e+01   
     0.474351        1.547201e+05      1.548121e+05     -1.052713e+02      1.320520e+01   
     0.532541        1.141710e+05      1.142418e+05     -8.179530e+01      1.102538e+01   
     0.593339        9.749483e+04      9.755295e+04     -6.721978e+01      9.105667e+00   
     0.656582        7.016874e+04      7.021098e+04     -4.985675e+01      7.617570e+00   
     0.722098        5.911523e+04      5.914790e+04     -3.938057e+01      6.711818e+00   
     0.789711        4.131196e+04      4.133346e+04     -2.798921e+01      6.487060e+00   
     0.859239        3.425047e+04      3.426507e+04     -2.155580e+01      6.955999e+00   
     0.930495        2.310774e+04      2.311478e+04     -1.505995e+01      8.020391e+00   
     1.003286        1.516647e+04      1.516758e+04     -1.057410e+01      9.464070e+00   
     1.077416        9.644271e+03      9.640827e+03     -7.531769e+00      1.097554e+01   
     1.152685        5.911769e+03      5.905016e+03     -5.450774e+00      1.220349e+01   
     1.228890        2.610833e+03      2.601438e+03     -3.441826e+00      1.283633e+01   
     1.305826        2.996200e+02      2.880424e+02     -1.105966e+00      1.268350e+01   
     1.383286        1.172819e+01      0.000000e+00      0.000000e+00      1.172819e+01   
     1.461060        1.012792e+01      0.000000e+00      0.000000e+00      1.012792e+01   
     1.538940        8.159653e+00      0.000000e+00      0.000000e+00      8.159653e+00   
     1.616714        6.131772e+00      0.000000e+00      0.000000e+00      6.131772e+00   
     1.694174        4.299331e+00      0.000000e+00      0.000000e+00      4.299331e+00   
     1.771110        2.814049e+00      0.000000e+00      0.000000e+00      2.814049e+00   
     1.847315        1.719349e+00      0.000000e+00      0.000000e+00      1.719349e+00   
     1.922584        9.788981e-01      0.000000e+00      0.000000e+00      9.788981e-01   
     1.996714        5.167102e-01      0.000000e+00      0.000000e+00      5.167102e-01   
     2.069505        2.505298e-01      0.000000e+00      0.000000e+00      2.505298e-01   
     2.140761        1.108158e-01      0.000000e+00      0.000000e+00      1.108158e-01   
     2.210289        4.679783e-02      0.000000e+00      0.000000e+00      4.679783e-02   
     2.277902        2.492593e-02      0.000000e+00      0.000000e+00      2.492593e-02   
     2.343418        2.457140e-02      0.000000e+00      0.000000e+00      2.457140e-02   
     2.406661        3.375613e-02      0.000000e+00      0.000000e+00      3.375613e-02   
     2.467459        4.590493e-02      0.000000e+00      0.000000e+00      4.590493e-02   
     2.525649        5.766846e-02      0.000000e+00      0.000000e+00      5.766846e-02   
     2.581075        6.755514e-02      0.000000e+00      0.000000e+00      6.755514e-02   
     2.633586        7.509949e-02      0.000000e+00      0.000000e+00      7.509949e-02   
     2.683041        8.036746e-02      0.000000e+00      0.000000e+00      8.036746e-02   
     2.729306        8.366912e-02      0.000000e+00      0.000000e+00      8.366912e-02   
     2.772258        8.539781e-02      0.000000e+00      0.000000e+00      8.539781e-02   
     2.811780        8.594530e-02      0.000000e+00      0.000000e+00      8.594530e-02   
     2.847765        8.566172e-02      0.000000e+00      0.000000e+00      8.566172e-02   
     2.880118        8.484073e-02      0.000000e+00      0.000000e+00      8.484073e-02   
     2.908749        8.371835e-02      0.000000e+00      0.000000e+00      8.371835e-02   
     2.933583        8.247816e-02      0.000000e+00      0.000000e+00      8.247816e-02   
     2.954553        8.125915e-02      0.000000e+00      0.000000e+00      8.125915e-02   
     2.971601        8.016385e-02      0.000000e+00      0.000000e+00      8.016385e-02   
     2.984682        7.926564e-02      0.000000e+00      0.000000e+00      7.926564e-02   
     2.993761        7.861489e-02      0.000000e+00      0.000000e+00      7.861489e-02   
     2.998815        7.824340e-02      0.000000e+00      0.000000e+00      7.824340e-02   
     3.004739        7.779997e-02      0.000000e+00      0.000000e+00      7.779997e-02   
     3.024957        7.622558e-02      0.000000e+00      0.000000e+00      7.622558e-02   
     3.061273        7.319193e-02      0.000000e+00      0.000000e+00      7.319193e-02   
     3.113597        6.847157e-02      0.000000e+00      0.000000e+00      6.847157e-02   
     3.181789        6.195857e-02      0.000000e+00      0.000000e+00      6.195857e-02   
     3.265666        5.381196e-02      0.000000e+00      0.000000e+00      5.381196e-02   
     3.365002        4.451758e-02      0.000000e+00      0.000000e+00      4.451758e-02   
     3.479529        3.482742e-02      0.000000e+00      0.000000e+00      3.482742e-02   
     3.608938        2.559059e-02      0.000000e+00      0.000000e+00      2.559059e-02   
     3.752880        1.754300e-02      0.000000e+00      0.000000e+00      1.754300e-02   
     3.910968        1.114152e-02      0.000000e+00      0.000000e+00      1.114152e-02   
     4.082775        6.502647e-03      0.000000e+00      0.000000e+00      6.502647e-03   
     4.267838        3.451729e-03      0.000000e+00      0.000000e+00      3.451729e-03   
     4.465657        1.641901e-03      0.000000e+00      0.000000e+00      1.641901e-03   
     4.675701        6.835312e-04      0.000000e+00      0.000000e+00      6.835312e-04   
     4.897402        2.386518e-04      0.000000e+00      0.000000e+00      2.386518e-04   
     5.130163        6.383165e-05      0.000000e+00      0.000000e+00      6.383165e-05   
     5.373356        1.018250e-05      0.000000e+00      0.000000e+00      1.018250e-05   
     5.626327        4.974040e-07      0.000000e+00      0.000000e+00      4.974040e-07   
     5.888392        1.741455e-06      0.000000e+00      0.000000e+00      1.741455e-06   
     6.158845        3.221539e-06      0.000000e+00      0.000000e+00      3.221539e-06   
     6.436958        3.191501e-06      0.000000e+00      0.000000e+00      3.191501e-06   
     6.721980        2.340112e-06      0.000000e+00      0.000000e+00      2.340112e-06   
     7.013143        1.414164e-06      0.000000e+00      0.000000e+00      1.414164e-06   
     7.309662        7.382626e-07      0.000000e+00      0.000000e+00      7.382626e-07   
     7.610739        3.408555e-07      0.000000e+00      0.000000e+00      3.408555e-07   
     7.915560        1.408432e-07      0.000000e+00      0.000000e+00      1.408432e-07   
     8.223305        5.232586e-08      0.000000e+00      0.000000e+00      5.232586e-08   
     8.533144        1.745282e-08      0.000000e+00      0.000000e+00      1.745282e-08   
     8.844241        5.180689e-09      0.000000e+00      0.000000e+00      5.180689e-09   
     9.155759        1.341041e-09      0.000000e+00      0.000000e+00      1.341041e-09   
     9.466856        2.896768e-10      0.000000e+00      0.000000e+00      2.896768e-10   
     9.776695        4.696374e-11      0.000000e+00      0.000000e+00      4.696374e-11   
    10.084440        4.028348e-12      0.000000e+00      0.000000e+00      4.028348e-12   
    10.389261        3.713815e-14      0.000000e+00      0.000000e+00      3.713815e-14   
    10.690338        5.520996e-13      0.000000e+00      0.000000e+00      5.520996e-13   
    10.986857        6.591697e-13      0.000000e+00      0.000000e+00      6.591697e-13   
    11.278020        4.466242e-13      0.000000e+00      0.000000e+00      4.466242e-13   
    11.563042        2.326785e-13      0.000000e+00      0.000000e+00      2.326785e-13   
    11.841155        1.025063e-13      0.000000e+00      0.000000e+00      1.025063e-13   
    12.111608        4.866845e-14      0.000000e+00      0.000000e+00      4.866845e-14   
    12.373673        2.037020e-14      0.000000e+00      0.000000e+00      2.037020e-14   
    12.626644        6.092974e-15      0.000000e+00      0.000000e+00      6.092974e-15   
    12.869837        1.523958e-15      0.000000e+00      0.000000e+00      1.523958e-15   
    13.102598        2.769260e-16      0.000000e+00      0.000000e+00      2.769260e-16   
    13.324299        4.042998e-17      0.000000e+00      0.000000e+00      4.042998e-17   
    13.534343        4.722803e-17      0.000000e+00      0.000000e+00      4.722803e-17   
    13.732162        7.734107e-17      0.000000e+00      0.000000e+00      7.734107e-17   
    13.917225        9.164934e-17      0.000000e+00      0.000000e+00      9.164934e-17   
    14.089032        8.480804e-17      0.000000e+00      0.000000e+00      8.480804e-17   
    14.247120        7.658679e-17      0.000000e+00      0.000000e+00      7.658679e-17   
    14.391062        6.320600e-17      0.000000e+00      0.000000e+00      6.320600e-17   
    14.520471        5.162862e-17      0.000000e+00      0.000000e+00      5.162862e-17   
    14.634998        4.240480e-17      0.000000e+00      0.000000e+00      4.240480e-17   
    14.734334        3.353422e-17      0.000000e+00      0.000000e+00      3.353422e-17   
    14.818211        2.867720e-17      0.000000e+00      0.000000e+00      2.867720e-17   
    14.886403        2.404922e-17      0.000000e+00      0.000000e+00      2.404922e-17   
    14.938727        2.097609e-17      0.000000e+00      0.000000e+00      2.097609e-17   
    14.975043        2.016125e-17      0.000000e+00      0.000000e+00      2.016125e-17   
    14.995261        1.568351e-12      0.000000e+00      0.000000e+00      1.568351e-12   