#        q              total               1              \delta U         \delta U^2    

     0.001185        8.330137e+07      8.330726e+07     -6.650578e+03      7.649470e+02   
     0.006239        1.803258e+07      1.803509e+07     -2.738754e+03      2.254433e+02   
     0.015318        1.277158e+07      1.277371e+07     -2.223538e+03      8.904747e+01   
     0.028399        8.209184e+06      8.210884e+06     -1.750832e+03      5.045900e+01   
     0.045447        4.686872e+06      4.688144e+06     -1.309206e+03      3.678108e+01   
     0.066417        2.769827e+06      2.770795e+06     -9.996041e+02      3.183556e+01   
     0.091251        1.897663e+06      1.898456e+06     -8.224763e+02      2.994031e+01   
     0.119882        1.405629e+06      1.406303e+06     -7.029994e+02      2.888450e+01   
     0.152235        1.024836e+06      1.025403e+06     -5.948937e+02      2.792682e+01   
     0.188220        7.341857e+05      7.346564e+05     -4.975185e+02      2.681352e+01   
     0.227742        5.815190e+05      5.819294e+05     -4.358583e+02      2.544806e+01   
     0.270694        4.026383e+05      4.029699e+05     -3.554304e+02      2.379254e+01   
     0.316959        3.110112e+05      3.112940e+05     -3.045760e+02      2.184557e+01   
     0.366414        2.374610e+05      2.376993e+05     -2.580235e+02      1.964080e+01   
     0.418925        2.065235e+05      2.067381e+05     -2.318747e+02      1.724795e+01   
     0.474351        1.546348e+05      1.548121e+05     -1.921403e+02      1.477290e+01   
     0.532541        1.140971e+05      1.142418e+05     -1.570834e+02      1.235632e+01   
     0.593339        9.742573e+04      9.755295e+04     -1.373773e+02      1.016295e+01   
     0.656582        7.010953e+04      7.021098e+04     -1.098104e+02      8.365077e+00   
     0.722098        5.906030e+04      5.914790e+04     -9.471322e+01      7.117212e+00   
     0.789711        4.126559e+04      4.133346e+04     -7.438917e+01      6.523013e+00   
     0.859239        3.420787e+04      3.426507e+04     -6.380837e+01      6.601998e+00   
     0.930495        2.307239e+04      2.311478e+04     -4.964902e+01      7.262700e+00   
     1.003286        1.513747e+04      1.516758e+04     -3.839743e+01      8.295646e+00   
     1.077416        9.620746e+03      9.640827e+03     -2.947797e+01      9.396674e+00   
     1.152685        5.892854e+03      5.905016e+03     -2.238692e+01      1.022460e+01   
     1.228890        2.597424e+03      2.601438e+03     -1.449810e+01      1.048422e+01   
     1.305826        1.001017e+01      0.000000e+00      0.000000e+00      1.001017e+01   
     1.383286        8.818717e+00      0.000000e+00      0.000000e+00      8.818717e+00   
     1.461060        7.102917e+00      0.000000e+00      0.000000e+00      7.102917e+00   
     1.538940        5.168004e+00      0.000000e+00      0.000000e+00      5.168004e+00   
     1.616714        3.332915e+00      0.000000e+00      0.000000e+00      3.332915e+00   
     1.694174        1.839673e+00      0.000000e+00      0.000000e+00      1.839673e+00   
     1.771110        8.051238e-01      0.000000e+00      0.000000e+00      8.051238e-01   
     1.847315        2.248889e-01      0.000000e+00      0.000000e+00      2.248889e-01   
     1.922584        1.388194e-02      0.000000e+00      0.000000e+00      1.388194e-02   
     1.996714        5.641853e-02      0.000000e+00      0.000000e+00      5.641853e-02   
     2.069505        2.444731e-01      0.000000e+00      0.000000e+00      2.444731e-01   
     2.140761        4.963267e-01      0.000000e+00      0.000000e+00      4.963267e-01   
     2.210289        7.591673e-01      0.000000e+00      0.000000e+00      7.591673e-01   
     2.277902        1.003411e+00      0.000000e+00      0.000000e+00      1.003411e+00   
     2.343418        1.215133e+00      0.000000e+00      0.000000e+00      1.215133e+00   
     2.406661        1.389801e+00      0.000000e+00      0.000000e+00      1.389801e+00   
     2.467459        1.528057e+00      0.000000e+00      0.000000e+00      1.528057e+00   
     2.525649        1.633164e+00      0.000000e+00      0.000000e+00      1.633164e+00   
     2.581075        1.709527e+00      0.000000e+00      0.000000e+00      1.709527e+00   
     2.633586        1.761872e+00      0.000000e+00      0.000000e+00      1.761872e+00   
     2.683041        1.794771e+00      0.000000e+00      0.000000e+00      1.794771e+00   
     2.729306        1.812406e+00      0.000000e+00      0.000000e+00      1.812406e+00   
     2.772258        1.818461e+00      0.000000e+00      0.000000e+00      1.818461e+00   
     2.811780        1.816088e+00      0.000000e+00      0.000000e+00      1.816088e+00   
     2.847765        1.807932e+00      0.000000e+00      0.000000e+00      1.807932e+00   
     2.880118        1.796173e+00      0.000000e+00      0.000000e+00      1.796173e+00   
     2.908749        1.782580e+00      0.000000e+00      0.000000e+00      1.782580e+00   
     2.933583        1.768567e+00      0.000000e+00      0.000000e+00      1.768567e+00   
     2.954553        1.755248e+00      0.000000e+00      0.000000e+00      1.755248e+00   
     2.971601        1.743485e+00      0.000000e+00      0.000000e+00      1.743485e+00   
     2.984682        1.733922e+00      0.000000e+00      0.000000e+00      1.733922e+00   
     2.993761        1.727023e+00      0.000000e+00      0.000000e+00      1.727023e+00   
     2.998815        1.723092e+00      0.000000e+00      0.000000e+00      1.723092e+00   
     3.004739        1.718404e+00      0.000000e+00      0.000000e+00      1.718404e+00   
     3.024957        1.701783e+00      0.000000e+00      0.000000e+00      1.701783e+00   
     3.061273        1.669681e+00      0.000000e+00      0.000000e+00      1.669681e+00   
     3.113597        1.619045e+00      0.000000e+00      0.000000e+00      1.619045e+00   
     3.181789        1.546893e+00      0.000000e+00      0.000000e+00      1.546893e+00   
     3.265666        1.451450e+00      0.000000e+00      0.000000e+00      1.451450e+00   
     3.365002        1.333083e+00      0.000000e+00      0.000000e+00      1.333083e+00   
     3.479529        1.194776e+00      0.000000e+00      0.000000e+00      1.194776e+00   
     3.608938        1.042005e+00      0.000000e+00      0.000000e+00      1.042005e+00   
     3.752880        8.820601e-01      0.000000e+00      0.000000e+00      8.820601e-01   
     3.910968        7.229946e-01      0.000000e+00      0.000000e+00      7.229946e-01   
     4.082775        5.724751e-01      0.000000e+00      0.000000e+00      5.724751e-01   
     4.267838        4.367973e-01      0.000000e+00      0.000000e+00      4.367973e-01   
     4.465657        3.202412e-01      0.000000e+00      0.000000e+00      3.202412e-01   
     4.675701        2.248385e-01      0.000000e+00      0.000000e+00      2.248385e-01   
     4.897402        1.505199e-01      0.000000e+00      0.000000e+00      1.505199e-01   
     5.130163        9.553983e-02      0.000000e+00      0.000000e+00      9.553983e-02   
     5.373356        5.704880e-02      0.000000e+00      0.000000e+00      5.704880e-02   
     5.626327        3.168401e-02      0.000000e+00      0.000000e+00      3.168401e-02   
     5.888392        1.607962e-02      0.000000e+00      0.000000e+00      1.607962e-02   
     6.158845        7.235024e-03      0.000000e+00      0.000000e+00      7.235024e-03   
     6.436958        2.721576e-03      0.000000e+00      0.000000e+00      2.721576e-03   
     6.721980        7.428270e-04      0.000000e+00      0.000000e+00      7.428270e-04   
     7.013143        8.599220e-05      0.000000e+00      0.000000e+00      8.599220e-05   
     7.309662        1.074466e-05      0.000000e+00      0.000000e+00      1.074466e-05   
     7.610739        1.175109e-04      0.000000e+00      0.000000e+00      1.175109e-04   
     7.915560        2.256631e-04      0.000000e+00      0.000000e+00      2.256631e-04   
     8.223305        2.779033e-04      0.000000e+00      0.000000e+00      2.779033e-04   
     8.533144        2.750253e-04      0.000000e+00      0.000000e+00      2.750253e-04   
     8.844241        2.373687e-04      0.000000e+00      0.000000e+00      2.373687e-04   
     9.155759        1.857934e-04      0.000000e+00      0.000000e+00      1.857934e-04   
     9.466856        1.347852e-04      0.000000e+00      0.000000e+00      1.347852e-04   
     9.776695        9.183560e-05      0.000000e+00      0.000000e+00      9.183560e-05   
    10.084440        5.926500e-05      0.000000e+00      0.000000e+00      5.926500e-05   
    10.389261        3.641775e-05      0.000000e+00      0.000000e+00      3.641775e-05   
    10.690338        2.137209e-05      0.000000e+00      0.000000e+00      2.137209e-05   
    10.986857        1.198870e-05      0.000000e+00      0.000000e+00      1.198870e-05   
    11.278020        6.418815e-06      0.000000e+00      0.000000e+00      6.418815e-06   
    11.563042        3.265450e-06      0.000000e+00      0.000000e+00      3.265450e-06   
    11.841155        1.564142e-06      0.000000e+00      0.000000e+00      1.564142e-06   
    12.111608        6.934318e-07      0.000000e+00      0.000000e+00      6.934318e-07   
    12.373673        2.752386e-07      0.000000e+00      0.000000e+00      2.752386e-07   
    12.626644        9.106067e-08      0.000000e+00      0.000000e+00      9.106067e-08   
    12.869837        2.068539e-08      0.000000e+00      0.000000e+00      2.068539e-08   
    13.102598        1.268834e-09      0.000000e+00      0.000000e+00      1.268834e-09   
    13.324299        1.822972e-09      0.000000e+00      0.000000e+00      1.822972e-09   
    13.534343        8.185129e-09      0.000000e+00      0.000000e+00      8.185129e-09   
    13.732162        1.460068e-08      0.000000e+00      0.000000e+00      1.460068e-08   
    13.917225        1.923607e-08      0.000000e+00      0.000000e+00      1.923607e-08   
    14.089032        2.190969e-08      0.000000e+00      0.000000e+00      2.190969e-08   
    14.247120        2.301477e-08      0.000000e+00      0.000000e+00      2.301477e-08   
    14.391062        2.305132e-08      0.000000e+00      0.000000e+00      2.305132e-08   
    14.520471        2.245171e-08      0.000000e+00      0.000000e+00      2.245171e-08   
    14.634998        2.153726e-08      0.000000e+00      0.000000e+00      2.153726e-08   
    14.734334        2.052632e-08      0.000000e+00      0.000000e+00      2.052632e-08   
    14.818211        1.955777e-08      0.000000e+00      0.000000e+00      1.955777e-08   
    14.886403        1.871490e-08      0.000000e+00      0.000000e+00      1.871490e-08   
    14.938727        1.804438e-08      0.000000e+00      0.000000e+00      1.804438e-08   
    14.975043        1.757659e-08      0.000000e+00      0.000000e+00      1.757659e-08   
    14.995261        1.732013e-08      0.000000e+00      0.000000e+00      1.732013e-08   