#        q              total               1              \delta U         \delta U^2    

     0.001185        1.284877e+04      1.290792e+04     -6.272535e+01      3.573596e+00   
     0.006239        5.946628e+03      6.005846e+03     -6.279074e+01      3.573539e+00   
     0.015318        4.995246e+03      5.054446e+03     -6.277280e+01      3.573214e+00   
     0.028399        3.993174e+03      4.052378e+03     -6.277639e+01      3.572325e+00   
     0.045447        3.002881e+03      3.062073e+03     -6.276231e+01      3.570347e+00   
     0.066417        2.294921e+03      2.354058e+03     -6.270356e+01      3.566797e+00   
     0.091251        1.889489e+03      1.948567e+03     -6.263896e+01      3.560940e+00   
     0.119882        1.618117e+03      1.677083e+03     -6.251730e+01      3.552023e+00   
     0.152235        1.373277e+03      1.432064e+03     -6.232629e+01      3.539669e+00   
     0.188220        1.153637e+03      1.212152e+03     -6.203867e+01      3.523242e+00   
     0.227742        1.020649e+03      1.078823e+03     -6.167694e+01      3.502696e+00   
     0.270694        8.401926e+02      8.977415e+02     -6.102733e+01      3.478392e+00   
     0.316959        7.321975e+02      7.890424e+02     -6.029604e+01      3.451088e+00   
     0.366414        6.336056e+02      6.894916e+02     -5.930881e+01      3.422839e+00   
     0.418925        5.879721e+02      6.430212e+02     -5.844502e+01      3.395911e+00   
     0.474351        5.029456e+02      5.564389e+02     -5.686720e+01      3.373880e+00   
     0.532541        4.265505e+02      4.779996e+02     -5.480938e+01      3.360247e+00   
     0.593339        3.918529e+02      4.417079e+02     -5.321432e+01      3.359337e+00   
     0.656582        3.278713e+02      3.747292e+02     -5.023315e+01      3.375267e+00   
     0.722098        2.992697e+02      3.439416e+02     -4.808289e+01      3.411004e+00   
     0.789711        2.468710e+02      2.875186e+02     -4.411492e+01      3.467316e+00   
     0.859239        2.238545e+02      2.617826e+02     -4.147288e+01      3.544761e+00   
     0.930495        1.819416e+02      2.150106e+02     -3.670893e+01      3.639917e+00   
     1.003286        1.462974e+02      1.741699e+02     -3.161841e+01      3.745940e+00   
     1.077416        1.162867e+02      1.388584e+02     -2.642449e+01      3.852809e+00   
     1.152685        9.126056e+01      1.086740e+02     -2.136475e+01      3.951336e+00   
     1.228890        6.145124e+01      7.213097e+01     -1.470841e+01      4.028684e+00   
     1.305826        4.072432e+00      0.000000e+00      0.000000e+00      4.072432e+00   
     1.383286        4.073777e+00      0.000000e+00      0.000000e+00      4.073777e+00   
     1.461060        4.027566e+00      0.000000e+00      0.000000e+00      4.027566e+00   
     1.538940        3.931573e+00      0.000000e+00      0.000000e+00      3.931573e+00   
     1.616714        3.788050e+00      0.000000e+00      0.000000e+00      3.788050e+00   
     1.694174        3.602628e+00      0.000000e+00      0.000000e+00      3.602628e+00   
     1.771110        3.383552e+00      0.000000e+00      0.000000e+00      3.383552e+00   
     1.847315        3.141238e+00      0.000000e+00      0.000000e+00      3.141238e+00   
     1.922584        2.887597e+00      0.000000e+00      0.000000e+00      2.887597e+00   
     1.996714        2.633141e+00      0.000000e+00      0.000000e+00      2.633141e+00   
     2.069505        2.386336e+00      0.000000e+00      0.000000e+00      2.386336e+00   
     2.140761        2.153720e+00      0.000000e+00      0.000000e+00      2.153720e+00   
     2.210289        1.939769e+00      0.000000e+00      0.000000e+00      1.939769e+00   
     2.277902        1.746949e+00      0.000000e+00      0.000000e+00      1.746949e+00   
     2.343418        1.575994e+00      0.000000e+00      0.000000e+00      1.575994e+00   
     2.406661        1.426475e+00      0.000000e+00      0.000000e+00      1.426475e+00   
     2.467459        1.296771e+00      0.000000e+00      0.000000e+00      1.296771e+00   
     2.525649        1.184802e+00      0.000000e+00      0.000000e+00      1.184802e+00   
     2.581075        1.088473e+00      0.000000e+00      0.000000e+00      1.088473e+00   
     2.633586        1.005729e+00      0.000000e+00      0.000000e+00      1.005729e+00   
     2.683041        9.347557e-01      0.000000e+00      0.000000e+00      9.347557e-01   
     2.729306        8.738634e-01      0.000000e+00      0.000000e+00      8.738634e-01   
     2.772258        8.216179e-01      0.000000e+00      0.000000e+00      8.216179e-01   
     2.811780        7.768606e-01      0.000000e+00      0.000000e+00      7.768606e-01   
     2.847765        7.386479e-01      0.000000e+00      0.000000e+00      7.386479e-01   
     2.880118        7.061694e-01      0.000000e+00      0.000000e+00      7.061694e-01   
     2.908749        6.788154e-01      0.000000e+00      0.000000e+00      6.788154e-01   
     2.933583        6.560687e-01      0.000000e+00      0.000000e+00      6.560687e-01   
     2.954553        6.375350e-01      0.000000e+00      0.000000e+00      6.375350e-01   
     2.971601        6.229004e-01      0.000000e+00      0.000000e+00      6.229004e-01   
     2.984682        6.119236e-01      0.000000e+00      0.000000e+00      6.119236e-01   
     2.993761        6.044323e-01      0.000000e+00      0.000000e+00      6.044323e-01   
     2.998815        6.003043e-01      0.000000e+00      0.000000e+00      6.003043e-01   
     3.004739        5.955037e-01      0.000000e+00      0.000000e+00      5.955037e-01   
     3.024957        5.794364e-01      0.000000e+00      0.000000e+00      5.794364e-01   
     3.061273        5.517245e-01      0.000000e+00      0.000000e+00      5.517245e-01   
     3.113597        5.142077e-01      0.000000e+00      0.000000e+00      5.142077e-01   
     3.181789        4.691713e-01      0.000000e+00      0.000000e+00      4.691713e-01   
     3.265666        4.190678e-01      0.000000e+00      0.000000e+00      4.190678e-01   
     3.365002        3.662856e-01      0.000000e+00      0.000000e+00      3.662856e-01   
     3.479529        3.130350e-01      0.000000e+00      0.000000e+00      3.130350e-01   
     3.608938        2.612873e-01      0.000000e+00      0.000000e+00      2.612873e-01   
     3.752880        2.127242e-01      0.000000e+00      0.000000e+00      2.127242e-01   
     3.910968        1.686658e-01      0.000000e+00      0.000000e+00      1.686658e-01   
     4.082775        1.300196e-01      0.000000e+00      0.000000e+00      1.300196e-01   
     4.267838        9.726755e-02      0.000000e+00      0.000000e+00      9.726755e-02   
     4.465657        7.047894e-02      0.000000e+00      0.000000e+00      7.047894e-02   
     4.675701        4.935493e-02      0.000000e+00      0.000000e+00      4.935493e-02   
     4.897402        3.331764e-02      0.000000e+00      0.000000e+00      3.331764e-02   
     5.130163        2.161266e-02      0.000000e+00      0.000000e+00      2.161266e-02   
     5.373356        1.341775e-02      0.000000e+00      0.000000e+00      1.341775e-02   
     5.626327        7.930393e-03      0.000000e+00      0.000000e+00      7.930393e-03   
     5.888392        4.430058e-03      0.000000e+00      0.000000e+00      4.430058e-03   
     6.158845        2.315111e-03      0.000000e+00      0.000000e+00      2.315111e-03   
     6.436958        1.115036e-03      0.000000e+00      0.000000e+00      1.115036e-03   
     6.721980        4.840999e-04      0.000000e+00      0.000000e+00      4.840999e-04   
     7.013143        1.836728e-04      0.000000e+00      0.000000e+00      1.836728e-04   
     7.309662        5.992233e-05      0.000000e+00      0.000000e+00      5.992233e-05   
     7.610739        2.070973e-05      0.000000e+00      0.000000e+00      2.070973e-05   
     7.915560        1.550451e-05      0.000000e+00      0.000000e+00      1.550451e-05   
     8.223305        1.970246e-05      0.000000e+00      0.000000e+00      1.970246e-05   
     8.533144        2.334274e-05      0.000000e+00      0.000000e+00      2.334274e-05   
     8.844241        2.380496e-05      0.000000e+00      0.000000e+00      2.380496e-05   
     9.155759        2.152287e-05      0.000000e+00      0.000000e+00      2.152287e-05   
     9.466856        1.775947e-05      0.000000e+00      0.000000e+00      1.775947e-05   
     9.776695        1.364541e-05      0.000000e+00      0.000000e+00      1.364541e-05   
    10.084440        9.897064e-06      0.000000e+00      0.000000e+00      9.897064e-06   
    10.389261        6.841111e-06      0.000000e+00      0.000000e+00      6.841111e-06   
    10.690338        4.537437e-06      0.000000e+00      0.000000e+00      4.537437e-06   
    10.986857        2.902139e-06      0.000000e+00      0.000000e+00      2.902139e-06   
    11.278020        1.796541e-06      0.000000e+00      0.000000e+00      1.796541e-06   
    11.563042        1.079189e-06      0.000000e+00      0.000000e+00      1.079189e-06   
    11.841155        6.301976e-07      0.000000e+00      0.000000e+00      6.301976e-07   
    12.111608        3.581674e-07      0.000000e+00      0.000000e+00      3.581674e-07   
    12.373673        1.982748e-07      0.000000e+00      0.000000e+00      1.982748e-07   
    12.626644        1.070271e-07      0.000000e+00      0.000000e+00      1.070271e-07   
    12.869837        5.649457e-08      0.000000e+00      0.000000e+00      5.649457e-08   
    13.102598        2.940466e-08      0.000000e+00      0.000000e+00      2.940466e-08   
    13.324299        1.541022e-08      0.000000e+00      0.000000e+00      1.541022e-08   
    13.534343        8.508354e-09      0.000000e+00      0.000000e+00      8.508354e-09   
    13.732162        5.310881e-09      0.000000e+00      0.000000e+00      5.310881e-09   
    13.917225        3.966741e-09      0.000000e+00      0.000000e+00      3.966741e-09   
    14.089032        3.495295e-09      0.000000e+00      0.000000e+00      3.495295e-09   
    14.247120        3.397921e-09      0.000000e+00      0.000000e+00      3.397921e-09   
    14.391062        3.436611e-09      0.000000e+00      0.000000e+00      3.436611e-09   
    14.520471        3.507099e-09      0.000000e+00      0.000000e+00      3.507099e-09   
    14.634998        3.570529e-09      0.000000e+00      0.000000e+00      3.570529e-09   
    14.734334        3.617857e-09      0.000000e+00      0.000000e+00      3.617857e-09   
    14.818211        3.649817e-09      0.000000e+00      0.000000e+00      3.649817e-09   
    14.886403        3.669136e-09      0.000000e+00      0.000000e+00      3.669136e-09   
    14.938727        3.679100e-09      0.000000e+00      0.000000e+00      3.679100e-09   
    14.975043        3.683604e-09      0.000000e+00      0.000000e+00      3.683604e-09   
    14.995261        3.686837e-09      0.000000e+00      0.000000e+00      3.686837e-09   