# q, q weight, n(q), n(q) error, I, \delta U + \delta U^\dagger, \delta U + \delta U^\dagger error, \delta U^2, \delta U^2 error
# 
7.898767725639244119e-04 2.026811968869310625e-03 1.532263415660413797e+00 2.712221324869147979e-03 1.897078612168848544e+00 -3.728209489992341252e-01 2.707839408044139355e-03 8.005752490799508334e-03 1.541111784333675980e-04
4.159474881161862037e-03 4.712729926954539739e-03 1.528970981293904075e+00 2.470132754227544886e-03 1.897244884170830703e+00 -3.759704439733468351e-01 2.467235246013237474e-03 7.696541096420358996e-03 1.196079610132867797e-04
1.021210477777823034e-02 7.389931163344385517e-03 1.532071883540673252e+00 2.571822488318276090e-03 1.898111588988165899e+00 -3.738897330114879791e-01 2.568938989325954270e-03 7.850027563995529839e-03 1.217513061143689270e-04
1.893279824740179418e-02 1.004755718228752918e-02 1.538021889708635515e+00 2.620086606193193935e-03 1.900638831855343991e+00 -3.701657058178238202e-01 2.617388785097369067e-03 7.548763671115298751e-03 1.188687158149171207e-04
3.029821123494724766e-02 1.267816647681593682e-02 1.540177838524929177e+00 2.801919136403997410e-03 1.906175320352010871e+00 -3.736197670154507433e-01 2.799373732041728416e-03 7.622285188369159158e-03 1.194050053460465893e-04
4.427774416000396229e-02 1.527461859678518226e-02 1.549345469709240364e+00 2.957155702934710813e-03 1.916392096084039043e+00 -3.746681754803939945e-01 2.954895543549834400e-03 7.621549105595349337e-03 1.155948878999941748e-04
6.083372388357677352e-02 1.782990101420809867e-02 1.561492429821285333e+00 3.145366631942560914e-03 1.933161808019024486e+00 -3.793178273196150530e-01 3.143216323294078032e-03 7.648449121875997882e-03 1.162858302431978155e-04
7.992152382237249775e-02 2.033712072945782420e-02 1.590230378452135662e+00 3.267450152700693972e-03 1.958364763896729199e+00 -3.758091561686323634e-01 3.265406201535864597e-03 7.674770724038671062e-03 1.155544865200157335e-04
1.014896891899540465e-01 2.278951694399788605e-02 1.626304796552437759e+00 3.382759456535288679e-03 1.993610490186603190e+00 -3.748927890848541833e-01 3.380714977661384082e-03 7.587095450688587442e-03 1.175915838608786504e-04
1.254800773531017377e-01 2.518047762152151453e-02 1.664971083248378836e+00 3.555780558327829854e-03 2.039879714131090260e+00 -3.825261042798732136e-01 3.553821780940307189e-03 7.617473397161651262e-03 1.180090178606500126e-04
1.518280152140702999e-01 2.750355674992476310e-02 1.725164517644710571e+00 3.707595621600765813e-03 2.097116629452447700e+00 -3.794958477856612555e-01 3.705857065290367198e-03 7.543735977924067443e-03 1.135284323446495439e-04
1.804624738378541871e-01 2.975249150078910013e-02 1.781935446115317845e+00 3.858156001043100240e-03 2.163831641771396974e+00 -3.893509357433200258e-01 3.856145296766754892e-03 7.454740087240892092e-03 1.245438822605185111e-04
2.113062600677358960e-01 3.192121901929623889e-02 1.853581906629195863e+00 4.032268496453426422e-03 2.236802621586420514e+00 -3.905184192842112711e-01 4.030563501149033757e-03 7.297704326986623018e-03 1.172479880254703418e-04
2.442762246934142567e-01 3.400389272494668685e-02 1.933144653751088793e+00 4.107374855936843545e-03 2.310976348066398067e+00 -3.850550095181236587e-01 4.105727707815947335e-03 7.223315202814193509e-03 1.163107753160072804e-04
2.792834866442696073e-01 3.599489805108465473e-02 1.988359881468312329e+00 4.334620437833421394e-03 2.379659287615079055e+00 -3.984522212441130029e-01 4.333181141449612625e-03 7.152815097346372150e-03 1.116939365795534440e-04
3.162336726186445457e-01 3.788886756924357557e-02 2.051914798209361734e+00 4.318681005330325152e-03 2.435041550707266023e+00 -3.901290777967881263e-01 4.317152719452162224e-03 7.002325298883720940e-03 1.148826476355415652e-04
3.550271715105228765e-01 3.968069545238093326e-02 2.081843272924311705e+00 4.267084237751728876e-03 2.469024508963145959e+00 -3.940938353495584412e-01 4.265713446210532035e-03 6.912599310724544359e-03 1.081512223135572135e-04
3.955594029514896137e-01 4.136555123558489921e-02 2.094229886938407503e+00 4.314097828637206838e-03 2.474239219179923399e+00 -3.867245712306485173e-01 4.312867922553301724e-03 6.715238989132618803e-03 1.030065903863903521e-04
4.377210992460554007e-01 4.293889283593563949e-02 2.078970735288354632e+00 4.115256708901846375e-03 2.445076521738732023e+00 -3.725573757840915379e-01 4.113948305788283667e-03 6.451589333713911301e-03 1.037647216705699061e-04
4.813985999414303052e-01 4.439647879578732109e-02 2.022787559824987369e+00 3.999985004402394420e-03 2.378525990343208996e+00 -3.617781728794179363e-01 3.998810811929600154e-03 6.039742361196440666e-03 9.691298075570764102e-05
5.264741582382929108e-01 4.573437971611472169e-02 1.938124454274479769e+00 3.707349256953361774e-03 2.274652144479234916e+00 -3.426567628964927170e-01 3.706120578643110237e-03 6.129072691737466085e-03 9.543987421774957495e-05
5.728262584169216964e-01 4.694898884891243046e-02 1.818094141618019188e+00 3.505864754476220244e-03 2.136615111711067438e+00 -3.245047460278686069e-01 3.504623849038717050e-03 5.983775934820322051e-03 9.327032447490432208e-05
6.203299434232020237e-01 4.803703181997142496e-02 1.679928915980457349e+00 3.211060362121327671e-03 1.970244711762720424e+00 -2.961693076841850902e-01 3.209901534476491524e-03 5.853511901922036666e-03 8.626000320088361348e-05
6.688571517315518022e-01 4.899557545575704276e-02 1.521627422731353096e+00 2.956836228127911539e-03 1.783270383362089317e+00 -2.674890589669441932e-01 2.955730899664440765e-03 5.846098336208147353e-03 8.084138011272916889e-05
7.182770625767382899e-01 4.982203569055035364e-02 1.356870632082131101e+00 2.636408810357424633e-03 1.584368825187955743e+00 -2.332235246978621723e-01 2.635122781827790601e-03 5.725331592037508598e-03 8.233674770366660616e-05
7.684564486239706671e-01 5.051418453250958174e-02 1.186333887702644807e+00 2.384275055790747826e-03 1.382205216095104605e+00 -2.015771444682004920e-01 2.382900777734044562e-03 5.705816075740700009e-03 8.094087434948931607e-05
8.192600351265746372e-01 5.107015606985579326e-02 1.019112401443356797e+00 2.043270689482525135e-03 1.184616604191260913e+00 -1.713296863349452193e-01 2.041796990256305577e-03 5.825483587041074829e-03 7.758969698797874438e-05
8.705508646030549746e-01 5.148845150098116386e-02 8.667589769799806110e-01 1.785289421019286074e-03 9.980326301331094996e-01 -1.371297254482399808e-01 1.783405057920332002e-03 5.856072295111147685e-03 8.200436688100801890e-05
9.221906660504634035e-01 5.176794317491041630e-02 7.174811056100834916e-01 1.506380401247602507e-03 8.271678308489367470e-01 -1.157664355491557912e-01 1.504231705728324708e-03 6.079710310302499296e-03 8.042940223912246108e-05
9.740402276987522034e-01 5.190787763122086534e-02 5.940027869909875191e-01 1.406794537744908121e-03 6.749670387986290709e-01 -8.724514204856784194e-02 1.404371983787775380e-03 6.280890240926232000e-03 8.252395155891522282e-05
1.025959772301247908e+00 5.190787763122086534e-02 4.799618688163050373e-01 1.109118952854760021e-03 5.427500108617677732e-01 -6.925873938147725228e-02 1.105971867136268470e-03 6.470597336014505090e-03 8.349299781871273964e-05
1.077809333949536486e+00 5.176794317491041630e-02 3.849701748433125847e-01 9.199264804624355174e-04 4.304856359041163705e-01 -5.231694617676727749e-02 9.159363027211132663e-04 6.801485115963503900e-03 8.558866054321022496e-05
1.129449135396944914e+00 5.148845150098116386e-02 3.075486534362474322e-01 7.613623510115429850e-04 3.371269547024096647e-01 -3.662456870227135536e-02 7.562681926675282433e-04 7.046267436109142010e-03 8.792639135785372843e-05
1.180739964873425363e+00 5.107015606985579326e-02 2.411390748338853585e-01 6.751073705107193132e-04 2.609502146440481063e-01 -2.711794660073090640e-02 6.693735254984799253e-04 7.306806790568163776e-03 8.780116787169447274e-05
1.231543551376029333e+00 5.051418453250958174e-02 1.907444132003359993e-01 5.452268358080388823e-04 1.998583377856761323e-01 -1.664942474506295178e-02 5.383209018657616595e-04 7.535500159722825775e-03 8.650380974083853069e-05
1.281722937423261710e+00 4.982203569055035364e-02 1.484309756431760330e-01 4.435414518303983328e-04 1.516266736052991893e-01 -1.116947576616171556e-02 4.334407665020175620e-04 7.973777804038564496e-03 9.411759360481491347e-05
1.331142848268448198e+00 4.899557545575704276e-02 1.159351063515193792e-01 3.680310155013847900e-04 1.140836327476454359e-01 -6.272449646367183121e-03 3.559549486164121615e-04 8.123923250241121136e-03 9.350349152019887984e-05
1.379670056576797865e+00 4.803703181997142496e-02 9.036820248383543863e-02 3.090167560055863231e-04 8.522934587529101824e-02 -3.360814939321518299e-03 2.947994401653291469e-04 8.499671547865930016e-03 9.265336243453122129e-05
1.427173741583078304e+00 4.694898884891243046e-02 7.081062284554502650e-02 2.569147184444123201e-04 6.330175237410357036e-02 -1.032957580447358510e-03 2.393201120536936138e-04 8.541828051888810530e-03 9.344012264535616458e-05
1.473525841761706978e+00 4.573437971611472169e-02 5.583329393835727295e-02 2.177688496097263148e-04 4.680217824130174231e-02 1.395183178502343475e-04 1.971429202111872831e-04 8.891597379205296720e-03 9.250913939146255649e-05
1.518601400058569695e+00 4.439647879578732109e-02 4.422019569657782700e-02 1.956007294614636564e-04 3.449252740627062330e-02 7.661070797180334190e-04 1.733008859192263634e-04 8.961561210589172669e-03 9.069977015113091831e-05
1.562278900753944599e+00 4.293889283593563949e-02 3.577413602396285752e-02 1.591795607765604840e-04 2.537471102201875606e-02 1.379667984718301477e-03 1.315676425481997560e-04 9.019757017225798687e-03 8.959959823195553044e-05
1.604440597048510497e+00 4.136555123558489921e-02 2.927290014280035241e-02 1.471450830025515836e-04 1.866072285700827449e-02 1.482638278054845523e-03 1.134598943714716841e-04 9.129539007737231746e-03 9.369379819946614403e-05
1.644972828489477124e+00 3.968069545238093326e-02 2.436837795436642973e-02 1.270066052096332327e-04 1.373943665645582790e-02 1.617628859326142657e-03 9.058383505309773826e-05 9.011312438584457435e-03 8.902385407265185299e-05
1.683766327381355454e+00 3.788886756924357557e-02 2.044029658604932381e-02 1.148392821032913049e-04 1.014411401386444700e-02 1.482285476346959993e-03 7.457384790930909587e-05 8.813897095837918555e-03 8.733156314871821761e-05
1.720716513355730282e+00 3.599489805108465473e-02 1.773701062423673272e-02 1.067499067625653740e-04 7.522936853632089527e-03 1.316563809286052864e-03 6.094056748714362384e-05 8.897509961318590330e-03 8.764582036903582440e-05
1.755723775306585743e+00 3.400389272494668685e-02 1.536616145768444561e-02 1.000586860004125454e-04 5.613651857919765495e-03 1.024366146413426383e-03 5.101288865585943517e-05 8.728143453351254813e-03 8.607802178903765401e-05
1.788693739932264215e+00 3.192121901929623889e-02 1.410900082671346679e-02 9.735437588723375006e-05 4.222591719950249088e-03 9.717745358095954871e-04 4.309515286304066618e-05 8.914634570953622328e-03 8.729651942720258358e-05
1.819537526162145813e+00 2.975249150078910013e-02 1.284707250428298794e-02 9.145687792234051094e-05 3.207840961676663646e-03 8.501000057892149284e-04 3.576746793673980356e-05 8.789131536817108500e-03 8.417273166944378858e-05
1.848171984785929700e+00 2.750355674992476310e-02 1.189445921807937880e-02 9.014807709045671738e-05 2.466055857045338327e-03 7.083831124512455103e-04 3.064299611118699980e-05 8.720020248582795175e-03 8.478020165366857426e-05
1.874519922646898262e+00 2.518047762152151453e-02 1.099081869004966613e-02 8.626393955323653296e-05 1.922351042737793000e-03 5.906709362582106704e-04 2.665717368849035730e-05 8.477796711053661380e-03 8.204183297675706496e-05
1.898510310810046064e+00 2.278951694399788605e-02 1.028311880514472428e-02 8.483820325317382993e-05 1.522667558910245460e-03 5.238153878372050175e-04 2.434310249275204843e-05 8.236635858397274232e-03 8.127074561153112069e-05
1.920078476177627502e+00 2.033712072945782420e-02 1.003783690899776732e-02 8.332354513119506886e-05 1.228092997287084584e-03 4.366603944963452148e-04 2.029423396161197143e-05 8.373083517214337246e-03 8.081433809134154652e-05
1.939166276116423226e+00 1.782990101420809867e-02 9.644441685967401062e-03 8.287561302580447118e-05 1.010683653089073340e-03 3.999847717330635597e-04 1.768541783299071811e-05 8.233773261145263186e-03 8.096661800072562352e-05
1.955722255839996038e+00 1.527461859678518226e-02 9.358626930422067614e-03 8.112574664336339467e-05 8.504222958390175464e-04 3.697674780884521403e-04 1.605341510408357341e-05 8.138437156494598632e-03 7.952153564877358647e-05
1.969701788765052752e+00 1.267816647681593682e-02 9.099285125159282603e-03 8.085085672399110667e-05 7.330230478199471853e-04 3.423605341798377283e-04 1.497429450287545821e-05 8.023901543159498231e-03 7.945207069135764525e-05
1.981067201752598095e+00 1.004755718228752918e-02 9.026899160339694334e-03 7.848826615246178918e-05 6.483621670128738917e-04 3.078790487305691111e-04 1.381013769596136818e-05 8.070657944596252090e-03 7.726375618903254282e-05
1.989787895222221881e+00 7.389931163344385517e-03 8.649267315882485513e-03 7.868320491854126103e-05 5.893689886133160472e-04 2.419098577187173171e-04 1.287987342219291987e-05 7.817988469550452013e-03 7.762187576245143002e-05
1.995840525118838027e+00 4.712729926954539739e-03 8.791384610074054820e-03 7.786932101516557683e-05 5.512553127288305228e-04 2.373185656318303348e-04 1.200427309718347382e-05 8.002810731713393827e-03 7.693847270885446909e-05
1.999210123227435965e+00 2.026811968869310625e-03 8.541002595645694889e-03 7.734365719576157764e-05 5.309916220613733039e-04 2.362272638006448621e-04 1.162575454674143145e-05 7.773783709783676533e-03 7.646491443553966448e-05
2.003159507090255698e+00 8.107247875477242502e-03 8.685583817867844822e-03 7.686960186252852340e-05 5.080781778179821505e-04 2.501546494999748980e-04 1.167388365733643096e-05 7.927350990549888315e-03 7.597799767602869962e-05
2.016637899524647448e+00 1.885091970781815895e-02 8.392012963658703958e-03 7.527856770534306912e-05 4.362906727050873119e-04 2.075869059345267242e-04 1.012431625835391503e-05 7.748135385019089272e-03 7.459464441948061169e-05
2.040848419111112921e+00 2.955972465337754207e-02 8.098958338683405825e-03 7.363630739135661554e-05 3.294561252445319744e-04 1.573874094727714884e-04 8.518656952460978177e-06 7.612114803966102579e-03 7.314190488332012613e-05
2.075731192989607177e+00 4.019022872915011674e-02 7.859112426920595793e-03 7.309799471908038813e-05 2.159565703169635266e-04 1.241162535865318074e-04 6.467512690865963703e-06 7.519039603017100594e-03 7.281131856754272493e-05
2.121192844939788991e+00 5.071266590726374729e-02 7.310421100194679916e-03 6.883280702857370967e-05 1.202678226918827906e-04 8.319925268885081506e-05 4.906109360724691311e-06 7.106954024813946433e-03 6.865774111033274695e-05
2.177110976640015849e+00 6.109847438714072904e-02 6.833315044924443034e-03 6.569050702952825612e-05 5.511322988157524777e-05 3.676974869846924262e-05 3.125783908587634047e-06 6.741432066344398184e-03 6.561609702468834931e-05
2.243334895534307094e+00 7.131960405683239468e-02 6.333551148109893038e-03 6.020147402992449332e-05 2.020090051979322505e-05 1.622883973473089952e-05 1.695060634677770786e-06 6.297121407855368544e-03 6.017760584154573057e-05
2.319686095289489991e+00 8.134848291783129681e-02 5.866139242489983203e-03 5.511960517700959135e-05 6.726382778044435013e-06 4.598645097738462709e-06 7.723278455601921210e-07 5.854814214614200395e-03 5.511419403899865579e-05
2.405958756759816186e+00 9.115806777599154420e-02 5.178800615834725993e-03 5.035703606052018320e-05 3.970764678564755132e-06 1.958068305674004924e-06 6.659814609569088310e-07 5.172871782850487453e-03 5.035263200165599400e-05
2.501920309412406951e+00 1.007219104860860581e-01 4.744526625740536421e-03 4.570204342120284189e-05 4.157389739067218357e-06 1.450685297880435336e-06 4.560513889351219020e-07 4.738918550703588584e-03 4.569976794256356141e-05
2.607312060856281200e+00 1.100142269996990524e-01 4.174105501084250484e-03 3.841709464677896837e-05 3.852536517329233419e-06 1.300097626907660091e-06 4.200795908764750534e-07 4.168952866940013775e-03 3.841479785495301229e-05
2.721849895351416748e+00 1.190099660031564005e-01 3.665890599425251396e-03 3.393324894199177159e-05 2.699179748720621902e-06 1.271024853866300866e-06 2.646081973953678311e-07 3.661920394822664512e-03 3.393221723172620504e-05
2.845225040270943584e+00 1.276848760771849556e-01 3.128931542422714977e-03 2.866464111891676349e-05 1.423422963213345125e-06 9.559693113646826159e-07 1.451148732539018866e-07 3.126552150148136869e-03 2.866427379421732807e-05
2.977104898773657027e+00 1.360155708997867474e-01 2.780541658933207132e-03 2.396146093678584054e-05 5.571308550277411143e-07 2.377674311608750777e-07 6.198748346563567950e-08 2.779746760647018502e-03 2.396138075689728053e-05
3.117133946577078429e+00 1.439795922043386189e-01 2.365915102872457199e-03 2.037578129113427401e-05 1.549666496588966176e-07 -8.627740925014558495e-08 2.200566431357823842e-08 2.365846413632048326e-03 2.037576940816899980e-05
3.264934690474578183e+00 1.515554702769743023e-01 2.041221752379932409e-03 1.705903905966042733e-05 3.103325088945417470e-08 -4.105163362439319720e-08 6.087941865685737592e-09 2.041231770762667354e-03 1.705903797334374551e-05
3.420108686042091506e+00 1.587227818095237331e-01 1.740085204867666824e-03 1.415555806833573716e-05 9.725592596734068965e-09 2.643245474828181013e-08 2.535398749450676972e-09 1.740049046820321731e-03 1.415555784127839125e-05
3.582237611805958455e+00 1.654622049423395969e-01 1.453355104303364264e-03 1.133767501961788767e-05 7.633803191658886925e-09 4.691369756383811403e-08 1.146230658291419489e-09 1.453300556802608829e-03 1.133767496167634650e-05
3.750884396984221603e+00 1.717555713437425580e-01 1.223886050150381662e-03 9.510755426748104948e-06 4.862861336636029402e-09 3.352603568140610980e-08 5.404662080122925025e-10 1.223847661253363609e-03 9.510755411391611067e-06
3.925594399765721221e+00 1.775859151831492844e-01 1.010853525359059349e-03 7.717411668630542741e-06 2.012915379820990473e-09 1.349941791751178399e-08 1.920077202994750992e-10 1.010838013025762124e-03 7.717411666241986062e-06
4.105896632953172087e+00 1.829375188644588868e-01 8.091629420723776703e-04 6.289682004192979140e-06 5.325319641765467525e-10 3.701153459820105475e-09 4.309938878912541303e-11 8.091587083869536227e-04 6.289682004045312498e-06
4.291305033667686786e+00 1.877959553956497218e-01 6.287541852391961925e-04 4.783461673208720155e-06 7.820490696565745875e-11 5.843139574217757232e-10 7.084325969526171136e-12 6.287535227203317704e-04 4.783461673203474480e-06
4.481319773692808539e+00 1.921481272798856998e-01 4.896382086022513886e-04 3.890367561529541720e-06 2.505899676336042364e-12 2.918125161118319915e-11 4.671288142044527777e-13 4.896381769151001134e-04 3.890367561529513768e-06
4.675428606926207209e+00 1.959823018230281710e-01 3.537419237622991034e-04 2.703337294164511153e-06 1.923078153483367887e-12 -2.167066623087264028e-12 1.896782711658587703e-13 3.537419240062875808e-04 2.703337294164504800e-06
4.873108250306953160e+00 1.992881427622014145e-01 2.477281451033801684e-04 1.845622956922076898e-06 4.851584383779592345e-12 3.757989957924956326e-12 9.844893712648176240e-14 2.477281364938058519e-04 1.845622956922074357e-06
5.073825794495882668e+00 2.020567381300383270e-01 1.684773288402116728e-04 1.255488050294133615e-06 4.937608890141073155e-12 2.226251924515342066e-12 6.534522929825350410e-14 1.684773216763508596e-04 1.255488050294131921e-06
5.277040140506298549e+00 2.042806242794231730e-01 1.087952032879813287e-04 7.992671949147001017e-07 3.757843226206160917e-12 4.826496404278771275e-13 2.956913953401370139e-14 1.087951990474884571e-04 7.992671949146995723e-07
5.482203458412220343e+00 2.059538060039246554e-01 6.593052694183088199e-05 4.812238786389776763e-07 2.469123874787962771e-12 6.925430109581602715e-14 1.356837368666315797e-14 6.593052440345271005e-05 4.812238786389774645e-07
5.688762664201853170e+00 2.070717726996416652e-01 3.862170629415974285e-05 2.781745112845039814e-07 1.548563634461324652e-12 2.801740690013476899e-14 4.920920265124107000e-15 3.862170471757870048e-05 2.781745112845039284e-07
5.896160910795009258e+00 2.076315105248834614e-01 2.059672263333205293e-05 1.451205602663086790e-07 1.009168284777880932e-12 2.874988495552272761e-14 1.819288957973995571e-15 2.059672159541388166e-05 1.451205602663086790e-07
6.103839089204991630e+00 2.076315105248834614e-01 1.014150185336408871e-05 7.145928626997353744e-08 7.011255675742458903e-13 2.102128742080054248e-14 6.770353050396656125e-16 1.014150113121723366e-05 7.145928626997353744e-08
6.311237335798145942e+00 2.070717726996416652e-01 4.710042428925286054e-06 3.114728811946270792e-08 4.960818096844603406e-13 7.984559093145604047e-15 2.579729053850839780e-16 4.710041924858917501e-06 3.114728811946270792e-08
6.517796541587779657e+00 2.059538060039246554e-01 2.129490293989038388e-06 1.407885310835359215e-08 3.383494545037689238e-13 1.311713845992793743e-15 1.035335939098752195e-16 2.129489954327870239e-06 1.407885310835359215e-08
6.722959859493701451e+00 2.042806242794231730e-01 1.055740178979793463e-06 7.776481086584601969e-09 2.233286299196060117e-13 -1.865648732868187698e-16 3.747910648980978475e-17 1.055739955837728394e-06 7.776481086584601969e-09
6.926174205504117332e+00 2.020567381300383270e-01 7.391473841825292320e-07 6.217018959181743448e-09 1.529810028447403325e-13 -1.104470527003297362e-16 1.533765433920353841e-17 7.391472313119734167e-07 6.217018959181743448e-09
7.126891749693046840e+00 1.992881427622014145e-01 7.380493741862960297e-07 6.183370032602429165e-09 1.147161330513492895e-13 -7.083088860961984771e-18 7.085581846977591870e-18 7.380492594772460301e-07 6.183370032602429165e-09
7.324571393073792791e+00 1.959823018230281710e-01 8.001826193833058412e-07 6.145872876527555762e-09 9.089468660631794288e-14 1.138533712654068115e-17 4.462494870081071634e-18 8.001825284772339476e-07 6.145872876527555762e-09
7.518680226307191461e+00 1.921481272798856998e-01 8.679345951617216805e-07 6.729803358655998326e-09 7.202600017840819946e-14 4.756980165306499041e-18 3.040928495721111450e-18 8.679345231309644884e-07 6.729803358655998326e-09
7.708694966332313214e+00 1.877959553956497218e-01 8.821747408565360809e-07 6.747947359540932828e-09 5.690452465578430712e-14 1.185496467025384652e-17 2.247896743331117282e-18 8.821746839401564490e-07 6.747947359540932828e-09
7.894103367046827913e+00 1.829375188644588868e-01 8.283041135223842401e-07 6.170204644110672445e-09 4.598140862213490896e-14 1.048147870055608897e-17 1.831367848323027427e-18 8.283040675304940961e-07 6.170204644110672445e-09
8.074405600234278779e+00 1.775859151831492844e-01 7.670184672681545306e-07 5.646474134945364470e-09 3.804999327898532356e-14 1.040508273225525548e-17 1.435507330459455987e-18 7.670184292077561790e-07 5.646474134945364470e-09
8.249115603015777509e+00 1.717555713437425580e-01 6.692740680789430967e-07 5.010628101788294907e-09 3.134004904168835116e-14 8.389886311856600130e-18 1.076958487219506903e-18 6.692740367305041230e-07 5.010628101788294907e-09
8.417762388194041989e+00 1.654622049423395969e-01 5.882461590587639495e-07 4.417969525081812350e-09 2.511533271884059744e-14 6.195334750779967020e-18 8.337078718258471723e-19 5.882461339372359125e-07 4.417969525081812350e-09
8.579891313957908494e+00 1.587227818095237331e-01 4.955658181196109587e-07 3.680827940418772097e-09 1.968005107445720905e-14 3.490946196313802812e-18 6.097643058056178464e-19 4.955657984360689597e-07 3.680827940418772097e-09
8.735065309525420929e+00 1.515554702769743023e-01 4.160455589758640149e-07 3.039681331222197325e-09 1.549904384849116192e-14 1.911335372487157019e-18 4.524145626072790294e-19 4.160455434749088231e-07 3.039681331222197325e-09
8.882866053422921127e+00 1.439795922043386189e-01 3.516845655870041814e-07 2.543446561642165605e-09 1.262618061065923241e-14 4.305495072958560564e-19 3.441361774159305424e-19 3.516845529603930392e-07 2.543446561642165605e-09
9.022895101226342973e+00 1.360155708997867474e-01 2.978611298166422133e-07 2.143399770194488640e-09 1.073867347809633268e-14 -2.387509920707048339e-19 2.592955462012516596e-19 2.978611190782074828e-07 2.143399770194488640e-09
9.154774959729056860e+00 1.276848760771849556e-01 2.464922200713903044e-07 1.819178005888098560e-09 9.428358270617448873e-15 -3.442739297371675413e-19 2.103852531094625309e-19 2.464922106433763179e-07 1.819178005888098560e-09
9.278150104648583252e+00 1.190099660031564005e-01 2.050028257540764810e-07 1.500402782326309491e-09 8.407134675194168397e-15 -8.064349147198885132e-20 1.673494481935848017e-19 2.050028173470224607e-07 1.500402782326309491e-09
9.392687939143719689e+00 1.100142269996990524e-01 1.745860363607428592e-07 1.273181036027032516e-09 7.542465755678408194e-15 7.461905541385442682e-20 1.440726211188327980e-19 1.745860288182024816e-07 1.273181036027032516e-09
9.498079690587593049e+00 1.007219104860860581e-01 1.508076202191756324e-07 1.099034425033567033e-09 6.799480578569109356e-15 -1.800493894441740044e-21 1.189205535523015116e-19 1.508076134196968665e-07 1.099034425033567033e-09
9.594041243240184258e+00 9.115806777599154420e-02 1.272494587307119480e-07 9.323925164891824162e-10 6.176509221508460610e-15 -7.081834758129478825e-20 1.036107043533228576e-19 1.272494525542735340e-07 9.323925164891824162e-10
9.680313904710509121e+00 8.134848291783129681e-02 1.116721840488086603e-07 8.095190615544093341e-10 5.670430363677424262e-15 8.422071054879235482e-20 9.144129544715450547e-20 1.116721783782940789e-07 8.095190615544093341e-10
9.756665104465692906e+00 7.131960405683239468e-02 9.757305418963068588e-08 7.070060949515463424e-10 5.268872541345232175e-15 2.044274399145902623e-19 8.129539197327435497e-20 9.757304892055371138e-08 7.070060949515463424e-10
9.822889023359984151e+00 6.109847438714072904e-02 8.808031121371686331e-08 6.227625194346535721e-10 4.954533297126209565e-15 2.202424968226094880e-19 7.281565437519275622e-20 8.808030625896332028e-08 6.227625194346535721e-10
9.878807155060211898e+00 5.071266590726374729e-02 8.028851973083528740e-08 5.943513053119789666e-10 4.710859016751323642e-15 1.671838311609078781e-19 6.647591135103357345e-20 8.028851501980908249e-08 5.943513053119789666e-10
9.924268807010392379e+00 4.019022872915011674e-02 7.389672636482705814e-08 5.366821642457894137e-10 4.525086367888116999e-15 1.860869773009689055e-19 6.531395355509363398e-20 7.389672183955460946e-08 5.366821642457894137e-10
9.959151580888887523e+00 2.955972465337754207e-02 6.938227594985394302e-08 5.012979846059991241e-10 4.388716056463604373e-15 2.842609578426224270e-19 5.839816626537620911e-20 6.938227156085362397e-08 5.012979846059991241e-10
9.983362100475352108e+00 1.885091970781815895e-02 6.640356452400901526e-08 4.723479555568326735e-10 4.296683177839808201e-15 1.866783492070093879e-19 5.588776881973345073e-20 6.640356022713915963e-08 4.723479555568326735e-10
9.996840492909743858e+00 8.107247875477242502e-03 6.463452721877763939e-08 4.604927123622457510e-10 4.246245894111024632e-15 1.624369389055556359e-19 5.357432912271922071e-20 6.463452297236930837e-08 4.604927123622457510e-10
