# q, q weight, n(q), n(q) error, I, \delta U + \delta U^\dagger, \delta U + \delta U^\dagger error, \delta U^2, \delta U^2 error
# 
7.898767725639244119e-04 2.026811968869310625e-03 2.178861996811919610e+00 2.581767790842293565e-03 2.545293417550479109e+00 -3.721452590713728581e-01 2.579672596867975919e-03 5.713838332813392026e-03 1.039914361816948626e-04
4.159474881161862037e-03 4.712729926954539739e-03 2.178766761109826255e+00 2.280510223706788252e-03 2.545464793031134931e+00 -3.723815803231315669e-01 2.279164429917373592e-03 5.683548401822881464e-03 7.833506131100805676e-05
1.021210477777823034e-02 7.389931163344385517e-03 2.181141191608321428e+00 2.403985959609450905e-03 2.546358055370061546e+00 -3.707920525908591225e-01 2.402779300482307725e-03 5.575188829118811820e-03 7.615856598653355841e-05
1.893279824740179418e-02 1.004755718228752918e-02 2.185846058992065633e+00 2.553416310085080635e-03 2.548962307611775113e+00 -3.687147600173953932e-01 2.552175678113599838e-03 5.598511397685799681e-03 7.958744030245426841e-05
3.029821123494724766e-02 1.267816647681593682e-02 2.189834286889718484e+00 2.689613630858576736e-03 2.554665239975598467e+00 -3.706068813360067771e-01 2.688404985607727952e-03 5.775928250126647311e-03 8.062330097290754322e-05
4.427774416000396229e-02 1.527461859678518226e-02 2.193333657510541990e+00 2.767814522851124327e-03 2.565180835511728930e+00 -3.776339005433517193e-01 2.766676498261386175e-03 5.786722542164946838e-03 7.936237694090928895e-05
6.083372388357677352e-02 1.782990101420809867e-02 2.211975781579897937e+00 2.902279188169926485e-03 2.582416714791355705e+00 -3.760753265050255090e-01 2.901066380190503533e-03 5.634393293567694153e-03 8.389483781888220336e-05
7.992152382237249775e-02 2.033712072945782420e-02 2.239054564921591162e+00 3.034341958013153477e-03 2.608259841384615196e+00 -3.748994739346127592e-01 3.033289617548238452e-03 5.694197471588914421e-03 7.990753552174274690e-05
1.014896891899540465e-01 2.278951694399788605e-02 2.273769573620854079e+00 3.286551014200814972e-03 2.644267213047127196e+00 -3.761443597252433491e-01 3.285640473079127783e-03 5.646720298970211473e-03 7.735793824018152246e-05
1.254800773531017377e-01 2.518047762152151453e-02 2.319031303289051049e+00 3.332305611124460748e-03 2.691265598240696111e+00 -3.776757437143118401e-01 3.331401729335339845e-03 5.441448762666893819e-03 7.760930171747588188e-05
1.518280152140702999e-01 2.750355674992476310e-02 2.377894806773636294e+00 3.406734572218646836e-03 2.748891748489820319e+00 -3.763339885401946749e-01 3.405845141024756335e-03 5.337046824010629499e-03 7.784163993535740634e-05
1.804624738378541871e-01 2.975249150078910013e-02 2.441626900878095530e+00 3.604395418984742555e-03 2.815138739474456031e+00 -3.788174809102248797e-01 3.603577571586452383e-03 5.305642313864391245e-03 7.677904634263540875e-05
2.113062600677358960e-01 3.192121901929623889e-02 2.510890813474153216e+00 3.676477808883667556e-03 2.886007274108223442e+00 -3.802794454213888620e-01 3.675682406736279200e-03 5.162984787318706560e-03 7.647172041640965348e-05
2.442762246934142567e-01 3.400389272494668685e-02 2.575145740556898488e+00 3.792275803306213115e-03 2.955380470000777748e+00 -3.854738511430697567e-01 3.791452907937907426e-03 5.239121699190653521e-03 7.899756471543899162e-05
2.792834866442696073e-01 3.599489805108465473e-02 2.633945218399879273e+00 4.051318431233434311e-03 3.015232777708370282e+00 -3.863442968666011557e-01 4.050621807666470071e-03 5.056737558110307486e-03 7.512657657950734969e-05
3.162336726186445457e-01 3.788886756924357557e-02 2.676496557832228174e+00 3.838699698034340937e-03 3.056238278314400869e+00 -3.846876155081499493e-01 3.837959677203594579e-03 4.945895025976879134e-03 7.537166475686955303e-05
3.550271715105228765e-01 3.968069545238093326e-02 2.703526403655633903e+00 3.858850459691967258e-03 3.068761694813090024e+00 -3.700045704773998745e-01 3.858164847755861035e-03 4.769279319943493974e-03 7.273842042485414473e-05
3.955594029514896137e-01 4.136555123558489921e-02 2.681424581337809698e+00 3.737132336215785028e-03 3.044113397704399482e+00 -3.673874759294958880e-01 3.736479583674503710e-03 4.698659562905739377e-03 6.984568113533328219e-05
4.377210992460554007e-01 4.293889283593563949e-02 2.621475288079672783e+00 3.632271839172335638e-03 2.975857390510594502e+00 -3.588919638386924849e-01 3.631648043217658960e-03 4.509861407770971928e-03 6.731421720358588662e-05
4.813985999414303052e-01 4.439647879578732109e-02 2.525333781286037915e+00 3.539735676133704163e-03 2.860912631010580576e+00 -3.397899779642593598e-01 3.539205393928776880e-03 4.211128239716870232e-03 6.126856028324634924e-05
5.264741582382929108e-01 4.573437971611472169e-02 2.388732791005915956e+00 3.268276917305070525e-03 2.700206826084899703e+00 -3.157031544943721957e-01 3.267714588267014650e-03 4.229119415388149159e-03 6.062489435924196677e-05
5.728262584169216964e-01 4.694898884891243046e-02 2.215913174160677901e+00 2.902290153876957695e-03 2.498729604200791155e+00 -2.869367586289890970e-01 2.901656977082056176e-03 4.120328588875930148e-03 6.062115672070707815e-05
6.203299434232020237e-01 4.803703181997142496e-02 2.009907140951197047e+00 2.743427110235739045e-03 2.264965102346317760e+00 -2.590959167443745992e-01 2.742863080487408303e-03 4.037955349253944531e-03 5.562760893246375963e-05
6.688571517315518022e-01 4.899557545575704276e-02 1.786508239908991769e+00 2.353151564659420290e-03 2.009822115664757103e+00 -2.272453341119004544e-01 2.352527570598501698e-03 3.931458356135064669e-03 5.418778306029608437e-05
7.182770625767382899e-01 4.982203569055035364e-02 1.555418951341360545e+00 2.107101229968585086e-03 1.745281853387784521e+00 -1.940224408222087915e-01 2.106344388516940853e-03 4.159538775784800933e-03 5.647043738380770644e-05
7.684564486239706671e-01 5.051418453250958174e-02 1.322864772298158575e+00 1.831739575252316465e-03 1.483022606034847701e+00 -1.642109851838556567e-01 1.831016735326615767e-03 4.053151447166403361e-03 5.145470337489515823e-05
8.192600351265746372e-01 5.107015606985579326e-02 1.105798470342551187e+00 1.599284721012753053e-03 1.233253651648082094e+00 -1.317142535480547438e-01 1.598216076385104364e-03 4.259072242523798818e-03 5.845504297356717764e-05
8.705508646030549746e-01 5.148845150098116386e-02 9.040273199263035853e-01 1.347102351905548299e-03 1.003914666653526577e+00 -1.043465567724630866e-01 1.345879003020674551e-03 4.459210045240087628e-03 5.739734956890265970e-05
9.221906660504634035e-01 5.176794317491041630e-02 7.230112948286395724e-01 1.179819689295660834e-03 8.003001790911749014e-01 -8.187274618183476571e-02 1.178317344690033366e-03 4.583861919299463648e-03 5.952087408916921513e-05
9.740402276987522034e-01 5.190787763122086534e-02 5.693231131097035158e-01 9.172255513096497616e-04 6.250793946185578820e-01 -6.074400635899528805e-02 9.151522560246760918e-04 4.987724850140903658e-03 6.163651732728423209e-05
1.025959772301247908e+00 5.190787763122086534e-02 4.407608601547592930e-01 7.212649790972831734e-04 4.786194137651478830e-01 -4.299882865607307370e-02 7.185774190828293946e-04 5.140275045684507098e-03 6.220661425012676254e-05
1.077809333949536486e+00 5.176794317491041630e-02 3.356716291997278168e-01 5.735450713489295433e-04 3.594916866039969960e-01 -2.942471238441737511e-02 5.698122117304127692e-04 5.604654980148155059e-03 6.532987242865180685e-05
1.129449135396944914e+00 5.148845150098116386e-02 2.527648494866729934e-01 4.800899393438525431e-04 2.650441335690415512e-01 -1.817669492614908816e-02 4.750957773854444597e-04 5.897410843780530321e-03 6.906773609800920103e-05
1.180739964873425363e+00 5.107015606985579326e-02 1.864413416221710196e-01 3.868693136269707737e-04 1.919449252150731144e-01 -1.171250638621902825e-02 3.811815779735427457e-04 6.208922793316950725e-03 6.609440551062842068e-05
1.231543551376029333e+00 5.051418453250958174e-02 1.373063047882610854e-01 3.134177337790452003e-04 1.366369618987396117e-01 -5.963804422975349691e-03 3.051725963713116394e-04 6.633147312496818181e-03 7.141682064601420567e-05
1.281722937423261710e+00 4.982203569055035364e-02 9.962784158737172935e-02 2.427878198774665957e-04 9.567489890427736954e-02 -2.848924708782280338e-03 2.324655172657055877e-04 6.801867391876652291e-03 7.004076501039308705e-05
1.331142848268448198e+00 4.899557545575704276e-02 7.247682415646160281e-02 2.028594868090323521e-04 6.594289287781079922e-02 -6.429176615559369957e-04 1.889637640045800865e-04 7.176848940206741016e-03 7.378798873560206265e-05
1.379670056576797865e+00 4.803703181997142496e-02 5.269350819256814200e-02 1.591620165278494474e-04 4.476852525140375544e-02 5.742042817188849077e-04 1.398946422731092893e-04 7.350778659445503065e-03 7.590807973127895790e-05
1.427173741583078304e+00 4.694898884891243046e-02 3.870523816121923533e-02 1.344955262069154355e-04 2.995684030809952353e-02 1.155213122093466183e-03 1.104908234299431351e-04 7.593184731026242362e-03 7.668653406855866861e-05
1.473525841761706978e+00 4.573437971611472169e-02 2.891611229220348786e-02 1.128474927134522987e-04 1.977001957617779276e-02 1.352374689130506503e-03 8.413524127847005630e-05 7.793718026895188160e-03 7.520517127649069375e-05
1.518601400058569695e+00 4.439647879578732109e-02 2.220377555256563412e-02 1.014559363116970629e-04 1.287536598250617337e-02 1.381191608243472011e-03 6.897851440655951977e-05 7.947217961815990911e-03 7.439940566393788346e-05
1.562278900753944599e+00 4.293889283593563949e-02 1.745382348841624867e-02 9.330255569274260299e-05 8.279269680365426015e-03 1.173665533289229134e-03 5.054506764031500507e-05 8.000888274761593089e-03 7.842552541126719635e-05
1.604440597048510497e+00 4.136555123558489921e-02 1.422246328711638391e-02 8.568700877016140378e-05 5.259381325392569265e-03 1.015721943909263280e-03 3.899267373939716691e-05 7.947360017814550717e-03 7.630094931670669024e-05
1.644972828489477124e+00 3.968069545238093326e-02 1.208441433029045289e-02 8.263606013781952847e-05 3.302376948756601156e-03 8.333790736896148259e-04 2.905803305821526891e-05 7.948658307844237020e-03 7.735857515420636627e-05
1.683766327381355454e+00 3.788886756924357557e-02 1.054034837710916654e-02 7.849811030972346591e-05 2.050942840802092923e-03 5.854216201809372359e-04 2.161056080447607396e-05 7.903983916126136600e-03 7.546480626035923834e-05
1.720716513355730282e+00 3.599489805108465473e-02 9.629354469946650730e-03 7.942486029950397534e-05 1.261020201935727537e-03 4.828959478251032924e-04 1.732355014365311293e-05 7.885438320185820388e-03 7.751259925983683429e-05
1.755723775306585743e+00 3.400389272494668685e-02 8.892027585125904590e-03 7.727699702203440072e-05 7.687791436621843957e-04 3.402384795961846831e-04 1.236533032746177230e-05 7.783009961867535728e-03 7.628127473132752820e-05
1.788693739932264215e+00 3.192121901929623889e-02 8.371671825700560676e-03 7.185716671932275478e-05 4.659964309936936305e-04 2.426317848103333810e-04 9.864981590075386694e-06 7.663043609896533041e-03 7.117678376518581996e-05
1.819537526162145813e+00 2.975249150078910013e-02 8.040546729877204660e-03 7.758905173808387464e-05 2.822408357629812908e-04 1.629199387459413903e-04 7.602037419786829781e-06 7.595385955368281518e-03 7.721573658706635049e-05
1.848171984785929700e+00 2.750355674992476310e-02 7.511514758188085616e-03 6.943686414396815115e-05 1.723131865279520756e-04 1.152393839385390550e-04 5.799427985811890491e-06 7.223962187721594784e-03 6.919425364280817469e-05
1.874519922646898262e+00 2.518047762152151453e-02 7.375297882323030886e-03 6.773237568285443537e-05 1.075895516388588355e-04 6.852894472822470520e-05 4.354920908492568764e-06 7.199179385955947752e-03 6.759222869179640214e-05
1.898510310810046064e+00 2.278951694399788605e-02 7.259378552496138608e-03 7.021562648482933657e-05 7.017311848076211451e-05 5.621837197667126968e-05 3.498730839880239831e-06 7.132987062038705257e-03 7.012840426793652668e-05
1.920078476177627502e+00 2.033712072945782420e-02 6.988705849162394484e-03 6.530776962344149103e-05 4.901368205636336676e-05 3.644439473914385676e-05 2.744872060449030425e-06 6.903247772366886970e-03 6.525006092380507727e-05
1.939166276116423226e+00 1.782990101420809867e-02 6.986762455037319117e-03 6.560980421096563166e-05 3.737402269507799290e-05 2.212707697235529155e-05 2.225580717318725112e-06 6.927261355369885958e-03 6.557204586614591175e-05
1.955722255839996038e+00 1.527461859678518226e-02 6.749414708419065184e-03 6.452329842995734662e-05 3.119986267953396607e-05 1.786335826062744784e-05 1.947718103776624314e-06 6.700351487478903821e-03 6.449389455188419434e-05
1.969701788765052752e+00 1.267816647681593682e-02 6.736837733968522104e-03 6.476925062694842395e-05 2.808534740966942515e-05 8.839240084502825160e-06 1.959940490240692237e-06 6.699913146474350059e-03 6.473958958822008804e-05
1.981067201752598095e+00 1.004755718228752918e-02 6.605739693549341450e-03 6.437727005242556845e-05 2.662495232708259800e-05 7.835450700978501863e-06 1.965501587796388851e-06 6.571279290521279959e-03 6.434725870549032464e-05
1.989787895222221881e+00 7.389931163344385517e-03 6.686091202152634819e-03 6.129172974178096595e-05 2.601280783693294522e-05 7.196454428263188289e-06 1.923935024440969068e-06 6.652881939887438957e-03 6.126152633391733591e-05
1.995840525118838027e+00 4.712729926954539739e-03 6.626077976199136466e-03 6.563152984095720977e-05 2.579882877739123764e-05 1.959209348270406371e-07 1.998264251791538329e-06 6.600083226486918274e-03 6.560110250022075165e-05
1.999210123227435965e+00 2.026811968869310625e-03 6.600302520212211581e-03 6.189525004702590722e-05 2.574382420035405090e-05 2.859642874310698036e-06 1.999802261377180750e-06 6.571699053137546737e-03 6.186293534338028837e-05
2.003159507090255698e+00 8.107247875477242502e-03 6.600161290806461599e-03 6.303550800158251339e-05 2.573109288746584455e-05 -1.186739877251123168e-06 1.841765931856491199e-06 6.575616937796247181e-03 6.300859597919815239e-05
2.016637899524647448e+00 1.885091970781815895e-02 6.523168974167272219e-03 6.106413411420656700e-05 2.603235449834243159e-05 -3.001548356863205823e-06 1.970144446662956243e-06 6.500138168025792855e-03 6.103234393317274824e-05
2.040848419111112921e+00 2.955972465337754207e-02 6.396540928072055009e-03 5.899812681927991064e-05 2.741904193825825511e-05 -2.951147712572914733e-06 1.818835043335725973e-06 6.372073033846369951e-03 5.897008400255988533e-05
2.075731192989607177e+00 4.019022872915011674e-02 6.038957028866380819e-03 5.613426543370348798e-05 2.991753995177512667e-05 -4.228706125593652297e-06 1.679252199734126514e-06 6.013268195040199701e-03 5.610914246209049237e-05
2.121192844939788991e+00 5.071266590726374729e-02 5.807392330847679744e-03 5.434672365001854083e-05 3.203350608981396009e-05 -3.316899248491742099e-07 1.510844234709897202e-06 5.775690514682714841e-03 5.432571878208265385e-05
2.177110976640015849e+00 6.109847438714072904e-02 5.461260982883117676e-03 4.992841599953785713e-05 3.150935320820988535e-05 1.410245041198941652e-06 1.389709825362955916e-06 5.428341384633709153e-03 4.990907162855464269e-05
2.243334895534307094e+00 7.131960405683239468e-02 5.001884855176662835e-03 4.712193405055254574e-05 2.706955754236690028e-05 6.067377833825304943e-06 1.143983060960664468e-06 4.968747919800470952e-03 4.710804571854852529e-05
2.319686095289489991e+00 8.134848291783129681e-02 4.554697542484977858e-03 4.261539526182767394e-05 1.956517787468638498e-05 8.040819172270747981e-06 8.604526317412136179e-07 4.527091545438020719e-03 4.260670762439095269e-05
2.405958756759816186e+00 9.115806777599154420e-02 4.046220914320180877e-03 3.775810064873144856e-05 1.145739028323264797e-05 6.397932262368503070e-06 5.591335616050207630e-07 4.028365591774579757e-03 3.775396051091887132e-05
2.501920309412406951e+00 1.007219104860860581e-01 3.651696748798111038e-03 3.320819488312697461e-05 5.140570758476239592e-06 5.106070400894201145e-06 2.743454135992788825e-07 3.641450107638740438e-03 3.320706162836118270e-05
2.607312060856281200e+00 1.100142269996990524e-01 3.121634320259828940e-03 2.913415644511427826e-05 1.584694121794843440e-06 1.943811575394334159e-06 1.281365711491358040e-07 3.118105814562639917e-03 2.913387466142339127e-05
2.721849895351416748e+00 1.190099660031564005e-01 2.711478541421439171e-03 2.434339669114537002e-05 2.637947310621785357e-07 4.939113104226016724e-07 4.536476394682897626e-08 2.710720835379954244e-03 2.434335442170325618e-05
2.845225040270943584e+00 1.276848760771849556e-01 2.353244892149710440e-03 2.177453463805970664e-05 5.323845883058308806e-08 -2.052894063833240554e-08 1.172153335687358798e-08 2.353212182631518341e-03 2.177453148312766186e-05
2.977104898773657027e+00 1.360155708997867474e-01 2.049171345935672274e-03 1.787991335868317281e-05 1.048524569210211871e-07 -2.682523176664978311e-08 1.106774537062744691e-08 2.049093318710517708e-03 1.787990993319120333e-05
3.117133946577078429e+00 1.439795922043386189e-01 1.771595182683397213e-03 1.561332660267502069e-05 1.043084346887526214e-07 3.723720089812935821e-08 7.494130261837383177e-09 1.771453637047810427e-03 1.561332480414761567e-05
3.264934690474578183e+00 1.515554702769743023e-01 1.519012829629975102e-03 1.260656601035270524e-05 5.533500099080997956e-08 4.802911829485021418e-08 3.016793250639115396e-09 1.518909465510689385e-03 1.260656564938836116e-05
3.420108686042091506e+00 1.587227818095237331e-01 1.300379571923432169e-03 1.040829300520793206e-05 1.638951387832212938e-08 1.894612475214602971e-08 9.602372949537858649e-10 1.300344236284801773e-03 1.040829296091365360e-05
3.582237611805958455e+00 1.654622049423395969e-01 1.096955973891561081e-03 8.802014299721047866e-06 2.091084506397188177e-09 3.535619958694625929e-09 2.289462865203580848e-10 1.096950347187096095e-03 8.802014296743525463e-06
3.750884396984221603e+00 1.717555713437425580e-01 9.145857271458920955e-04 7.118571331789435760e-06 1.895148991441804412e-10 -3.917575797978619497e-10 3.274810056772535657e-11 9.145859293885727059e-04 7.118571331714109120e-06
3.925594399765721221e+00 1.775859151831492844e-01 7.542881981005586205e-04 5.838968146952937249e-06 4.385936246751699989e-10 -2.336415132996489895e-10 2.151690326139589078e-11 7.542879931484472401e-04 5.838968146913291872e-06
4.105896632953172087e+00 1.829375188644588868e-01 6.090091035569311336e-04 4.819129454227098492e-06 2.928732186188977513e-10 4.478381331552278765e-11 6.761551712367473974e-12 6.090087658998992416e-04 4.819129454222355108e-06
4.291305033667686786e+00 1.877959553956497218e-01 4.745196455333045601e-04 3.692948036140031924e-06 7.442155421697676942e-11 3.213717806147597694e-11 1.523474151573093903e-12 4.745195389745722903e-04 3.692948036139717675e-06
4.481319773692808539e+00 1.921481272798856998e-01 3.629326605067791003e-04 2.821444671343043415e-06 4.976482564141565856e-12 3.503248479207954987e-12 2.096640517134308042e-13 3.629326520270480770e-04 2.821444671343035368e-06
4.675428606926207209e+00 1.959823018230281710e-01 2.635586863020462261e-04 2.041056664942331098e-06 6.530965437758635488e-12 -5.481884827466589600e-13 1.139377659951355712e-13 2.635586803192692894e-04 2.041056664942327710e-06
4.873108250306953160e+00 1.992881427622014145e-01 1.828243380955037114e-04 1.407992841693744845e-06 9.878708197155236805e-12 5.516826393838094704e-13 7.117749841727483120e-14 1.828243276651128667e-04 1.407992841693742939e-06
5.073825794495882668e+00 2.020567381300383270e-01 1.232848184488925152e-04 9.306083278345287946e-07 6.530765184364793323e-12 4.562320994149147825e-13 2.804761137671397658e-14 1.232848114618952443e-04 9.306083278345283711e-07
5.277040140506298549e+00 2.042806242794231730e-01 7.704146017843058181e-05 5.854062999394461680e-07 2.893538829212510505e-12 1.133824462552717351e-13 9.820036599335334929e-15 7.704145717150930463e-05 5.854062999394460621e-07
5.482203458412220343e+00 2.059538060039246554e-01 4.692997869501279944e-05 3.536262115422633367e-07 1.100806171579224914e-12 -2.679165084381313555e-15 2.711373668816680488e-15 4.692997759688579155e-05 3.536262115422633367e-07
5.688762664201853170e+00 2.070717726996416652e-01 2.646771384389195555e-05 1.968872326700646590e-07 4.791177748590622471e-13 -2.645505596476036331e-15 7.979812689778924197e-16 2.646771336741968680e-05 1.968872326700646590e-07
5.896160910795009258e+00 2.076315105248834614e-01 1.394024365072469651e-05 1.016938953628104828e-07 2.862374022018227807e-13 5.109871236868079734e-16 2.875211251068564660e-16 1.394024336397630693e-05 1.016938953628104828e-07
6.103839089204991630e+00 2.076315105248834614e-01 6.718339876230264986e-06 4.825833710912032237e-08 2.140612478905418776e-13 4.655939462865007103e-16 1.157616327153878783e-16 6.718339661703423057e-06 4.825833710912032237e-08
6.311237335798145942e+00 2.070717726996416652e-01 3.002819337986265280e-06 2.085683195286032235e-08 1.746019324040372777e-13 3.084155431342945112e-16 5.548896802434406396e-17 3.002819163075917471e-06 2.085683195286032235e-08
6.517796541587779657e+00 2.059538060039246554e-01 1.279493674392434723e-06 8.839396146807470278e-09 1.450109823813209147e-13 1.403039215886211725e-16 2.509742365919280889e-17 1.279493529241148501e-06 8.839396146807470278e-09
6.722959859493701451e+00 2.042806242794231730e-01 6.343076650083155014e-07 5.175338398139642207e-09 1.168493083314781410e-13 5.790225276962185036e-17 1.153479920050312476e-17 6.343075481011048894e-07 5.175338398139642207e-09
6.926174205504117332e+00 2.020567381300383270e-01 5.010033110089228497e-07 4.336635253695053603e-09 8.835219383014633818e-14 1.577904194413451628e-17 5.124874500942342601e-18 5.010032226409499248e-07 4.336635253695053603e-09
7.126891749693046840e+00 1.992881427622014145e-01 5.462592901456134219e-07 4.550039150889999473e-09 6.366783451793168262e-14 -7.144184591643664588e-19 2.482052770448709888e-18 5.462592264784933264e-07 4.550039150889999473e-09
7.324571393073792791e+00 1.959823018230281710e-01 6.279642819315438441e-07 4.879337946571656887e-09 4.644292410604998509e-14 -4.654448197098345587e-18 1.279599609404776019e-18 6.279642354932742190e-07 4.879337946571656887e-09
7.518680226307191461e+00 1.921481272798856998e-01 6.738975943046261615e-07 5.106504678551305094e-09 3.556028762737067204e-14 -3.584144583721958767e-18 8.417636579067634155e-19 6.738975587479226297e-07 5.106504678551305094e-09
7.708694966332313214e+00 1.877959553956497218e-01 6.753447715964787020e-07 4.995656667583159348e-09 2.792735512129409196e-14 -2.160988847314706724e-18 6.276531543840048392e-19 6.753447436712845270e-07 4.995656667583159348e-09
7.894103367046827913e+00 1.829375188644588868e-01 6.346468215719972640e-07 4.759743533810070575e-09 2.197845552792502465e-14 -9.725522261663772921e-19 4.711655457263780638e-19 6.346467995945142845e-07 4.759743533810070575e-09
8.074405600234278779e+00 1.775859151831492844e-01 5.875324347110637336e-07 4.518557423980429340e-09 1.752566966045052706e-14 -1.314322049309065767e-18 3.670402271026930845e-19 5.875324171867083495e-07 4.518557423980429340e-09
8.249115603015777509e+00 1.717555713437425580e-01 5.132180260281839346e-07 3.836045615906850318e-09 1.432975228637445146e-14 -4.758269992940000301e-19 3.005920264974509051e-19 5.132180116989074489e-07 3.836045615906850318e-09
8.417762388194041989e+00 1.654622049423395969e-01 4.480732866194876277e-07 3.363569829252352043e-09 1.186721268747115108e-14 -5.962020771511261995e-19 2.438226929273554234e-19 4.480732747528711329e-07 3.363569829252352043e-09
8.579891313957908494e+00 1.587227818095237331e-01 3.806053124347571891e-07 2.908300635511386642e-09 9.801228985299918901e-15 -7.413841461145245107e-20 1.857617377171722594e-19 3.806053026336023194e-07 2.908300635511386642e-09
8.735065309525420929e+00 1.515554702769743023e-01 3.173256203753468118e-07 2.325520072796999728e-09 8.098329533932090670e-15 -4.674518379135512329e-19 1.356777561349957030e-19 3.173256122774847253e-07 2.325520072796999728e-09
8.882866053422921127e+00 1.439795922043386189e-01 2.656902495834721296e-07 2.017656082745290186e-09 6.793131561357401361e-15 -3.910144267400344257e-19 1.038063235858943589e-19 2.656902427907315902e-07 2.017656082745290186e-09
9.022895101226342973e+00 1.360155708997867474e-01 2.226481105163564975e-07 1.645638277639056655e-09 5.829521721209369322e-15 -2.979310411845163799e-19 7.914127987381552645e-20 2.226481046871327174e-07 1.645638277639056655e-09
9.154774959729056860e+00 1.276848760771849556e-01 1.852418835834639660e-07 1.378649538107402703e-09 5.092198207950855426e-15 -2.998201557050134088e-19 6.444063674049566294e-20 1.852418784915655847e-07 1.378649538107402703e-09
9.278150104648583252e+00 1.190099660031564005e-01 1.547469650544010696e-07 1.166299224871172778e-09 4.488629710100826464e-15 -2.025913750146523855e-19 5.186956694687198006e-20 1.547469605659739585e-07 1.166299224871172778e-09
9.392687939143719689e+00 1.100142269996990524e-01 1.317864639381124926e-07 9.905743195857777635e-10 3.977425309370654344e-15 -1.287893658994955116e-19 4.157245720876334572e-20 1.317864599608159786e-07 9.905743195857777635e-10
9.498079690587593049e+00 1.007219104860860581e-01 1.105850160764208336e-07 8.123729930867869344e-10 3.548974109226539839e-15 -5.849775661985870099e-20 3.552974013038642254e-20 1.105850125275052241e-07 8.123729930867869344e-10
9.594041243240184258e+00 9.115806777599154420e-02 9.418655056642804827e-08 6.935873650580288171e-10 3.199940822820321642e-15 -8.713028573932590978e-20 3.040053055270362179e-20 9.418654736657435895e-08 6.935873650580288171e-10
9.680313904710509121e+00 8.134848291783129681e-02 8.214857184915127955e-08 6.097758998473678821e-10 2.922163655626231974e-15 -2.966130323696483106e-20 2.631988973266423325e-20 8.214856892701728697e-08 6.097758998473678821e-10
9.756665104465692906e+00 7.131960405683239468e-02 7.249031025015979449e-08 5.402811494469907529e-10 2.703433855308177119e-15 -1.929823119402052920e-20 2.293024853187003781e-20 7.249030754674523342e-08 5.402811494469907529e-10
9.822889023359984151e+00 6.109847438714072904e-02 6.482860896299845307e-08 4.790976871507128709e-10 2.531599123201138900e-15 -3.332256166423123854e-20 2.154967552628070674e-20 6.482860643143264949e-08 4.790976871507128709e-10
9.878807155060211898e+00 5.071266590726374729e-02 5.873728513154710191e-08 4.344831815419954942e-10 2.397158137732694666e-15 1.314860322158313903e-20 1.964416881630960540e-20 5.873728273437581400e-08 4.344831815419954942e-10
9.924268807010392379e+00 4.019022872915011674e-02 5.471263967561362459e-08 4.014619991880214614e-10 2.293714895759764419e-15 -2.169957506643332102e-20 1.724433086418334049e-20 5.471263738192042769e-08 4.014619991880214614e-10
9.959151580888887523e+00 2.955972465337754207e-02 5.076383725482477482e-08 3.737263104396000837e-10 2.217317543327299687e-15 -2.730214706878110207e-20 1.783802067263879319e-20 5.076383503753453211e-08 3.737263104396000837e-10
9.983362100475352108e+00 1.885091970781815895e-02 4.805552281667935961e-08 3.529013565058633618e-10 2.165620730573358839e-15 1.117150820128852604e-20 1.599549404198082273e-20 4.805552065104745935e-08 3.529013565058633618e-10
9.996840492909743858e+00 8.107247875477242502e-03 4.728394722516678299e-08 3.514337568210549961e-10 2.137272876067392301e-15 -8.058994405136185363e-21 1.535749992731564049e-20 4.728394508790196320e-08 3.514337568210549961e-10
