# q, q weight, n(q), n(q) error, I, \delta U + \delta U^\dagger, \delta U + \delta U^\dagger error, \delta U^2, \delta U^2 error
# 
7.898767725640354342e-04 2.026811968874553827e-03 1.882388258666122693e+00 2.596977962916178096e-03 2.219489304961217435e+00 -3.428526094117547163e-01 2.594682811175101547e-03 5.751563116660075164e-03 1.091588258673289519e-04
4.159474881161862037e-03 4.712729926954788671e-03 1.883282900456110909e+00 2.259974984869678530e-03 2.219782418991589790e+00 -3.423691720129175553e-01 2.258130666506176325e-03 5.869653477438784538e-03 9.128430982965444758e-05
1.021210477777834136e-02 7.389931163347146330e-03 1.885476846523715944e+00 2.483312399571773778e-03 2.221310027010809929e+00 -3.416212843545832212e-01 2.481659019725593763e-03 5.788103867489229060e-03 9.060344188564841978e-05
1.893279824740179418e-02 1.004755718228764021e-02 1.885120006509961810e+00 2.465775829014961625e-03 2.225761821138643626e+00 -3.465292237244387841e-01 2.464099209733833576e-03 5.887409095756937667e-03 9.091492475670402381e-05
3.029821123494724766e-02 1.267816647681607387e-02 1.894751459745321664e+00 2.728410766815460645e-03 2.235500941950947063e+00 -3.464375885496692731e-01 2.726854922478499747e-03 5.688106344043851632e-03 9.212786890678322915e-05
4.427774416000385127e-02 1.527461859678459592e-02 1.914054853759592278e+00 2.840801365739084421e-03 2.253423969860458786e+00 -3.450204591530632303e-01 2.839482195787257444e-03 5.651343052196645088e-03 8.656361471323410913e-05
6.083372388357677352e-02 1.782990101420800499e-02 1.942413511949025118e+00 2.901036229747119832e-03 2.282702930058907231e+00 -3.459983928482509019e-01 2.899743754687411287e-03 5.708974738368770112e-03 8.658731695080624754e-05
7.992152382237249775e-02 2.033712072945731419e-02 1.982510284983156401e+00 3.096637071548911067e-03 2.326372549071472395e+00 -3.495683590596818102e-01 3.095433649921396947e-03 5.706094971365795188e-03 8.632306658892266937e-05
1.014896891899540465e-01 2.278951694399772993e-02 2.050509033111709734e+00 3.351601078547681873e-03 2.386750172093012878e+00 -3.418297614266098128e-01 3.350275476594088194e-03 5.588622445306556941e-03 9.425508290929550230e-05
1.254800773531017377e-01 2.518047762152112595e-02 2.119822384147571626e+00 3.516833898857587778e-03 2.464722462102891587e+00 -3.506335273311212419e-01 3.515807498574803971e-03 5.733449375801085400e-03 8.496060922005336494e-05
1.518280152140702999e-01 2.750355674992454452e-02 2.210709122546097305e+00 3.553866427382690145e-03 2.558998244538928102e+00 -3.540059003521432435e-01 3.552767335056479601e-03 5.716778359312509050e-03 8.837899430004953491e-05
1.804624738378541871e-01 2.975249150078879135e-02 2.308452255411922227e+00 3.906455052357078392e-03 2.665494123750443478e+00 -3.624843150693712879e-01 3.905461144713736916e-03 5.442446730850019482e-03 8.811539716425610582e-05
2.113062600677360070e-01 3.192121901929622502e-02 2.421572665295359528e+00 3.898777128649477761e-03 2.777059816972044182e+00 -3.609818592170371820e-01 3.897867346886587335e-03 5.494707540352538472e-03 8.422140437908268780e-05
2.442762246934143677e-01 3.400389272494652726e-02 2.521161575235759233e+00 4.000066880229107523e-03 2.883731244386742887e+00 -3.678894835367396698e-01 3.999187443581750726e-03 5.319814385755594968e-03 8.387393757233328924e-05
2.792834866442696073e-01 3.599489805108439106e-02 2.617963585181696029e+00 4.115638618445370024e-03 2.973603420688861299e+00 -3.609462624422209442e-01 4.114794253015194476e-03 5.306426935055680826e-03 8.336361911557242915e-05
3.162336726186445457e-01 3.788886756924329108e-02 2.669419822436527756e+00 3.994470834811964313e-03 3.034256273365222967e+00 -3.699802771019636838e-01 3.993623930266703044e-03 5.143826173268421960e-03 8.225055479767902323e-05
3.550271715105229875e-01 3.968069545238078061e-02 2.691381603987404336e+00 4.014522406603657396e-03 3.054494425593021756e+00 -3.682353001260586511e-01 4.013736592299568286e-03 5.122478520441242807e-03 7.942745594736717960e-05
3.955594029514896137e-01 4.136555123558455921e-02 2.671778489555670433e+00 4.018055695501420756e-03 3.026043621178636123e+00 -3.593154508741981390e-01 4.017297483671073213e-03 5.050319251232532336e-03 7.805446714613483957e-05
4.377210992460554007e-01 4.293889283593546602e-02 2.603341237181594270e+00 3.796459924727038724e-03 2.944832965852430817e+00 -3.463060599827140762e-01 3.795734485157092278e-03 4.814331311877789905e-03 7.421373355151731526e-05
4.813985999414301942e-01 4.439647879578687700e-02 2.483966634420539776e+00 3.727621494575803895e-03 2.811591926164439759e+00 -3.322687153576913688e-01 3.726916287219875744e-03 4.643423613791447177e-03 7.250513691296028276e-05
5.264741582382929108e-01 4.573437971611435393e-02 2.332321013921799135e+00 3.357515127084058706e-03 2.631666237941075792e+00 -3.038597264057558145e-01 3.356738834271685325e-03 4.514502386478903666e-03 7.219575535066268305e-05
5.728262584169215854e-01 4.694898884891196555e-02 2.142633073409609956e+00 3.155871718689827465e-03 2.414144124172588057e+00 -2.761509542121188820e-01 3.155179195689988229e-03 4.639903449140785237e-03 6.611011958364507190e-05
6.203299434232020237e-01 4.803703181997100863e-02 1.922748243242256239e+00 2.880639033142378975e-03 2.170524496856434560e+00 -2.522952238751551279e-01 2.879928350839645879e-03 4.518970260976738242e-03 6.398385181823744731e-05
6.688571517315518022e-01 4.899557545575666112e-02 1.696549047582019520e+00 2.622079126296467458e-03 1.913219521753273478e+00 -2.210453639730769748e-01 2.621352590385802282e-03 4.374889801822933431e-03 6.172148278590429990e-05
7.182770625767382899e-01 4.982203569054995812e-02 1.469941852221082534e+00 2.227422864331111627e-03 1.654164627655465791e+00 -1.887330736957422705e-01 2.226553386795059562e-03 4.510298261358852354e-03 6.223047723153222468e-05
7.684564486239706671e-01 5.051418453250917928e-02 1.248456683050024774e+00 2.015941771275115216e-03 1.403733222607382647e+00 -1.599586731672846540e-01 2.014914036895221281e-03 4.682133609926786809e-03 6.436341425414884030e-05
8.192600351265746372e-01 5.107015606985539080e-02 1.041905234724269214e+00 1.697556257036844738e-03 1.170054037528232893e+00 -1.329089628079778151e-01 1.696230696034215250e-03 4.760160004014220639e-03 6.707213755520162880e-05
8.705508646030549746e-01 5.148845150098073364e-02 8.590677104859829605e-01 1.451318653813793956e-03 9.587358043492626436e-01 -1.046208113636010600e-01 1.449802740395586022e-03 4.952717500321291919e-03 6.631627891650860261e-05
9.221906660504634035e-01 5.176794317491002079e-02 6.966621272781022833e-01 1.209980892094590947e-03 7.729358250861819712e-01 -8.136515827434177839e-02 1.208141001656159183e-03 5.091460466262026294e-03 6.670141940974334187e-05
9.740402276987522034e-01 5.190787763122046289e-02 5.573583251597103994e-01 1.041646947092809148e-03 6.136725864054305424e-01 -6.173079387966014242e-02 1.039432158658530180e-03 5.416532633940067919e-03 6.789072053114219945e-05
1.025959772301247908e+00 5.190787763122046289e-02 4.405228603269705223e-01 8.605652137399748139e-04 4.802750008277302252e-01 -4.554952570668760470e-02 8.575582794859086099e-04 5.797385205927856749e-03 7.187686960696532243e-05
1.077809333949536486e+00 5.176794317491002079e-02 3.454955470244171489e-01 7.167624514315951417e-04 3.708738863139247610e-01 -3.127604166119687251e-02 7.132036529315971714e-04 5.897702371689263028e-03 7.133695555079142925e-05
1.129449135396944914e+00 5.148845150098073364e-02 2.683049356973571942e-01 5.926524028378858146e-04 2.828653434324275295e-01 -2.097825587630150132e-02 5.879008520074537709e-04 6.417848141231120851e-03 7.489632032636612245e-05
1.180739964873425363e+00 5.107015606985539080e-02 2.065306784164847032e-01 4.899745576181211738e-04 2.133025136408422118e-01 -1.331232793178826340e-02 4.843105387939469612e-04 6.540492707430749578e-03 7.428572626144479350e-05
1.231543551376029333e+00 5.051418453250917928e-02 1.583796712635521520e-01 4.053092473417661194e-04 1.591961778268937699e-01 -7.859941692381125153e-03 3.971012254279091057e-04 7.043435129039516719e-03 8.115542338255574432e-05
1.281722937423261710e+00 4.982203569054995812e-02 1.210304029212809634e-01 3.205039506538137845e-04 1.177228639821474021e-01 -3.927044711989144052e-03 3.112765789903601922e-04 7.234583651122700187e-03 7.635230027157247545e-05
1.331142848268448198e+00 4.899557545575666112e-02 9.220494344793776775e-02 2.802919384363231200e-04 8.635084487560412692e-02 -1.747657754649052566e-03 2.685464617554334096e-04 7.601756326982688633e-03 8.028928092235652013e-05
1.379670056576797865e+00 4.803703181997100863e-02 7.117508843487491133e-02 2.420591296635484066e-04 6.290031748608265749e-02 5.765635334712773414e-04 2.271923109270167749e-04 7.698207415320965433e-03 8.352410495848655862e-05
1.427173741583078304e+00 4.694898884891196555e-02 5.497831116690151537e-02 1.950350230171420444e-04 4.555555388304680098e-02 1.367723316540481703e-03 1.769815388702179434e-04 8.055033967314233559e-03 8.195239534282488744e-05
1.473525841761706978e+00 4.573437971611435393e-02 4.298964674894700799e-02 1.619604413535919937e-04 3.284543786307633773e-02 2.040298343744981549e-03 1.404202016718203167e-04 8.103910542125693922e-03 8.070533765430648620e-05
1.518601400058569695e+00 4.439647879578687700e-02 3.400954229116348593e-02 1.373177636397305244e-04 2.360591316679769291e-02 2.030110943588806383e-03 1.096648931247686936e-04 8.373518180776987063e-03 8.264247955470578643e-05
1.562278900753944599e+00 4.293889283593546602e-02 2.723605207732106639e-02 1.218583610573578782e-04 1.693448922824431283e-02 1.949327758387615125e-03 9.044482843388246458e-05 8.352235090689139746e-03 8.166512823201198896e-05
1.604440597048510497e+00 4.136555123558455921e-02 2.206827628766436233e-02 1.126218519237320035e-04 1.214373998263841223e-02 1.580026880495120174e-03 7.655102751958201056e-05 8.344509424530830582e-03 8.260521603644177340e-05
1.644972828489477124e+00 3.968069545238078061e-02 1.844777809029132104e-02 1.065940671651989969e-04 8.718042595493778052e-03 1.445331016912480534e-03 6.511681821699097828e-05 8.284404477885060070e-03 8.439250642156746968e-05
1.683766327381355454e+00 3.788886756924329108e-02 1.589829181075473608e-02 9.629588551025717365e-05 6.275759278604964297e-03 1.249527476095353739e-03 4.938392647759980283e-05 8.373005056054419123e-03 8.266876902349262030e-05
1.720716513355730282e+00 3.599489805108439106e-02 1.375976212180538352e-02 9.076669006139653827e-05 4.537644188205839334e-03 1.015871566639210168e-03 4.216584078951345191e-05 8.206246366960334021e-03 8.037806849641899467e-05
1.755723775306585743e+00 3.400389272494652726e-02 1.238125332722172373e-02 8.628726034416225323e-05 3.301360744743298860e-03 8.790163588102450128e-04 3.483547254424834748e-05 8.200876223668178769e-03 7.894289803598646637e-05
1.788693739932263993e+00 3.192121901929622502e-02 1.128785098656587965e-02 8.840474141405645352e-05 2.421498042534888165e-03 7.385527211063747663e-04 2.736205528510478522e-05 8.127800222924617263e-03 8.406376291280957108e-05
1.819537526162145813e+00 2.975249150078879135e-02 1.020736124578321136e-02 7.891401758488802401e-05 1.794257639004977027e-03 5.542452248647148239e-04 2.352241195186636322e-05 7.858858381913519722e-03 7.532674363965769523e-05
1.848171984785929700e+00 2.750355674992454452e-02 9.698394101434359982e-03 7.704771990959062274e-05 1.345942746223567892e-03 4.928893720087076285e-04 1.942048068917436805e-05 7.859561983202085003e-03 7.456001658441427978e-05
1.874519922646898262e+00 2.518047762152112595e-02 9.053645382658697185e-03 7.863097297401778541e-05 1.024444069805335780e-03 3.934447041291004132e-04 1.620521157502884362e-05 7.635756608724260722e-03 7.694297257481846073e-05
1.898510310810046064e+00 2.278951694399772993e-02 8.855335559237200588e-03 7.601472477229143912e-05 7.930269828062089807e-04 3.205549335248590527e-04 1.389805323425410517e-05 7.741753642906132500e-03 7.473340952014070307e-05
1.920078476177627502e+00 2.033712072945731419e-02 8.443207990092550796e-03 7.281454483146680516e-05 6.258494243203690339e-04 2.824724087564875626e-04 1.179270214694662680e-05 7.534886157015694905e-03 7.185325403269562710e-05
1.939166276116423226e+00 1.782990101420800499e-02 8.137381665001254538e-03 7.115264569106502697e-05 5.047593734410516517e-04 2.368873194546936250e-04 1.020058974515163136e-05 7.395734972105509099e-03 7.041766083653547715e-05
1.955722255839996038e+00 1.527461859678459592e-02 8.042773919728898532e-03 7.295222629244179139e-05 4.170254033740318890e-04 2.030781534099099206e-04 9.127773971139234224e-06 7.422670362944956343e-03 7.237894074491162133e-05
1.969701788765052752e+00 1.267816647681607387e-02 7.907728644233285795e-03 6.987109029940905902e-05 3.537403739796588301e-04 1.774036833391871783e-04 8.827821783591529193e-06 7.376584586914439190e-03 6.931117386241067544e-05
1.981067201752598095e+00 1.004755718228764021e-02 7.582400801626890292e-03 6.972369382376685507e-05 3.087070730911153243e-04 1.611390032706917178e-04 7.669533867525754343e-06 7.112554725265083332e-03 6.930058968497498028e-05
1.989787895222221659e+00 7.389931163347146330e-03 7.687150695020907379e-03 6.998558102712857905e-05 2.776676474021896879e-04 1.457073759003421230e-04 6.842438259026912668e-06 7.263775671718375460e-03 6.965028779822940658e-05
1.995840525118838027e+00 4.712729926954788671e-03 7.582277416805380255e-03 6.820177145836158166e-05 2.577786148728733852e-04 1.375585187128953633e-04 6.480211472084924710e-06 7.186940283219611127e-03 6.789321386807111586e-05
1.999210123227435965e+00 2.026811968874553827e-03 7.523796967714957776e-03 7.111837277639234767e-05 2.472608084070294834e-04 1.400247230482981142e-04 7.055103772709292826e-06 7.136511436259629880e-03 7.076756642077079620e-05
2.003159507090256142e+00 8.107247875498215309e-03 7.381381483367320355e-03 6.854727924696891127e-05 2.354174571133838467e-04 1.341814561116081805e-04 6.465982524119713004e-06 7.011782570142328572e-03 6.824163364222542649e-05
2.016637899524647448e+00 1.885091970781915469e-02 7.294743600397406505e-03 6.781133512036887885e-05 1.986836957137168692e-04 1.087476148823322190e-04 5.847815750554727705e-06 6.987312289801357254e-03 6.755871684508622625e-05
2.040848419111113365e+00 2.955972465338858532e-02 7.081441189851914522e-03 6.629309661914036553e-05 1.452442392819186545e-04 9.263142432505384134e-05 4.776625491959763258e-06 6.843565526244941959e-03 6.612078726288911302e-05
2.075731192989607177e+00 4.019022872915056083e-02 6.816750706905677117e-03 6.352384384043571340e-05 9.063223701918820727e-05 5.567543779890933971e-05 3.661273348800483705e-06 6.670443032087579847e-03 6.341824511707515094e-05
2.121192844939788991e+00 5.071266590726429546e-02 6.250502463523530984e-03 5.964118390398464502e-05 4.729988051785581458e-05 3.132643275039773622e-05 2.468628759352224459e-06 6.171876150255277589e-03 5.959007207175887012e-05
2.177110976640015405e+00 6.109847438713838369e-02 6.080608308640715783e-03 5.677147599405844115e-05 2.046599904069795189e-05 1.441154781121688692e-05 1.453957791774440382e-06 6.045730761788801338e-03 5.675285449458637076e-05
2.243334895534307094e+00 7.131960405683201998e-02 5.553012247114270418e-03 5.292489626441363457e-05 8.210440145950257917e-06 2.986741261618053886e-06 7.716427634563204288e-07 5.541815065706702514e-03 5.291927070590211120e-05
2.319686095289489991e+00 8.134848291782925678e-02 5.035268221576225112e-03 4.731819869497034495e-05 4.793053886255312370e-06 2.467552639322964485e-06 6.569337462734775339e-07 5.028007615050646834e-03 4.731363826413796593e-05
2.405958756759816186e+00 9.115806777599091970e-02 4.499904556128149491e-03 4.244336347744519082e-05 4.580229596047847193e-06 6.156762838730179405e-07 4.924669690717314933e-07 4.494708650248228562e-03 4.244050635375244576e-05
2.501920309412406951e+00 1.007219104860845038e-01 3.950898537400378968e-03 3.756446961447906677e-05 4.332355978249597308e-06 1.608285224655721553e-06 3.952980135771347308e-07 3.944957896197473675e-03 3.756238965904036916e-05
2.607312060856281200e+00 1.100142269996981781e-01 3.441139040571138206e-03 3.213510734573108248e-05 3.280508372367769486e-06 1.724702002951543302e-06 2.983811562786137138e-07 3.436133830195818844e-03 3.213372205032024925e-05
2.721849895351416748e+00 1.190099660031551654e-01 2.973036030989001377e-03 2.605016827617686362e-05 1.927253632233617718e-06 9.669731660330191236e-07 1.698758786906579988e-07 2.970141804190734765e-03 2.604961438108001156e-05
2.845225040270944028e+00 1.276848760771849001e-01 2.502915445963506662e-03 2.172490314972600679e-05 8.662158349364513690e-07 4.520212561013871410e-07 8.277061517421293250e-08 2.501597208872468735e-03 2.172474547354326472e-05
2.977104898773657471e+00 1.360155708997861090e-01 2.119649501324957167e-03 1.784240684519577367e-05 2.886103316187295344e-07 1.847547628323896461e-08 3.343661121809033946e-08 2.119342415517055413e-03 1.784237551511903339e-05
3.117133946577078429e+00 1.439795922043375642e-01 1.772136132462630168e-03 1.445655004069142011e-05 6.943297473124543140e-08 -5.411676956232142692e-08 1.009774199388377789e-08 1.772120816257461220e-03 1.445654651410985123e-05
3.264934690474578183e+00 1.515554702769731643e-01 1.445534531381001322e-03 1.148739464557323830e-05 1.634947543020975997e-08 -4.333382023898630941e-09 2.932208918712108218e-09 1.445522515287595011e-03 1.148739427134350446e-05
3.420108686042091950e+00 1.587227818095231224e-01 1.166246909891786388e-03 9.056017504378283388e-06 9.276108769171636761e-09 2.873172911203211638e-08 1.677095695632273990e-09 1.166208902053905271e-03 9.056017349086512057e-06
3.582237611805958455e+00 1.654622049423382368e-01 9.345704198880649830e-04 6.991512496443981118e-06 6.626019022418858933e-09 3.144232438502481691e-08 6.190241555763843101e-10 9.345323515446574960e-04 6.991512469039974150e-06
3.750884396984221603e+00 1.717555713437418641e-01 7.271911887975990524e-04 5.441108116438132548e-06 3.303375878968938052e-09 1.677705912265311458e-08 2.850000104218505228e-10 7.271711083625974131e-04 5.441108108974118874e-06
3.925594399765720777e+00 1.775859151831475080e-01 5.624639796681036100e-04 4.232037377657172045e-06 1.090442321441997084e-09 5.510222533365393755e-09 7.976977853440179317e-11 5.624573790032488547e-04 4.232037376905381176e-06
4.105896632953172087e+00 1.829375188644574157e-01 4.213641969868055291e-04 3.134247429607355646e-06 2.277214176026730154e-10 1.190268673807417167e-09 1.559392244975699839e-11 4.213627789967141352e-04 3.134247429568563231e-06
4.291305033667686786e+00 1.877959553956478622e-01 3.167306440673378046e-04 2.378455412953568315e-06 2.406227323345646618e-11 1.345747499948960071e-10 1.752408490536436986e-12 3.167304854303145821e-04 2.378455412952922876e-06
4.481319773692808539e+00 1.921481272798840345e-01 2.287794988264809347e-04 1.725916430449561843e-06 4.010188734063846477e-13 2.429142652479939682e-13 1.141636546830156144e-13 2.287794981825477857e-04 1.725916430449558031e-06
4.675428606926207209e+00 1.959823018230266445e-01 1.663924700632738840e-04 1.232022031882814583e-06 2.541739323626402420e-12 1.077303770499221654e-12 9.067372427219291355e-14 1.663924664442308033e-04 1.232022031882811194e-06
4.873108250306953160e+00 1.992881427621998325e-01 1.167975211039855781e-04 8.641960356706817855e-07 4.325278140878418535e-12 1.820550027944063398e-12 4.673574494567922178e-14 1.167975149581574148e-04 8.641960356706805149e-07
5.073825794495882668e+00 2.020567381300367171e-01 8.044505604884859295e-05 5.846824949667991834e-07 4.148224244710258236e-12 7.261825642558433278e-13 2.962335395282564427e-14 8.044505117444177944e-05 5.846824949667984423e-07
5.277040140506298549e+00 2.042806242794215632e-01 5.498495970729519526e-05 4.184026352742292102e-07 2.993675227802619882e-12 1.752642673898588690e-13 1.238972203655521415e-14 5.498495653835569887e-05 4.184026352742290514e-07
5.482203458412220343e+00 2.059538060039229346e-01 3.563016868448123513e-05 2.603398289203575971e-07 1.854995234646710502e-12 3.526822858625471821e-14 5.227601670149772027e-15 3.563016679421776990e-05 2.603398289203575441e-07
5.688762664201853170e+00 2.070717726996400831e-01 2.303371973192777118e-05 1.720873184161963485e-07 1.116649264302863239e-12 1.807344274900170203e-14 1.857172810735552100e-15 2.303371859720506395e-05 1.720873184161963221e-07
5.896160910795009258e+00 2.076315105248818516e-01 1.426652146964796704e-05 1.040367220673359209e-07 7.249775381324673237e-13 1.080804083679059459e-14 7.299885038930941702e-16 1.426652073386238737e-05 1.040367220673359209e-07
6.103839089204991630e+00 2.076315105248818516e-01 8.649165638030880489e-06 6.353107093293714021e-08 5.200689600999264975e-13 5.728484579601911909e-15 2.988874671669927461e-16 8.649165112233435287e-06 6.353107093293714021e-08
6.311237335798145942e+00 2.070717726996400831e-01 5.038763808669758208e-06 3.696323087642553187e-08 3.812133285063361199e-13 1.351888014126241022e-15 1.296433921177403182e-16 5.038763426104541690e-06 3.696323087642553187e-08
6.517796541587779657e+00 2.059538060039229346e-01 2.836940857976548285e-06 2.033519244945217060e-08 2.628549475054705237e-13 -2.362085669480502042e-16 5.393089849687343771e-17 2.836940595357809460e-06 2.033519244945217060e-08
6.722959859493701451e+00 2.042806242794215632e-01 1.532690518330985610e-06 1.129406318360461062e-08 1.714691771415617240e-13 -2.373871667568543880e-16 2.313133187078834248e-17 1.532690347099195588e-06 1.129406318360461062e-08
6.926174205504117332e+00 2.020567381300367171e-01 7.654163111842760340e-07 5.626308292470388357e-09 1.165478206860226821e-13 -5.258464878891266293e-17 1.032660499042706128e-17 7.654161946890400129e-07 5.626308292470388357e-09
7.126891749693046840e+00 1.992881427621998325e-01 3.623103434647493955e-07 2.572728785782619496e-09 8.848744649873934903e-14 2.035392397354995744e-17 5.172185333692749426e-18 3.623102549569489598e-07 2.572728785782619496e-09
7.324571393073792791e+00 1.959823018230266445e-01 1.655995693944480752e-07 1.165942598170223969e-09 7.102066369287569022e-14 1.326778412012388034e-17 2.535667768966857253e-18 1.655994983605166042e-07 1.165942598170223969e-09
7.518680226307191461e+00 1.921481272798840345e-01 7.577672815090050460e-08 5.560902418685230666e-10 5.616724033254659317e-14 3.507698294301972293e-18 1.436255222022580479e-18 7.577667198015247505e-08 5.560902418685230666e-10
7.708694966332313214e+00 1.877959553956478622e-01 4.937825648368571320e-08 3.991861984541886240e-10 4.400656848519214933e-14 1.654630686300474770e-18 8.170165501708996231e-19 4.937821247546259744e-08 3.991861984541886240e-10
7.894103367046827913e+00 1.829375188644574157e-01 4.901114505251208996e-08 4.311600329178692372e-10 3.555418896426583219e-14 1.567139993545789526e-18 4.911719911810012787e-19 4.901110949675598435e-08 4.311600329178692372e-10
8.074405600234278779e+00 1.775859151831475080e-01 5.850773883678990958e-08 4.683851494670344799e-10 2.967103325504510299e-14 1.429412087466073559e-18 3.340490361360875018e-19 5.850770916432724397e-08 4.683851494670344799e-10
8.249115603015777509e+00 1.717555713437418641e-01 7.047018924503686999e-08 5.500015951412331640e-10 2.458183775837595776e-14 1.901173539476451842e-18 2.318295818872169702e-19 7.047016466129793928e-08 5.500015951412331640e-10
8.417762388194041989e+00 1.654622049423382368e-01 7.797711953458509051e-08 5.989180359742489517e-10 1.962929759213859810e-14 1.452981548657303739e-18 1.830787946245888119e-19 7.797709990383451265e-08 5.989180359742489517e-10
8.579891313957908494e+00 1.587227818095231224e-01 8.254714035083491525e-08 6.197217077072660388e-10 1.521994522724118224e-14 6.844617866152440096e-19 1.386859793264154758e-19 8.254712513020522445e-08 6.197217077072660388e-10
8.735065309525420929e+00 1.515554702769731643e-01 8.444142197771448746e-08 6.335611772064474094e-10 1.187659743918879167e-14 3.585741533433053157e-19 1.112872595742090367e-19 8.444141010075847325e-08 6.335611772064474094e-10
8.882866053422921127e+00 1.439795922043375642e-01 8.353569609857394571e-08 6.069198230147967789e-10 9.669737806599674648e-15 -1.270788917402335788e-20 8.829005633654435134e-20 8.353568642884885064e-08 6.069198230147967789e-10
9.022895101226342973e+00 1.360155708997861090e-01 7.939920376824011972e-08 5.843545870653305134e-10 8.286521863796459430e-15 -1.157904789986341922e-19 7.545866402474900091e-20 7.939919548183404462e-08 5.843545870653305134e-10
9.154774959729056860e+00 1.276848760771849001e-01 7.558720072342270093e-08 5.453446316969790676e-10 7.342206916656956191e-15 -1.660176844114997355e-19 6.848136055376049848e-20 7.558719338138179818e-08 5.453446316969790676e-10
9.278150104648583252e+00 1.190099660031551654e-01 6.945852984985954802e-08 5.022677710289936114e-10 6.583071214147461924e-15 -2.042384383578124984e-19 5.827141903037559051e-20 6.945852326699257067e-08 5.022677710289936114e-10
9.392687939143719689e+00 1.100142269996981781e-01 6.507639943947219008e-08 4.710352244218984488e-10 5.910753711569330080e-15 -1.734755309086576244e-19 5.187702705332567272e-20 6.507639352889195425e-08 4.710352244218984488e-10
9.498079690587593049e+00 1.007219104860845038e-01 5.993625037415748989e-08 4.337824583557499967e-10 5.316391758525640339e-15 -3.572168249909932750e-20 4.765526501622955215e-20 5.993624505780145239e-08 4.337824583557499967e-10
9.594041243240184258e+00 9.115806777599091970e-02 5.574789252239041379e-08 4.217654141289128772e-10 4.813883072708183428e-15 -7.983531697320377945e-20 4.476587287975754965e-20 5.574788770858717659e-08 4.217654141289128772e-10
9.680313904710509121e+00 8.134848291782925678e-02 5.153580240361039415e-08 3.792979786196534892e-10 4.408255273012743052e-15 -6.828445796858849115e-20 3.993649586223683657e-20 5.153579799542340241e-08 3.792979786196534892e-10
9.756665104465692906e+00 7.131960405683201998e-02 4.785150797467200024e-08 3.503529706770174294e-10 4.091142768794319929e-15 2.229065014330099998e-20 3.752272675313320660e-20 4.785150388350694135e-08 3.503529706770174294e-10
9.822889023359984151e+00 6.109847438713838369e-02 4.465898929272707862e-08 3.248740839183446498e-10 3.846811942322627712e-15 2.752199989037162088e-20 3.529223024891914369e-20 4.465898544588761458e-08 3.248740839183446498e-10
9.878807155060211898e+00 5.071266590726429546e-02 4.264979372116504072e-08 3.068965606638185673e-10 3.659987094653563321e-15 3.890173035507297329e-20 3.379619858717955100e-20 4.264979006113904391e-08 3.068965606638185673e-10
9.924268807010392379e+00 4.019022872915056083e-02 4.016599040666986902e-08 2.989102554905625159e-10 3.518889803199108166e-15 1.066497847127797900e-19 3.201022074289326839e-20 4.016598688767341533e-08 2.989102554905625159e-10
9.959151580888885746e+00 2.955972465338858532e-02 3.919440600737933498e-08 2.944916760221750001e-10 3.415719347019836079e-15 2.667540641471116931e-20 3.348327000949106695e-20 3.919440259163331235e-08 2.944916760221750001e-10
9.983362100475352108e+00 1.885091970781915469e-02 3.800216281995155406e-08 2.750565970941591564e-10 3.346173008991326898e-15 8.309036100287625432e-20 2.992175084133802856e-20 3.800215947369545268e-08 2.750565970941591564e-10
9.996840492909743858e+00 8.107247875498215309e-03 3.758883546990646006e-08 2.744104346326471364e-10 3.308066618877957329e-15 9.082913147184642992e-20 2.945400721387759383e-20 3.758883216174901391e-08 2.744104346326471364e-10
