# q, q weight, n(q), n(q) error, I, \delta U + \delta U^\dagger, \delta U + \delta U^\dagger error, \delta U^2, \delta U^2 error
# 
7.898767725640354342e-04 2.026811968874553827e-03 2.258718051721413822e+00 2.170135993025354339e-03 2.545293417550476445e+00 -2.904044825303261357e-01 2.168719091129858376e-03 3.829116701263186439e-03 7.840747408902694381e-05
4.159474881161862037e-03 4.712729926954788671e-03 2.260025638610132059e+00 2.016712943967997017e-03 2.545464793031134043e+00 -2.894399258722477608e-01 2.015687378157861743e-03 4.000771451245874188e-03 6.430779037683156203e-05
1.021210477777834136e-02 7.389931163347146330e-03 2.260285635051942688e+00 2.183511656763472558e-03 2.546358055370065543e+00 -2.899812715136470542e-01 2.182579404158851381e-03 3.908851195524490341e-03 6.379890095885063059e-05
1.893279824740179418e-02 1.004755718228764021e-02 2.263548374396578300e+00 2.201920647257002341e-03 2.548962307611769784e+00 -2.893455657759076427e-01 2.201030504725782523e-03 3.931632560715965855e-03 6.260394622756863998e-05
3.029821123494724766e-02 1.267816647681607387e-02 2.267685675717718397e+00 2.304227480111592247e-03 2.554665239975595803e+00 -2.910345114909828057e-01 2.303345326413351688e-03 4.054947233105129535e-03 6.375411666072789850e-05
4.427774416000385127e-02 1.527461859678459592e-02 2.276562032549278136e+00 2.421974420342057083e-03 2.565180835511724933e+00 -2.925993575996740370e-01 2.421141007047384296e-03 3.980554637227168464e-03 6.353201385775477479e-05
6.083372388357677352e-02 1.782990101420800499e-02 2.292649498129438967e+00 2.521823033686288427e-03 2.582416714791356149e+00 -2.937409881475930851e-01 2.521000763038664175e-03 3.973771485675849438e-03 6.439383502469589178e-05
7.992152382237249775e-02 2.033712072945731419e-02 2.319237800645043812e+00 2.642429807499236706e-03 2.608259841384617861e+00 -2.930110375837294834e-01 2.641606420836391678e-03 3.988996844155240362e-03 6.596063186781628783e-05
1.014896891899540465e-01 2.278951694399772993e-02 2.355727879070939501e+00 2.886227975050021950e-03 2.644267213047122311e+00 -2.923711379702436108e-01 2.885506986910688076e-03 3.831803994060669662e-03 6.450854556533253408e-05
1.254800773531017377e-01 2.518047762152112595e-02 2.406912372053152893e+00 2.810881398113920186e-03 2.691265598240697443e+00 -2.883260609006348951e-01 2.810160563318619964e-03 3.972834713090208150e-03 6.365408574193659225e-05
1.518280152140702999e-01 2.750355674992454452e-02 2.452164508053336078e+00 2.886123306427947240e-03 2.748891748489822984e+00 -3.005714683635188900e-01 2.885478050433756044e-03 3.844227927031962019e-03 6.102589918713052200e-05
1.804624738378541871e-01 2.975249150078879135e-02 2.517025022969566983e+00 2.985880966663011140e-03 2.815138739474457807e+00 -3.019813047455242594e-01 2.985184555971993805e-03 3.867588240633768482e-03 6.448498946831015763e-05
2.113062600677360070e-01 3.192121901929622502e-02 2.591486928188115435e+00 3.233095827630262566e-03 2.886007274108219889e+00 -2.983506253062879754e-01 3.232560867162954932e-03 3.830279386183108731e-03 5.881216478668641084e-05
2.442762246934143677e-01 3.400389272494652726e-02 2.656599204606942877e+00 3.300526753114267804e-03 2.955380470000775528e+00 -3.025844262037523658e-01 3.299948459395407596e-03 3.803160809919731416e-03 6.178198246160878173e-05
2.792834866442696073e-01 3.599489805108439106e-02 2.719406630878172582e+00 3.362273168804589055e-03 3.015232777708368062e+00 -2.995599390413139496e-01 3.361747215903542439e-03 3.733792211118671690e-03 5.946863062181843049e-05
3.162336726186445457e-01 3.788886756924329108e-02 2.759574554564823590e+00 3.353373036772022697e-03 3.056238278314404866e+00 -3.002934123336002958e-01 3.352853359851496514e-03 3.629688584018913797e-03 5.903449061478677033e-05
3.550271715105229875e-01 3.968069545238078061e-02 2.782215828771845700e+00 3.250787687229753347e-03 3.068761694813094021e+00 -2.900798579353371931e-01 3.250263322441675120e-03 3.533991894088693922e-03 5.838597635539416128e-05
3.955594029514896137e-01 4.136555123558455921e-02 2.765133828961868989e+00 3.292563339737623971e-03 3.044113397704402146e+00 -2.823766889962321947e-01 3.292081816795551421e-03 3.397120253698916476e-03 5.630859355620085674e-05
4.377210992460554007e-01 4.293889283593546602e-02 2.710176769187100820e+00 3.069509827903998608e-03 2.975857390510599387e+00 -2.691076563164958579e-01 3.069024224984037534e-03 3.427034992997299214e-03 5.459752796935424994e-05
4.813985999414301942e-01 4.439647879578687700e-02 2.605727646020982835e+00 3.029180563743403328e-03 2.860912631010583240e+00 -2.586409404445542126e-01 3.028714298605504531e-03 3.455955454953447449e-03 5.314682665380177594e-05
5.264741582382929108e-01 4.573437971611435393e-02 2.465378134030774770e+00 2.798139229256955702e-03 2.700206826084904588e+00 -2.382480240860403442e-01 2.797706721949042279e-03 3.419332031910405929e-03 4.919597816746251441e-05
5.728262584169215854e-01 4.694898884891196555e-02 2.287579516447911576e+00 2.453035644332242620e-03 2.498729604200789822e+00 -2.145477890834968093e-01 2.452609642352466916e-03 3.397701330618761468e-03 4.571449009018354719e-05
6.203299434232020237e-01 4.803703181997100863e-02 2.075226945571956083e+00 2.304414919586537849e-03 2.264965102346317316e+00 -1.932808878439312983e-01 2.303901420365401902e-03 3.542731069570000287e-03 4.864531684872102670e-05
6.688571517315518022e-01 4.899557545575666112e-02 1.845179779551104460e+00 2.020909502516836723e-03 2.009822115664759323e+00 -1.682788720820910799e-01 2.020306475527431159e-03 3.636535968436171735e-03 4.936559839379789746e-05
7.182770625767382899e-01 4.982203569054995812e-02 1.609374202311821600e+00 1.892647030421834879e-03 1.745281853387784743e+00 -1.396317670488167462e-01 1.891912698506995017e-03 3.724115972853504850e-03 5.271738795283539451e-05
7.684564486239706671e-01 5.051418453250917928e-02 1.372723662741401229e+00 1.595319242539283786e-03 1.483022606034847035e+00 -1.142355362215976972e-01 1.594400352700075900e-03 3.936592928151835813e-03 5.413871928654294093e-05
8.192600351265746372e-01 5.107015606985539080e-02 1.144442542802246887e+00 1.355267584429137740e-03 1.233253651648080096e+00 -9.303280911586064850e-02 1.354243424509784296e-03 4.221700270027602814e-03 5.267800847035167782e-05
8.705508646030549746e-01 5.148845150098073364e-02 9.411919086090293485e-01 1.159385650824282243e-03 1.003914666653525911e+00 -6.722156061615415512e-02 1.157970001579195028e-03 4.498802571657536074e-03 5.727619732422394852e-05
9.221906660504634035e-01 5.176794317491002079e-02 7.563442790946098837e-01 9.793681429979869246e-04 8.003001790911746793e-01 -4.883291217457217531e-02 9.775089290189292561e-04 4.877012178007377081e-03 6.031793437769074464e-05
9.740402276987522034e-01 5.190787763122046289e-02 5.963191786910446712e-01 8.008831929164520825e-04 6.250793946185576599e-01 -3.398765712908283221e-02 7.984679574105656196e-04 5.227441201569764558e-03 6.215150589205538758e-05
1.025959772301247908e+00 5.190787763122046289e-02 4.633281111242870121e-01 6.734810589316824218e-04 4.786194137651482161e-01 -2.092881502095163618e-02 6.705353966527122928e-04 5.637512380090418246e-03 6.292073247769866713e-05
1.077809333949536486e+00 5.176794317491002079e-02 3.529522303954263918e-01 5.563638952306317444e-04 3.594916866039972181e-01 -1.249390587936346012e-02 5.529160206524157345e-04 5.954449670792614710e-03 6.184381959499850149e-05
1.129449135396944914e+00 5.148845150098073364e-02 2.655917803546039013e-01 4.498945258246523737e-04 2.650441335690411071e-01 -5.848894845778868264e-03 4.451215348799460354e-04 6.396541631341697183e-03 6.535980074257999913e-05
1.180739964873425363e+00 5.107015606985539080e-02 1.982383686750164298e-01 3.563759583902186153e-04 1.919449252150730312e-01 -4.691135603536036392e-04 3.499235234538719671e-04 6.762557020296988686e-03 6.750815841196059657e-05
1.231543551376029333e+00 5.051418453250917928e-02 1.463533303571019351e-01 3.014887449822215666e-04 1.366369618987395840e-01 2.426663949931055601e-03 2.930445422396562877e-04 7.289704508431314560e-03 7.085449607826838515e-05
1.281722937423261710e+00 4.982203569054995812e-02 1.064482636896636469e-01 2.478626570935942778e-04 9.567489890427735566e-02 3.322710034200914656e-03 2.367636856449421856e-04 7.450654751185379655e-03 7.334067044498365491e-05
1.331142848268448198e+00 4.899557545575666112e-02 7.789265977387570261e-02 1.949690407483985481e-04 6.594289287781085473e-02 4.321086794252256003e-03 1.809445353699804383e-04 7.628680101812593609e-03 7.260855300921913993e-05
1.379670056576797865e+00 4.803703181997100863e-02 5.674313380515874639e-02 1.593369638344274382e-04 4.476852525140369299e-02 4.258403223972704113e-03 1.413935310447971591e-04 7.716205329782351019e-03 7.345840607212777366e-05
1.427173741583078304e+00 4.694898884891196555e-02 4.190315958139428920e-02 1.361958248747433323e-04 2.995684030809958598e-02 3.912472225191707467e-03 1.127166965882119812e-04 8.033847048102995755e-03 7.644768815047789379e-05
1.473525841761706978e+00 4.573437971611435393e-02 3.102341390148881037e-02 1.179722374038450784e-04 1.977001957617779970e-02 3.258761547316627559e-03 9.002022785673433037e-05 7.994632777994382239e-03 7.624832702879987944e-05
1.518601400058569695e+00 4.439647879578687700e-02 2.364107690207326376e-02 1.019710020893968013e-04 1.287536598250615082e-02 2.712540930274329621e-03 6.656210706466998640e-05 8.053169989292783756e-03 7.725005611795488143e-05
1.562278900753944599e+00 4.293889283593546602e-02 1.873975786339168031e-02 9.208869327560393367e-05 8.279269680365403464e-03 2.195917472315069355e-03 5.236826468063729520e-05 8.264570710711209231e-03 7.574887645072352776e-05
1.604440597048510497e+00 4.136555123558455921e-02 1.505889870812745536e-02 8.509590978952766109e-05 5.259381325392570999e-03 1.661401558613915391e-03 3.943464785118873356e-05 8.138115824120968969e-03 7.540704484171334172e-05
1.644972828489477124e+00 3.968069545238078061e-02 1.263951576516410616e-02 8.258018766847763999e-05 3.302376948756602891e-03 1.326898415813030025e-03 2.972916601813199069e-05 8.010240400594474328e-03 7.704326111495626373e-05
1.683766327381355454e+00 3.788886756924329108e-02 1.084111590738506825e-02 7.548031426109940486e-05 2.050942840802087719e-03 9.105904307354778515e-04 2.258239246427954519e-05 7.879582635847502681e-03 7.202300598797287871e-05
1.720716513355730282e+00 3.599489805108439106e-02 9.761957790680302408e-03 7.315688010524545252e-05 1.261020201935726236e-03 6.959766296193272209e-04 1.737248599565116190e-05 7.804960959125249384e-03 7.106423739873778947e-05
1.755723775306585743e+00 3.400389272494652726e-02 8.822328433452495192e-03 7.128607724628152316e-05 7.687791436621846126e-04 4.722876340666601249e-04 1.363869044434957222e-05 7.581261655723650454e-03 6.996921417399243174e-05
1.788693739932263993e+00 3.192121901929622502e-02 8.193465783412555783e-03 6.937080661646536099e-05 4.659964309936950942e-04 3.308735805179137705e-04 1.032428141156868606e-05 7.396595771900946539e-03 6.859823630352147839e-05
1.819537526162145813e+00 2.975249150078879135e-02 7.739800686551857704e-03 6.700886364285900301e-05 2.822408357629803150e-04 2.315871015384528611e-04 7.927402042748462138e-06 7.225972749250424501e-03 6.653829050674429002e-05
1.848171984785929700e+00 2.750355674992454452e-02 7.296197000018564936e-03 6.412288023580445956e-05 1.723131865279529701e-04 1.609219544935822489e-04 6.041038867773370636e-06 6.962961858997029907e-03 6.383768181202520604e-05
1.874519922646898262e+00 2.518047762152112595e-02 7.182330441378664311e-03 6.470470200656339014e-05 1.075895516388587135e-04 1.147991280725122951e-04 5.017930262546463027e-06 6.959941761667293343e-03 6.450983520083110453e-05
1.898510310810046064e+00 2.278951694399772993e-02 6.766342404909583136e-03 5.975832393980138783e-05 7.017311848076197899e-05 6.858541003324532118e-05 3.377341124750830691e-06 6.627583876395576161e-03 5.966280958035170368e-05
1.920078476177627502e+00 2.033712072945731419e-02 6.732138361845691789e-03 6.168438381446380062e-05 4.901368205636302117e-05 4.897921742871471490e-05 2.620703796436721255e-06 6.634145462360614351e-03 6.162868746112823925e-05
1.939166276116423226e+00 1.782990101420800499e-02 6.516974436266838658e-03 5.770264708612924488e-05 3.737402269507726784e-05 2.668758553499068245e-05 2.168724364959181759e-06 6.452912828036770979e-03 5.766187748742848549e-05
1.955722255839996038e+00 1.527461859678459592e-02 6.448784555667753937e-03 5.802401037502267133e-05 3.119986267953394574e-05 1.848419590595359378e-05 2.078965528838877943e-06 6.399100497082266421e-03 5.798675436968893186e-05
1.969701788765052752e+00 1.267816647681607387e-02 6.262773622717680497e-03 5.664397407825096093e-05 2.808534740966926930e-05 1.633289933682489242e-05 1.927853613189805656e-06 6.218355375971186538e-03 5.661115773258552144e-05
1.981067201752598095e+00 1.004755718228764021e-02 6.168514938675262460e-03 5.483073577578887641e-05 2.662495232708225241e-05 9.416433922886664117e-06 1.899442441172404961e-06 6.132473552425293274e-03 5.479782572444865941e-05
1.989787895222221659e+00 7.389931163347146330e-03 6.075745105770850862e-03 5.486197015396687509e-05 2.601280783693284696e-05 7.487716369260681894e-06 1.886657371695845534e-06 6.042244581564657109e-03 5.482952027089584322e-05
1.995840525118838027e+00 4.712729926954788671e-03 5.993166711824732262e-03 5.462429921184480566e-05 2.579882877739118682e-05 1.988709617036250640e-06 1.937851136906536055e-06 5.965379173430304660e-03 5.458991479528374263e-05
1.999210123227435965e+00 2.026811968874553827e-03 5.966316525141494680e-03 5.462177532032939296e-05 2.574382420035389843e-05 4.565842428457721081e-06 1.956032276697225612e-06 5.936006858512683435e-03 5.458674085230830208e-05
2.003159507090256142e+00 8.107247875498215309e-03 6.027451850166795112e-03 5.367313750851695564e-05 2.573109288746601735e-05 3.762693456330023910e-06 1.982007975689326911e-06 5.997958063822999251e-03 5.363652985039648783e-05
2.016637899524647448e+00 1.885091970781915469e-02 5.878418228714803011e-03 5.291619202335653857e-05 2.603235449834261794e-05 3.784498114477614484e-08 1.925857981303669355e-06 5.852348029235315829e-03 5.288113509833720482e-05
2.040848419111113365e+00 2.955972465338858532e-02 5.635413226710021990e-03 5.115424326582234733e-05 2.741904193825828222e-05 -5.094798093106122725e-06 1.892551247252476341e-06 5.613088982864869805e-03 5.111922196077962703e-05
2.075731192989607177e+00 4.019022872915056083e-02 5.403530714513072111e-03 4.927036541794717713e-05 2.991753995177501147e-05 -6.169958439038651718e-06 1.815256627518993297e-06 5.379783133000335532e-03 4.923691452349846171e-05
2.121192844939788991e+00 5.071266590726429546e-02 4.990568433948907104e-03 4.477121539493652852e-05 3.203350608981393976e-05 -6.031042166506040360e-07 1.535633147269173334e-06 4.959138032075744058e-03 4.474487187127492159e-05
2.177110976640015405e+00 6.109847438713838369e-02 4.651115235533014904e-03 4.158860001583411905e-05 3.150935320821006831e-05 3.595440532867509106e-06 1.455751448236899400e-06 4.616010441791937487e-03 4.156311392326126139e-05
2.243334895534307094e+00 7.131960405683201998e-02 4.159481791033413714e-03 3.866403493111359905e-05 2.706955754236694772e-05 9.615596145700355417e-06 1.155904520741147799e-06 4.122796637345346391e-03 3.864675254006865379e-05
2.319686095289489991e+00 8.134848291782925678e-02 3.634002738124824609e-03 3.246021630324712106e-05 1.956517787468632400e-05 1.127685427534032071e-05 8.444395225364944920e-07 3.603160705974797935e-03 3.244923056632265373e-05
2.405958756759816186e+00 9.115806777599091970e-02 3.083397042426919924e-03 2.841850293156749391e-05 1.145739028323258698e-05 1.052434893014420780e-05 5.217547311467501847e-07 3.061415303213543306e-03 2.841371290190770386e-05
2.501920309412406951e+00 1.007219104860845038e-01 2.641044032083101744e-03 2.409383032290871401e-05 5.140570758476282791e-06 6.380358089006937036e-06 2.722018938908462560e-07 2.629523103235618334e-03 2.409229266296750177e-05
2.607312060856281200e+00 1.100142269996981781e-01 2.130452533713499737e-03 1.950814082020412043e-05 1.584694121794865886e-06 3.276808485418847081e-06 1.175359195393433572e-07 2.125591031106285975e-03 1.950778674192775423e-05
2.721849895351416748e+00 1.190099660031551654e-01 1.670353984255356760e-03 1.505546702262191373e-05 2.637947310621719182e-07 9.212711694366291746e-07 4.577725313483066299e-08 1.669168918354858042e-03 1.505539742791107369e-05
2.845225040270944028e+00 1.276848760771849001e-01 1.317732856714406726e-03 1.200640245940365320e-05 5.323845883058474243e-08 -9.770091661046790354e-08 1.223334913774407751e-08 1.317777319172186521e-03 1.200639622710924005e-05
2.977104898773657471e+00 1.360155708997861090e-01 1.027937253693959104e-03 8.981082144453820664e-06 1.048524569210256076e-07 -1.808265672489828462e-07 1.028456976457982272e-08 1.028013227804287083e-03 8.981076255831033577e-06
3.117133946577078429e+00 1.439795922043375642e-01 7.908536402307365888e-04 6.788233028029492447e-06 1.043084346887571080e-07 -6.408067257702190336e-08 6.073501566636192212e-09 7.908134124686248129e-04 6.788230311016942374e-06
3.264934690474578183e+00 1.515554702769731643e-01 6.076350673642675173e-04 5.224640030711928301e-06 5.533500099081093909e-08 -4.909048763355391130e-09 2.773901774682741342e-09 6.075846414120401147e-04 5.224639294342383791e-06
3.420108686042091950e+00 1.587227818095231224e-01 4.531306496946699638e-04 3.752831157841648501e-06 1.638951387832238746e-08 3.788034569861842316e-09 8.031208615553423487e-10 4.531104721462217541e-04 3.752831071906110996e-06
3.582237611805958455e+00 1.654622049423382368e-01 3.249706032815923257e-04 2.656940283405997756e-06 2.091084506397258487e-09 1.655504391282757402e-09 1.914486580530586565e-10 3.249668566926946405e-04 2.656940276508479294e-06
3.750884396984221603e+00 1.717555713437418641e-01 2.320639170754188504e-04 1.935678825820668734e-06 1.895148991443091712e-10 -2.233784171185922826e-10 2.647679009919517302e-11 2.320639509389368243e-04 1.935678825639590031e-06
3.925594399765720777e+00 1.775859151831475080e-01 1.669566110227522571e-04 1.349612278283294647e-06 4.385936246749271697e-10 -6.888273451138354068e-11 1.752876419179895389e-11 1.669562413118620995e-04 1.349612278169462736e-06
4.105896632953172087e+00 1.829375188644574157e-01 1.157976762269709200e-04 9.233228461294521373e-07 2.928732186187088956e-10 2.388821463398692668e-11 5.092587122114945252e-12 1.157973594655376610e-04 9.233228461154081193e-07
4.291305033667686786e+00 1.877959553956478622e-01 7.780640593782639665e-05 6.061054607077512048e-07 7.442155421702791245e-11 1.645162055377440135e-11 9.732008986586889206e-13 7.780631506465162110e-05 6.061054607069699228e-07
4.481319773692808539e+00 1.921481272798840345e-01 5.232946531812658646e-05 4.197429633300334972e-07 4.976482564154737738e-12 1.579097610476982633e-12 1.238625004969386672e-13 5.232945876254641108e-05 4.197429633300152330e-07
4.675428606926207209e+00 1.959823018230266445e-01 3.390735971445577843e-05 2.771305249829097795e-07 6.530965437771173251e-12 -2.035238872077700220e-13 5.958085750636857865e-14 3.390735338701423055e-05 2.771305249829033738e-07
4.873108250306953160e+00 1.992881427621998325e-01 2.140826012346788655e-05 1.767424464511185628e-07 9.878708197140034130e-12 1.928927563581583582e-13 3.047013558153769122e-14 2.140825005186693382e-05 1.767424464511159423e-07
5.073825794495882668e+00 2.020567381300367171e-01 1.316070826332142958e-05 1.064382855098436808e-07 6.530765184365937159e-12 1.854785622740482360e-13 1.121192388382671481e-14 1.316070154707768292e-05 1.064382855098430853e-07
5.277040140506298549e+00 2.042806242794215632e-01 8.375785335592603076e-06 6.553369295138464438e-08 2.893538829211791165e-12 4.278955888026983822e-14 3.478610892023461526e-15 8.375782399264215539e-06 6.553369295138455173e-08
5.482203458412220343e+00 2.059538060039229346e-01 5.001475788702705458e-06 4.000498299983784391e-08 1.100806171580847570e-12 -6.424156747546925431e-16 9.677255359815301867e-16 5.001474688538949247e-06 4.000498299983783067e-08
5.688762664201853170e+00 2.070717726996400831e-01 2.913959829830358088e-06 2.292623803249417179e-08 4.791177748594689712e-13 -1.432607365359359968e-15 2.817537520925991533e-16 2.913959352145190666e-06 2.292623803249416848e-08
5.896160910795009258e+00 2.076315105248818516e-01 1.675366618733498676e-06 1.288754339289579838e-08 2.862374022009442547e-13 -6.530004148328420818e-18 9.882195466519890422e-17 1.675366332502626527e-06 1.288754339289579838e-08
6.103839089204991630e+00 2.076315105248818516e-01 9.448932556689493932e-07 7.213562416344039622e-09 2.140612478911071312e-13 1.626893735226452101e-16 4.012935168970637657e-17 9.448930414450121639e-07 7.213562416344039622e-09
6.311237335798145942e+00 2.070717726996400831e-01 5.133299684782630663e-07 3.779217457369349718e-09 1.746019324051382751e-13 8.020070492891575406e-17 1.924766062338364308e-17 5.133297937961299679e-07 3.779217457369349718e-09
6.517796541587779657e+00 2.059538060039229346e-01 2.682835544640014114e-07 1.915218177432273065e-09 1.450109823815473998e-13 4.190586801648493881e-17 9.521806051843104971e-18 2.682834094111131541e-07 1.915218177432273065e-09
6.722959859493701451e+00 2.042806242794215632e-01 1.366408516754985858e-07 1.003667295475240238e-09 1.168493083308334207e-13 3.333217358189163395e-17 4.482538382843713484e-18 1.366407347928580703e-07 1.003667295475240238e-09
6.926174205504117332e+00 2.020567381300367171e-01 6.650957447057530263e-08 4.934412805576449666e-10 8.835219382956828615e-14 9.740199526075010903e-18 2.129704085111101214e-18 6.650948610864127259e-08 4.934412805576449666e-10
7.126891749693046840e+00 1.992881427621998325e-01 3.178827335021126204e-08 2.464949334352084820e-10 6.366783451756358119e-14 3.970086200981877819e-19 9.304465500533566523e-19 3.178820968197973355e-08 2.464949334352084820e-10
7.324571393073792791e+00 1.959823018230266445e-01 1.455948265979569685e-08 1.138144946507350024e-10 4.644292410632604854e-14 -3.665438398660337108e-19 4.228136615044152435e-19 1.455943621723813455e-08 1.138144946507350024e-10
7.518680226307191461e+00 1.921481272798840345e-01 7.324376310197677756e-09 6.286642500341012587e-11 3.556028762732180684e-14 -4.216234245000643112e-19 2.036193368406336270e-19 7.324340750331673981e-09 6.286642500341012587e-11
7.708694966332313214e+00 1.877959553956478622e-01 4.524113961831294604e-09 3.945438303162403274e-11 2.792735512102387555e-14 -2.111558084373526472e-19 1.040404850780685129e-19 4.524086034687329094e-09 3.945438303162403274e-11
7.894103367046827913e+00 1.829375188644574157e-01 3.694380641846809523e-09 3.270052106660724325e-11 2.197845552815150661e-14 -6.743567523787459510e-20 6.274431960657117187e-20 3.694358663458717051e-09 3.270052106660724325e-11
8.074405600234278779e+00 1.775859151831475080e-01 3.490884673834040212e-09 2.893823541043824856e-11 1.752566966053364460e-14 -9.126240536080491551e-20 4.043966170748624026e-20 3.490867148255642231e-09 2.893823541043824856e-11
8.249115603015777509e+00 1.717555713437418641e-01 3.518591591172180891e-09 2.920070845373020348e-11 1.432975228630851846e-14 -9.603662023723727877e-20 2.779504740835995566e-20 3.518577261515931162e-09 2.920070845373020348e-11
8.417762388194041989e+00 1.654622049423382368e-01 3.426564131542394261e-09 2.945273718049794637e-11 1.186721268737851357e-14 -7.326500732597250844e-20 2.262364093615167436e-20 3.426552264402972032e-09 2.945273718049794637e-11
8.579891313957908494e+00 1.587227818095231224e-01 3.295368081412904406e-09 2.559123069188920834e-11 9.801228985408982077e-15 -8.284802714807392877e-20 1.720704369724146705e-20 3.295358280266766856e-09 2.559123069188920834e-11
8.735065309525420929e+00 1.515554702769731643e-01 3.061637257264105896e-09 2.373178754161796357e-11 8.098329533966406120e-15 -6.061768103855508398e-20 1.369905889521715891e-20 3.061629158995189677e-09 2.373178754161796357e-11
8.882866053422921127e+00 1.439795922043375642e-01 2.810609371842845455e-09 2.112360822342505304e-11 6.793131561280030672e-15 -5.143740210625573427e-20 1.053844027865523172e-20 2.810602578762721550e-09 2.112360822342505304e-11
9.022895101226342973e+00 1.360155708997861090e-01 2.502312689319892933e-09 1.864501246550735824e-11 5.829521721251188416e-15 -2.759678354085344295e-20 8.360545055161051946e-21 2.502306859825768350e-09 1.864501246550735824e-11
9.154774959729056860e+00 1.276848760771849001e-01 2.215773157717191722e-09 1.609151589348159598e-11 5.092198207950540670e-15 -4.458820756473289907e-20 7.142097092026626047e-21 2.215768065563571856e-09 1.609151589348159598e-11
9.278150104648583252e+00 1.190099660031551654e-01 1.956929855500823594e-09 1.400253827962635901e-11 4.488629710017598483e-15 -2.297411820551765760e-20 5.702948373775448733e-21 1.956925366894087797e-09 1.400253827962635901e-11
9.392687939143719689e+00 1.100142269996981781e-01 1.698073339037655697e-09 1.218039089561479051e-11 3.977425309322156754e-15 -2.567772816308042593e-20 4.796822384224328627e-21 1.698069361638024152e-09 1.218039089561479051e-11
9.498079690587593049e+00 1.007219104860845038e-01 1.499651681763005737e-09 1.042579290401006438e-11 3.548974109327282899e-15 -1.870672228467138232e-20 4.455283221718070632e-21 1.499648132807603231e-09 1.042579290401006438e-11
9.594041243240184258e+00 9.115806777599091970e-02 1.318760558701095155e-09 9.033387071887580747e-12 3.199940822788672542e-15 -1.190155660443042302e-20 3.721297289405312811e-21 1.318757358772173972e-09 9.033387071887580747e-12
9.680313904710509121e+00 8.134848291782925678e-02 1.166884782476434205e-09 8.055475086371751407e-12 2.922163655632867083e-15 -1.061630665658510780e-20 3.219801181412792878e-21 1.166881860323394967e-09 8.055475086371751407e-12
9.756665104465692906e+00 7.131960405683201998e-02 1.052583587079542238e-09 7.222002507838498742e-12 2.703433855357132249e-15 -6.101284122377689801e-21 2.994847943969410464e-21 1.052580883651788258e-09 7.222002507838498742e-12
9.822889023359984151e+00 6.109847438713838369e-02 9.591611245303100683e-10 6.856783059858065844e-12 2.531599123247831577e-15 -6.519468963121627850e-21 2.655386111949880947e-21 9.591585929377062511e-10 6.856783059858065844e-12
9.878807155060211898e+00 5.071266590726429546e-02 8.801446581180826283e-10 5.981135995573536632e-12 2.397158137650096590e-15 -5.863588449263911534e-21 2.397113441052827894e-21 8.801422609658085965e-10 5.981135995573536632e-12
9.924268807010392379e+00 4.019022872915056083e-02 8.127207696384416074e-10 5.572170081544761774e-12 2.293714895736864576e-15 -4.338420646999711867e-21 2.196796335355925292e-21 8.127184759278842599e-10 5.572170081544761774e-12
9.959151580888885746e+00 2.955972465338858532e-02 7.715037842965546265e-10 5.269877226102581846e-12 2.217317543336581030e-15 -1.186450910511044870e-21 2.270400259427850298e-21 7.715015669801977143e-10 5.269877226102581846e-12
9.983362100475352108e+00 1.885091970781915469e-02 7.379147581175377198e-10 5.044672269065407489e-12 2.165620730555663900e-15 5.772057759243409035e-23 2.056841908132817830e-21 7.379125924967493951e-10 5.044672269065407489e-12
9.996840492909743858e+00 8.107247875498215309e-03 7.250492784310191082e-10 4.969347501900264690e-12 2.137272875992455248e-15 -1.323342241723597365e-21 2.087778190872409935e-21 7.250471411594664801e-10 4.969347501900264690e-12
