# q, q weight, n(q), n(q) error, I, \delta U + \delta U^\dagger, \delta U + \delta U^\dagger error, \delta U^2, \delta U^2 error
# 
7.898767725640354342e-04 2.026811968874553827e-03 2.217056856002596277e+00 2.363066296274645480e-03 2.545293417550476445e+00 -3.332154275381710717e-01 2.361494534964857575e-03 4.978865990290923770e-03 8.617355696663861139e-05
4.159474881161862037e-03 4.712729926954788671e-03 2.210320590201953372e+00 2.212656021346483953e-03 2.545464793031134043e+00 -3.401250117325312905e-01 2.211542042446445165e-03 4.980808903350949363e-03 7.020301484023524715e-05
1.021210477777834136e-02 7.389931163347146330e-03 2.209971083757437782e+00 2.323821591323163831e-03 2.546358055370065543e+00 -3.414423489348844543e-01 2.322706046406056851e-03 5.055377322256756657e-03 7.199590466454106475e-05
1.893279824740179418e-02 1.004755718228764021e-02 2.214073595681407269e+00 2.501703306962511052e-03 2.548962307611769784e+00 -3.397764201433147169e-01 2.500772813854828646e-03 4.887708212952533368e-03 6.822587157206166561e-05
3.029821123494724766e-02 1.267816647681607387e-02 2.220038598110207317e+00 2.571630515288044535e-03 2.554665239975595803e+00 -3.396475268139796944e-01 2.570692459162000378e-03 5.020884948591364076e-03 6.945349212443846390e-05
4.427774416000385127e-02 1.527461859678459592e-02 2.229292055215268853e+00 2.933092289273679654e-03 2.565180835511724933e+00 -3.407896175510604642e-01 2.932248265740995327e-03 4.900837254604274197e-03 7.035968629577084559e-05
6.083372388357677352e-02 1.782990101420800499e-02 2.247816231613918081e+00 2.791535331037972578e-03 2.582416714791356149e+00 -3.396436578403280726e-01 2.790561809431983242e-03 5.043174662890140443e-03 7.371765170553174298e-05
7.992152382237249775e-02 2.033712072945731419e-02 2.275649262946185303e+00 2.768875460837192694e-03 2.608259841384617861e+00 -3.375226788096640784e-01 2.767968304321935264e-03 4.912100371231228023e-03 7.087160147426967507e-05
1.014896891899540465e-01 2.278951694399772993e-02 2.312222953522113933e+00 2.960334067975226371e-03 2.644267213047122311e+00 -3.369302834678002956e-01 2.959485995525254227e-03 4.886023942791810522e-03 7.085503725668662578e-05
1.254800773531017377e-01 2.518047762152112595e-02 2.351089526688461717e+00 3.069467942485151323e-03 2.691265598240697443e+00 -3.449521009707204322e-01 3.068706763884061946e-03 4.776029418484683750e-03 6.835383848940430700e-05
1.518280152140702999e-01 2.750355674992454452e-02 2.411278975197911123e+00 3.343368948198523379e-03 2.748891748489822984e+00 -3.423899279651491656e-01 3.342611866893762176e-03 4.777154673237358692e-03 7.114654650157080341e-05
1.804624738378541871e-01 2.975249150078879135e-02 2.470295373148803098e+00 3.428643814511916129e-03 2.815138739474457807e+00 -3.496379114262630483e-01 3.427926075014639876e-03 4.794545100608066032e-03 7.015148626757316370e-05
2.113062600677360070e-01 3.192121901929622502e-02 2.539785176289349078e+00 3.547035638899452906e-03 2.886007274108219889e+00 -3.508288768716418815e-01 3.546337081438525295e-03 4.606779052771218033e-03 7.039267317649100422e-05
2.442762246934143677e-01 3.400389272494652726e-02 2.609455463064874969e+00 3.599534204902577264e-03 2.955380470000775528e+00 -3.504867239120708078e-01 3.598893383007454021e-03 4.561716976170044485e-03 6.791840699539723237e-05
2.792834866442696073e-01 3.599489805108439106e-02 2.662988768660217609e+00 3.684414938042943240e-03 3.015232777708368062e+00 -3.567966255820439470e-01 3.683752349039558314e-03 4.552616533893671241e-03 6.987178700678600295e-05
3.162336726186445457e-01 3.788886756924329108e-02 2.713289957130085917e+00 3.654683403133635565e-03 3.056238278314404866e+00 -3.473111472943455902e-01 3.654073150046731420e-03 4.362826110026648586e-03 6.678466326941245922e-05
3.550271715105229875e-01 3.968069545238078061e-02 2.727404111458366032e+00 3.551834521893544681e-03 3.068761694813094021e+00 -3.457421776217138865e-01 3.551243162931041857e-03 4.384594266985898138e-03 6.481102259860316457e-05
3.955594029514896137e-01 4.136555123558455921e-02 2.718720564189554434e+00 3.542162394401899336e-03 3.044113397704402146e+00 -3.295710980700468640e-01 3.541624853414258693e-03 4.178264555199257338e-03 6.170758456970089735e-05
4.377210992460554007e-01 4.293889283593546602e-02 2.652837713237833128e+00 3.366439873859043003e-03 2.975857390510599387e+00 -3.269456539416754071e-01 3.365947446817972154e-03 3.925976668909156655e-03 5.757785657405789384e-05
4.813985999414301942e-01 4.439647879578687700e-02 2.563204459423983117e+00 3.231395429571910782e-03 2.860912631010583240e+00 -3.015583678557433034e-01 3.230889450593856741e-03 3.850196269143001896e-03 5.718199279107056513e-05
5.264741582382929108e-01 4.573437971611435393e-02 2.419500663658356476e+00 2.931670049833412506e-03 2.700206826084904588e+00 -2.845039858166276692e-01 2.931151033620180753e-03 3.797823390079622333e-03 5.516247998041236083e-05
5.728262584169215854e-01 4.694898884891196555e-02 2.245850787065215126e+00 2.700122052601252026e-03 2.498729604200789822e+00 -2.565896786121389939e-01 2.699585114337472655e-03 3.710861476563975542e-03 5.384523554719930282e-05
6.203299434232020237e-01 4.803703181997100863e-02 2.035460440210244748e+00 2.553494190717230973e-03 2.264965102346317316e+00 -2.333079664800180308e-01 2.552995784999064627e-03 3.803304343945412922e-03 5.044902183052603193e-05
6.688571517315518022e-01 4.899557545575666112e-02 1.808343916187279410e+00 2.308590682068250959e-03 2.009822115664759323e+00 -2.052161309300702952e-01 2.308011280315221993e-03 3.737931452590493621e-03 5.171911899908646093e-05
7.182770625767382899e-01 4.982203569054995812e-02 1.577496331768013516e+00 1.989505413106037145e-03 1.745281853387784743e+00 -1.715867565024414843e-01 1.988856439600082248e-03 3.801234882670262091e-03 5.081192221820537118e-05
7.684564486239706671e-01 5.051418453250917928e-02 1.345489270953768246e+00 1.700123279867435215e-03 1.483022606034847035e+00 -1.414599457067971799e-01 1.699344042346067609e-03 3.926610625718401221e-03 5.146836397372530725e-05
8.192600351265746372e-01 5.107015606985539080e-02 1.122166071675242183e+00 1.454197001228482982e-03 1.233253651648080096e+00 -1.151236961785741392e-01 1.453177044770841706e-03 4.036116205736403791e-03 5.445543988432837080e-05
8.705508646030549746e-01 5.148845150098073364e-02 9.168057381663541339e-01 1.206226967791240289e-03 1.003914666653525911e+00 -9.140527472326791247e-02 1.204936235176495450e-03 4.296346236096112645e-03 5.578679938429032686e-05
9.221906660504634035e-01 5.176794317491002079e-02 7.357003840086533408e-01 1.024665826595803431e-03 8.003001790911746793e-01 -6.901937347958839175e-02 1.022992048762440829e-03 4.419578397067102683e-03 5.854335455100979940e-05
9.740402276987522034e-01 5.190787763122046289e-02 5.798035298817798555e-01 8.766274421465042451e-04 6.250793946185576599e-01 -5.012624995299432701e-02 8.747997266212398457e-04 4.850385216216489617e-03 5.657835829826403666e-05
1.025959772301247908e+00 5.190787763122046289e-02 4.491775043696344949e-01 7.563248449213616671e-04 4.786194137651482161e-01 -3.456794164635322575e-02 7.538409005871996287e-04 5.126032250839528820e-03 6.124677662703281440e-05
1.077809333949536486e+00 5.176794317491002079e-02 3.427911013609794000e-01 5.671849377450236505e-04 3.594916866039972181e-01 -2.222922504296560853e-02 5.635655891600500943e-04 5.528639799947760933e-03 6.397327816762274420e-05
1.129449135396944914e+00 5.148845150098073364e-02 2.576373046556419966e-01 4.563654701615719187e-04 2.650441335690411071e-01 -1.324336066847864660e-02 4.516851479325731562e-04 5.836531755079536928e-03 6.519179007299992262e-05
1.180739964873425363e+00 5.107015606985539080e-02 1.903923588264894717e-01 3.593378276433105401e-04 1.919449252150730312e-01 -7.730535993088332239e-03 3.526494888255768769e-04 6.177969604504797950e-03 6.900733588882322341e-05
1.231543551376029333e+00 5.051418453250917928e-02 1.395899815749759854e-01 2.967369475915555420e-04 1.366369618987395840e-01 -3.505442871939850290e-03 2.890221469535755546e-04 6.458462548176256875e-03 6.722361665589960528e-05
1.281722937423261710e+00 4.982203569054995812e-02 1.022900045912101819e-01 2.404393688781137164e-04 9.567489890427735566e-02 -2.791340959795231584e-04 2.305644746163055907e-04 6.894239782912342518e-03 6.819907001867849298e-05
1.331142848268448198e+00 4.899557545575666112e-02 7.405918720526762089e-02 1.937598868266063713e-04 6.594289287781085473e-02 9.516310757718341026e-04 1.796223187497556710e-04 7.164663251684942787e-03 7.265477513570928029e-05
1.379670056576797865e+00 4.803703181997100863e-02 5.389996458723914086e-02 1.683058189703513015e-04 4.476852525140369299e-02 1.759048448894812633e-03 1.499178914067199038e-04 7.372390886940639355e-03 7.649493143629586625e-05
1.427173741583078304e+00 4.694898884891196555e-02 3.953585089480216030e-02 1.355204924400361802e-04 2.995684030809958598e-02 1.998544724546349668e-03 1.137607944040397917e-04 7.580465862156221188e-03 7.364974899992319916e-05
1.473525841761706978e+00 4.573437971611435393e-02 2.935914001990230782e-02 1.167965589178403523e-04 1.977001957617779970e-02 1.993177376621012645e-03 8.813437090362518929e-05 7.595943067103498071e-03 7.664051696374952994e-05
1.518601400058569695e+00 4.439647879578687700e-02 2.227139771181699604e-02 1.017521304654690328e-04 1.287536598250615082e-02 1.616485177332039865e-03 6.644967065175774767e-05 7.779546551978803841e-03 7.705801272116193968e-05
1.562278900753944599e+00 4.293889283593546602e-02 1.770075994302047068e-02 9.013825383941687628e-05 8.279269680365403464e-03 1.480414699937964351e-03 4.938440904756213223e-05 7.941075562717102646e-03 7.540613335957635510e-05
1.604440597048510497e+00 4.136555123558455921e-02 1.446692582232109517e-02 8.511338303737863982e-05 5.259381325392570999e-03 1.247573931904820323e-03 3.892347079136917310e-05 7.959970565023703412e-03 7.569181853820770454e-05
1.644972828489477124e+00 3.968069545238078061e-02 1.210189738921452381e-02 8.373550044620572648e-05 3.302376948756602891e-03 8.773680793860370300e-04 2.864781529299022256e-05 7.922152361071884211e-03 7.868250576789757747e-05
1.683766327381355454e+00 3.788886756924329108e-02 1.058841776855640529e-02 7.977090824529978685e-05 2.050942840802087719e-03 6.881737986103911818e-04 2.364466525249477028e-05 7.849301129143925956e-03 7.618613789514142368e-05
1.720716513355730282e+00 3.599489805108439106e-02 9.459219790148775883e-03 7.608356807713139304e-05 1.261020201935726236e-03 5.256999168491135804e-04 1.744680024797512648e-05 7.672499671363935958e-03 7.405618470090625919e-05
1.755723775306585743e+00 3.400389272494652726e-02 8.720376042853439716e-03 7.371276751062465053e-05 7.687791436621846126e-04 3.705937928131427259e-04 1.337650235065381204e-05 7.581003106378112269e-03 7.248890452295684813e-05
1.788693739932263993e+00 3.192121901929622502e-02 8.156577260423793566e-03 7.302079738061109952e-05 4.659964309936950942e-04 2.625511101361655149e-04 9.643642192459680584e-06 7.428029719293932631e-03 7.238119241463263174e-05
1.819537526162145813e+00 2.975249150078879135e-02 7.738906170150897101e-03 7.026013367823870706e-05 2.822408357629803150e-04 1.822235650379821353e-04 7.577575605842190891e-06 7.274441769349934868e-03 6.985031662363254900e-05
1.848171984785929700e+00 2.750355674992454452e-02 7.611088557930019254e-03 7.020267350490702661e-05 1.723131865279529701e-04 1.348887610015982446e-04 5.846340469820126509e-06 7.303886610400467903e-03 6.995881410049428946e-05
1.874519922646898262e+00 2.518047762152112595e-02 7.309359600649103020e-03 6.691840963025918185e-05 1.075895516388587135e-04 8.710999993978953485e-05 4.417627920290220081e-06 7.114660049070454378e-03 6.677243526337074643e-05
1.898510310810046064e+00 2.278951694399772993e-02 7.089719200772236045e-03 6.679882699199392120e-05 7.017311848076197899e-05 5.345155454197142496e-05 3.297138326322254596e-06 6.966094527749502885e-03 6.671740527301277246e-05
1.920078476177627502e+00 2.033712072945731419e-02 7.006158827011615617e-03 6.644893500874920231e-05 4.901368205636302117e-05 3.826689730881234556e-05 2.667339982502435217e-06 6.918878247646440514e-03 6.639537831215904201e-05
1.939166276116423226e+00 1.782990101420800499e-02 6.855745002695112257e-03 6.414172139849129884e-05 3.737402269507726784e-05 2.391581954059826101e-05 1.973763840653683880e-06 6.794455160459436996e-03 6.411134595579010779e-05
1.955722255839996038e+00 1.527461859678459592e-02 6.756653693263422848e-03 6.435120296264241449e-05 3.119986267953394574e-05 1.460970307464370946e-05 2.026929024366475434e-06 6.710844127509245013e-03 6.431927301726426494e-05
1.969701788765052752e+00 1.267816647681607387e-02 6.702398364026087955e-03 6.280383745461912148e-05 2.808534740966926930e-05 1.183430074523793323e-05 1.921426272990605399e-06 6.662478715871180367e-03 6.277443842921799860e-05
1.981067201752598095e+00 1.004755718228764021e-02 6.693754464392048797e-03 6.363090441633891144e-05 2.662495232708225241e-05 4.302490702588435735e-06 1.948755961928001357e-06 6.662827021362378518e-03 6.360105617866820653e-05
1.989787895222221659e+00 7.389931163347146330e-03 6.537945425258425564e-03 6.218085880537482812e-05 2.601280783693284696e-05 2.676409035686500896e-06 2.014421285409010357e-06 6.509256208385806597e-03 6.214822047861748853e-05
1.995840525118838027e+00 4.712729926954788671e-03 6.478935921953185573e-03 6.116518211255030167e-05 2.579882877739118682e-05 1.905405663682299760e-06 1.962031319601636723e-06 6.451231687512112324e-03 6.113370540023191824e-05
1.999210123227435965e+00 2.026811968874553827e-03 6.416444747642887150e-03 6.191846585027733867e-05 2.574382420035389843e-05 2.830981494122456905e-06 1.884508115640630946e-06 6.387869941948410776e-03 6.188978140544725470e-05
2.003159507090256142e+00 8.107247875498215309e-03 6.465861285983101614e-03 6.139378892982958651e-05 2.573109288746601735e-05 -2.996360608086068242e-07 1.903130327378643465e-06 6.440429829156444144e-03 6.136428451564866153e-05
2.016637899524647448e+00 1.885091970781915469e-02 6.437213285898537272e-03 6.080654808294568030e-05 2.603235449834261794e-05 -1.596218137821147621e-07 1.899980786871474073e-06 6.411340553213976980e-03 6.077685713142054295e-05
2.040848419111113365e+00 2.955972465338858532e-02 6.288634111946258230e-03 5.974000481521308891e-05 2.741904193825828222e-05 -5.346036439828020319e-06 1.879295023004400123e-06 6.266561106447828336e-03 5.971043816233635872e-05
2.075731192989607177e+00 4.019022872915056083e-02 6.113717455406845330e-03 5.647982282375029622e-05 2.991753995177501147e-05 -3.007737216246024873e-06 1.715426133685954760e-06 6.086807652671315932e-03 5.645376603364998146e-05
2.121192844939788991e+00 5.071266590726429546e-02 5.661396301106384581e-03 5.668872495715207257e-05 3.203350608981393976e-05 -1.268543851255776788e-06 1.505886262117318285e-06 5.630631338867826685e-03 5.666872015347798895e-05
2.177110976640015405e+00 6.109847438713838369e-02 5.297997063043919513e-03 5.048216012172320832e-05 3.150935320821006831e-05 3.047421125012926264e-06 1.399778629236536076e-06 5.263440288710696281e-03 5.046274973031526426e-05
2.243334895534307094e+00 7.131960405683201998e-02 4.954017734497850357e-03 4.710735682813884935e-05 2.706955754236694772e-05 4.552455720078468631e-06 1.172874658877630744e-06 4.922395721235405149e-03 4.709275350166055755e-05
2.319686095289489991e+00 8.134848291782925678e-02 4.459637397421947584e-03 4.176559193083031053e-05 1.956517787468632400e-05 7.842659462679328058e-06 8.160348114578694471e-07 4.432229560084582215e-03 4.175761914332672971e-05
2.405958756759816186e+00 9.115806777599091970e-02 3.928043169766944412e-03 3.616777029448944316e-05 1.145739028323258698e-05 6.529159540297951754e-06 5.312159828635006950e-07 3.910056619943413740e-03 3.616386895306561607e-05
2.501920309412406951e+00 1.007219104860845038e-01 3.531435057812067069e-03 3.214305635323141464e-05 5.140570758476282791e-06 3.717479124887975620e-06 2.922309300513751445e-07 3.522577007928702660e-03 3.214172790642300603e-05
2.607312060856281200e+00 1.100142269996981781e-01 3.033646273805771544e-03 2.791585741792511143e-05 1.584694121794865886e-06 1.891341482060254029e-06 1.245278576551762517e-07 3.030170238201916524e-03 2.791557966782334742e-05
2.721849895351416748e+00 1.190099660031551654e-01 2.552308053088509811e-03 2.241116762391411098e-05 2.637947310621719182e-07 4.397708634387467947e-07 4.360014604695847448e-08 2.551604487494008987e-03 2.241112521259119343e-05
2.845225040270944028e+00 1.276848760771849001e-01 2.131533730052414480e-03 1.849367780731373182e-05 5.323845883058474243e-08 -2.519788036749925314e-08 1.110770622635490730e-08 2.131505689473951574e-03 1.849367447154812508e-05
2.977104898773657471e+00 1.360155708997861090e-01 1.819066802293309521e-03 1.551583008515836163e-05 1.048524569210256076e-07 -1.681929592478717838e-08 1.097469662310397829e-08 1.818978769132313352e-03 1.551582620383263342e-05
3.117133946577078429e+00 1.439795922043375642e-01 1.501356264741965894e-03 1.227788925546794874e-05 1.043084346887571080e-07 6.056845537776425326e-08 6.807180013582783417e-09 1.501191387851899279e-03 1.227788736842929210e-05
3.264934690474578183e+00 1.515554702769731643e-01 1.228524265826259161e-03 9.948126157947622774e-06 5.533500099081093909e-08 5.284144384851594519e-08 3.562900514937764264e-09 1.228416089381419770e-03 9.948125519924929083e-06
3.420108686042091950e+00 1.587227818095231224e-01 9.958445158980997001e-04 7.771119742753997234e-06 1.638951387832238746e-08 2.240902773292802491e-08 9.367253862656235063e-10 9.958057173564884446e-04 7.771119686297882495e-06
3.582237611805958455e+00 1.654622049423382368e-01 7.996289442482035345e-04 6.297059564378323548e-06 2.091084506397258487e-09 4.016573611775726064e-09 2.175287881174885165e-10 7.996228365900853426e-04 6.297059560621111552e-06
3.750884396984221603e+00 1.717555713437418641e-01 6.155680655808468908e-04 4.734069277835683934e-06 1.895148991443091712e-10 -4.127072144504103092e-10 2.973372156571046198e-11 6.155682887731622147e-04 4.734069277742307868e-06
3.925594399765720777e+00 1.775859151831475080e-01 4.823627267092907398e-04 3.654426291194091545e-06 4.385936246749271697e-10 -2.710569299321719821e-10 2.012879787609003099e-11 4.823625591725959902e-04 3.654426291138656203e-06
4.105896632953172087e+00 1.829375188644574157e-01 3.697396804211030923e-04 2.819402937592211999e-06 2.928732186187088956e-10 4.276184403494149945e-11 6.038211414642808533e-12 3.697393447860404352e-04 2.819402937585746173e-06
4.291305033667686786e+00 1.877959553956478622e-01 2.705499233485715669e-04 2.046235704732830372e-06 7.442155421702791245e-11 2.938375220787596863e-11 1.204538070281585621e-12 2.705498195432651481e-04 2.046235704732475889e-06
4.481319773692808539e+00 1.921481272798840345e-01 1.988766134757182077e-04 1.524278999103834285e-06 4.976482564154737738e-12 2.895931669407851041e-12 1.708752426594107853e-13 1.988766056033039800e-04 1.524278999103824756e-06
4.675428606926207209e+00 1.959823018230266445e-01 1.420483139630442082e-04 1.076266915132025458e-06 6.530965437771173251e-12 -5.252948546021548948e-13 8.980030656633618268e-14 1.420483079573736380e-04 1.076266915132021647e-06
4.873108250306953160e+00 1.992881427621998325e-01 1.000754541240105245e-04 7.415093178006401433e-07 9.878708197140034130e-12 4.233791909113859392e-13 5.398972333357306324e-14 1.000754438219231350e-04 7.415093178006382375e-07
5.073825794495882668e+00 2.020567381300367171e-01 6.878150953914269491e-05 5.253021796585385119e-07 6.530765184365937159e-12 3.603802927389888897e-13 2.364132644152569029e-14 6.878150264799721731e-05 5.253021796585379825e-07
5.277040140506298549e+00 2.042806242794215632e-01 4.601345149750328550e-05 3.479956138943873437e-07 2.893538829211791165e-12 8.031067072894325273e-14 6.994645133026650504e-15 4.601344852365378633e-05 3.479956138943872908e-07
5.482203458412220343e+00 2.059538060039229346e-01 3.000800661477506071e-05 2.279507036938819876e-07 1.100806171580847570e-12 -3.897983506548165210e-16 1.916859019663993306e-15 3.000800551435868878e-05 2.279507036938819876e-07
5.688762664201853170e+00 2.070717726996400831e-01 1.933071757449830849e-05 1.456699128710990642e-07 4.791177748594689712e-13 -2.372430611899717147e-15 6.039091304312829226e-16 1.933071709775296309e-05 1.456699128710990642e-07
5.896160910795009258e+00 2.076315105248818516e-01 1.203213063494693235e-05 8.964322679960106427e-08 2.862374022009442547e-13 4.561130130539230211e-16 2.114943566814910795e-16 1.203213034825341695e-05 8.964322679960106427e-08
6.103839089204991630e+00 2.076315105248818516e-01 7.304310797986454342e-06 5.447967804007586048e-08 2.140612478911071312e-13 5.258977566048990903e-16 9.580181749320586576e-17 7.304310583399308750e-06 5.447967804007586048e-08
6.311237335798145942e+00 2.070717726996400831e-01 4.223229615587170894e-06 3.238185952475626993e-08 1.746019324051382751e-13 1.077536134416824452e-16 4.667492661075363802e-17 4.223229440877485190e-06 3.238185952475626993e-08
6.517796541587779657e+00 2.059538060039229346e-01 2.360040420629103166e-06 1.793885788659549721e-08 1.450109823815473998e-13 6.316767530939812340e-17 2.444874566956076134e-17 2.360040275554953058e-06 1.793885788659549721e-08
6.722959859493701451e+00 2.042806242794215632e-01 1.221563413497109483e-06 9.121644956764139461e-09 1.168493083308334207e-13 6.987455778898804479e-17 1.200824761364741550e-17 1.221563296577926695e-06 9.121644956764139461e-09
6.926174205504117332e+00 2.020567381300367171e-01 6.118533018559237488e-07 4.517770566678521244e-09 8.835219382956828615e-14 1.680364594879759741e-17 5.672301730854439586e-18 6.118532134869262316e-07 4.517770566678521244e-09
7.126891749693046840e+00 1.992881427621998325e-01 2.794194850119268935e-07 2.131674995485639766e-09 6.366783451756358119e-14 5.726108189038130519e-18 2.447393681859942346e-18 2.794194213383662771e-07 2.131674995485639766e-09
7.324571393073792791e+00 1.959823018230266445e-01 1.224492454559925395e-07 8.924935562743313964e-10 4.644292410632604854e-14 -2.829421443980200725e-18 1.110768533163981184e-18 1.224491990158978496e-07 8.924935562743313964e-10
7.518680226307191461e+00 1.921481272798840345e-01 5.663713177076650924e-08 4.446607685736054714e-10 3.556028762732180684e-14 1.423306923114670726e-19 5.699130920820032652e-19 5.663709621033654861e-08 4.446607685736054714e-10
7.708694966332313214e+00 1.877959553956478622e-01 3.837911498356760319e-08 3.474238529277563155e-10 2.792735512102387555e-14 1.821648993785162454e-19 2.923480811078412765e-19 3.837908705603031661e-08 3.474238529277563155e-10
7.894103367046827913e+00 1.829375188644574157e-01 4.169734184415739507e-08 3.854427975226158595e-10 2.197845552815150661e-14 4.675728761157172497e-20 1.741517091985686317e-19 4.169731986565511072e-08 3.854427975226158595e-10
8.074405600234278779e+00 1.775859151831475080e-01 5.178336990960381010e-08 4.078222162742278278e-10 1.752566966053364460e-14 -3.158413145112706861e-19 1.277883969531836010e-19 5.178335238424999248e-08 4.078222162742278278e-10
8.249115603015777509e+00 1.717555713437418641e-01 6.156115286925199785e-08 4.877301532573032245e-10 1.432975228630851846e-14 -2.078972167235336498e-19 9.833065421169019895e-20 6.156113853970761148e-08 4.877301532573032245e-10
8.417762388194041989e+00 1.654622049423382368e-01 6.963794508506279762e-08 5.416640278662318077e-10 1.186721268737851357e-14 -1.431523916577724437e-19 7.746054726667437284e-20 6.963793321799325933e-08 5.416640278662318077e-10
8.579891313957908494e+00 1.587227818095231224e-01 7.314927252506075147e-08 5.442945231649789973e-10 9.801228985408982077e-15 -1.456912076487534665e-19 6.048172470835866066e-20 7.314926272397745607e-08 5.442945231649789973e-10
8.735065309525420929e+00 1.515554702769731643e-01 7.417203912336588190e-08 5.600350180224068935e-10 8.098329533966406120e-15 -2.151933554458352915e-19 5.115751336027162123e-20 7.417203102525153844e-08 5.600350180224068935e-10
8.882866053422921127e+00 1.439795922043375642e-01 7.283877931545598099e-08 5.519191825114992795e-10 6.793131561280030672e-15 -1.604245290791684603e-19 4.657097489342158385e-20 7.283877252248485013e-08 5.519191825114992795e-10
9.022895101226342973e+00 1.360155708997861090e-01 6.994095584733509942e-08 5.225664851647119694e-10 5.829521721251188416e-15 -9.611582558745124448e-20 3.623455516308348178e-20 6.994095001790950054e-08 5.225664851647119694e-10
9.154774959729056860e+00 1.276848760771849001e-01 6.605422604171179635e-08 4.845803323182374809e-10 5.092198207950540670e-15 -1.343692157568016416e-19 3.110006912012103845e-20 6.605422094964795246e-08 4.845803323182374809e-10
9.278150104648583252e+00 1.190099660031551654e-01 6.183600857884392084e-08 4.583862156094795992e-10 4.488629710017598483e-15 -9.653794895275057725e-20 2.768546255530923647e-20 6.183600409031074539e-08 4.583862156094795992e-10
9.392687939143719689e+00 1.100142269996981781e-01 5.756391118508683681e-08 4.202555847421942039e-10 3.977425309322156754e-15 -1.279068952789170647e-19 2.424549073605508096e-20 5.756390720778943610e-08 4.202555847421942039e-10
9.498079690587593049e+00 1.007219104860845038e-01 5.264854567181621573e-08 3.784484930195901169e-10 3.548974109327282899e-15 -7.628040424145835111e-20 2.225254762160202183e-20 5.264854212291838727e-08 3.784484930195901169e-10
9.594041243240184258e+00 9.115806777599091970e-02 4.847592164968967735e-08 3.552200823446501509e-10 3.199940822788672542e-15 -9.856302586826026976e-20 1.968292752552434901e-20 4.847591844984741636e-08 3.552200823446501509e-10
9.680313904710509121e+00 8.134848291782925678e-02 4.448982875802733540e-08 3.244841007000829821e-10 2.922163655632867083e-15 -3.756113611234865096e-20 1.813768689191931265e-20 4.448982583590124405e-08 3.244841007000829821e-10
9.756665104465692906e+00 7.131960405683201998e-02 4.163487379669693354e-08 3.224016955619870725e-10 2.703433855357132249e-15 2.250613109567802961e-20 1.717756621631324250e-20 4.163487109324057007e-08 3.224016955619870725e-10
9.822889023359984151e+00 6.109847438713838369e-02 3.910662968222973528e-08 2.869493867682646438e-10 2.531599123247831577e-15 -3.812934192343691821e-20 1.563793220396375627e-20 3.910662715066874259e-08 2.869493867682646438e-10
9.878807155060211898e+00 5.071266590726429546e-02 3.717949956712416849e-08 2.743487554854442031e-10 2.397158137650096590e-15 6.053508878515469270e-21 1.512763571616134868e-20 3.717949716995997447e-08 2.743487554854442031e-10
9.924268807010392379e+00 4.019022872915056083e-02 3.514371938651013355e-08 2.638984679495561050e-10 2.293714895736864576e-15 1.283070900001112326e-21 1.388255016094302018e-20 3.514371709279395427e-08 2.638984679495561050e-10
9.959151580888885746e+00 2.955972465338858532e-02 3.379260120311269604e-08 2.539023897553489973e-10 2.217317543336581030e-15 3.199007696704371684e-21 1.282199439328360149e-20 3.379259898579195352e-08 2.539023897553489973e-10
9.983362100475352108e+00 1.885091970781915469e-02 3.298881523591926505e-08 2.403957510799571921e-10 2.165620730555663900e-15 6.169015796414071599e-21 1.259170618713342548e-20 3.298881307029236758e-08 2.403957510799571921e-10
9.996840492909743858e+00 8.107247875498215309e-03 3.267871515183137988e-08 2.458018698819296100e-10 2.137272875992455248e-15 1.546825535012136187e-20 1.258927775502230079e-20 3.267871301454303508e-08 2.458018698819296100e-10
