# q, q weight, n(q), n(q) error, I, \delta U + \delta U^\dagger, \delta U + \delta U^\dagger error, \delta U^2, \delta U^2 error
# 
7.898767725639244119e-04 2.026811968869310625e-03 1.551692819627381148e+00 2.503281692294206766e-03 1.897078612168848544e+00 -3.521044940201831230e-01 2.499639781671965551e-03 6.718701478715884308e-03 1.349821945972027345e-04
4.159474881161862037e-03 4.712729926954539739e-03 1.549468985726080161e+00 2.388731927347139024e-03 1.897244884170830703e+00 -3.547279612613288280e-01 2.386394064239910281e-03 6.952062816578160297e-03 1.056578955312862338e-04
1.021210477777823034e-02 7.389931163344385517e-03 1.552758445976968771e+00 2.472949519554452739e-03 1.898111588988165899e+00 -3.523681375040873531e-01 2.470203885805745403e-03 7.014994492890436022e-03 1.164993082159518492e-04
1.893279824740179418e-02 1.004755718228752918e-02 1.557219520888664777e+00 2.496743740821951146e-03 1.900638831855343991e+00 -3.504562219409212420e-01 2.494303568324309286e-03 7.036910974242112718e-03 1.103585808997554249e-04
3.029821123494724766e-02 1.267816647681593682e-02 1.555899072642650038e+00 2.652863292326316461e-03 1.906175320352010871e+00 -3.572280305568634740e-01 2.650570452942208142e-03 6.951782847502634144e-03 1.102720352680641621e-04
4.427774416000396229e-02 1.527461859678518226e-02 1.571135319498131233e+00 2.927534258778802505e-03 1.916392096084039043e+00 -3.522837295687629156e-01 2.925353820969782501e-03 7.026952982854946239e-03 1.129683958505440144e-04
6.083372388357677352e-02 1.782990101420809867e-02 1.586614749929471380e+00 2.928976076381701113e-03 1.933161808019024486e+00 -3.534468658087746018e-01 2.926994359569445436e-03 6.899807719221577249e-03 1.077259256864227676e-04
7.992152382237249775e-02 2.033712072945782420e-02 1.617671180591991886e+00 3.179269239294385714e-03 1.958364763896729199e+00 -3.475245560714900761e-01 3.177268925309741608e-03 6.830972766752888004e-03 1.127611288724179455e-04
1.014896891899540465e-01 2.278951694399788605e-02 1.643685063977921690e+00 3.478596582923348512e-03 1.993610490186603190e+00 -3.568229388086939791e-01 3.476836030828176893e-03 6.897512600012677304e-03 1.106589420741359151e-04
1.254800773531017377e-01 2.518047762152151453e-02 1.686888601972356572e+00 3.406883924706735969e-03 2.039879714131090260e+00 -3.598596359341532103e-01 3.405009371945904272e-03 6.868523775419532913e-03 1.130011211702367516e-04
1.518280152140702999e-01 2.750355674992476310e-02 1.748958627081698580e+00 3.493216707274085162e-03 2.097116629452447700e+00 -3.551629561409808677e-01 3.491496211466551484e-03 7.004953770231681781e-03 1.096228502344294805e-04
1.804624738378541871e-01 2.975249150078910013e-02 1.807940015904313968e+00 3.488485529361129087e-03 2.163831641771396974e+00 -3.625324723208568911e-01 3.486769206443324914e-03 6.640846453773887985e-03 1.094156732857996529e-04
2.113062600677358960e-01 3.192121901929623889e-02 1.880469026104804042e+00 3.866052616662759515e-03 2.236802621586420514e+00 -3.629865721819109381e-01 3.864570837104539230e-03 6.652976700294509563e-03 1.070284065381198652e-04
2.442762246934142567e-01 3.400389272494668685e-02 1.945996774048548428e+00 3.893621968765052007e-03 2.310976348066398067e+00 -3.714750719283246294e-01 3.892110433670435774e-03 6.495497910474898849e-03 1.084822923963729924e-04
2.792834866442696073e-01 3.599489805108465473e-02 2.016435783857671638e+00 4.122725421061951626e-03 2.379659287615079055e+00 -3.695184917956148007e-01 4.121328603445223102e-03 6.294988038207108109e-03 1.073100176809835905e-04
3.162336726186445457e-01 3.788886756924357557e-02 2.073606826708192852e+00 4.125581184597690992e-03 2.435041550707266023e+00 -3.678539828092621811e-01 4.124111557359288679e-03 6.419258810189162022e-03 1.101089149979843460e-04
3.550271715105228765e-01 3.968069545238093326e-02 2.108764531953054799e+00 4.140225506383128987e-03 2.469024508963145959e+00 -3.666380905172367810e-01 4.138983718168409015e-03 6.378113507145823091e-03 1.013953866911416189e-04
3.955594029514896137e-01 4.136555123558489921e-02 2.122935144567318133e+00 4.072111816160510489e-03 2.474239219179923399e+00 -3.572521333089814233e-01 4.070855561090764956e-03 5.948058696376150312e-03 1.011417028255275123e-04
4.377210992460554007e-01 4.293889283593563949e-02 2.105150777224453762e+00 3.921680944618507851e-03 2.445076521738732023e+00 -3.459358455867106996e-01 3.920538133876301859e-03 6.010101072432319155e-03 9.466874988948608728e-05
4.813985999414303052e-01 4.439647879578732109e-02 2.046536907628981883e+00 3.935406600672334589e-03 2.378525990343208996e+00 -3.378999766924699055e-01 3.934216468938434887e-03 5.910893978242749355e-03 9.677751882009804718e-05
5.264741582382929108e-01 4.573437971611472169e-02 1.956977141396042841e+00 3.621724643595045090e-03 2.274652144479234916e+00 -3.234063758503363806e-01 3.620541411298396940e-03 5.731372767144418505e-03 9.257042236625753165e-05
5.728262584169216964e-01 4.694898884891243046e-02 1.837423964859590253e+00 3.601992843694215227e-03 2.136615111711067438e+00 -3.048963192065592964e-01 3.600941396263586045e-03 5.705172355082029426e-03 8.702589671812311018e-05
6.203299434232020237e-01 4.803703181997142496e-02 1.700786371831374266e+00 3.167587885952139262e-03 1.970244711762720424e+00 -2.750993000189452808e-01 3.166485353263232168e-03 5.640960087599098532e-03 8.356747453505496267e-05
6.688571517315518022e-01 4.899557545575704276e-02 1.544765079060890667e+00 2.807662076483849467e-03 1.783270383362089317e+00 -2.439397876327238923e-01 2.806544373386430508e-03 5.434483331525252064e-03 7.921499819207691894e-05
7.182770625767382899e-01 4.982203569055035364e-02 1.372047148055773436e+00 2.548734468907624083e-03 1.584368825187955743e+00 -2.178206563708314780e-01 2.547547358216376099e-03 5.498979238649363485e-03 7.778078581880477948e-05
7.684564486239706671e-01 5.051418453250958174e-02 1.201652129790810486e+00 2.190588765938750616e-03 1.382205216095104605e+00 -1.861176374124841326e-01 2.189229308974038196e-03 5.564551108189989131e-03 7.716329558872802056e-05
8.192600351265746372e-01 5.107015606985579326e-02 1.035286903121016344e+00 2.007607986821962048e-03 1.184616604191260913e+00 -1.549894122997311774e-01 2.006140219884695094e-03 5.659711229486555188e-03 7.675445858266274652e-05
8.705508646030549746e-01 5.148845150098116386e-02 8.753222157016004035e-01 1.767408288902779998e-03 9.980326301331094996e-01 -1.285554849551466261e-01 1.765586780416300789e-03 5.845070523637619329e-03 8.022082336559354754e-05
9.221906660504634035e-01 5.176794317491041630e-02 7.290354142613413302e-01 1.472187067164580556e-03 8.271678308489367470e-01 -1.039099632007729340e-01 1.470079326158186183e-03 5.777546613177489410e-03 7.874982875500223414e-05
9.740402276987522034e-01 5.190787763122086534e-02 6.003455864564379851e-01 1.310788217688167636e-03 6.749670387986290709e-01 -8.084364379346004048e-02 1.308389258108005968e-03 6.222191451269022330e-03 7.926727507430225608e-05
1.025959772301247908e+00 5.190787763122086534e-02 4.880173624737840776e-01 1.085512528853724550e-03 5.427500108617677732e-01 -6.121212756730298743e-02 1.082376381329416305e-03 6.479479179319274501e-03 8.245495399699212839e-05
1.077809333949536486e+00 5.176794317491041630e-02 3.920439049271128296e-01 9.073014676668670437e-04 4.304856359041163705e-01 -4.512487739301786205e-02 9.034596544947211261e-04 6.683146416014315930e-03 8.340627033221225718e-05
1.129449135396944914e+00 5.148845150098116386e-02 3.132071077817276117e-01 7.594700666374950464e-04 3.371269547024096647e-01 -3.097142593906423991e-02 7.547568938972680367e-04 7.051579018382211211e-03 8.447966165243069557e-05
1.180739964873425363e+00 5.107015606985579326e-02 2.459444762522230155e-01 6.211451375515743278e-04 2.609502146440481063e-01 -2.229410303072241681e-02 6.150424102779125527e-04 7.288364638897315562e-03 8.685686768183693981e-05
1.231543551376029333e+00 5.051418453250958174e-02 1.930081114901193440e-01 5.363928755756808709e-04 1.998583377856761323e-01 -1.456907321264972952e-02 5.293823854965859412e-04 7.718846917092923865e-03 8.643845726464547471e-05
1.281722937423261710e+00 4.982203569055035364e-02 1.516730527520607774e-01 4.331069968910195456e-04 1.516266736052991893e-01 -8.019965331511468010e-03 4.235927850388658696e-04 8.066344478273064847e-03 9.028190969942308881e-05
1.331142848268448198e+00 4.899557545575704276e-02 1.180977816617301557e-01 3.575218677048028876e-04 1.140836327476454359e-01 -4.158285219366047308e-03 3.449329562560922110e-04 8.172434133450770521e-03 9.403797943152209958e-05
1.379670056576797865e+00 4.803703181997142496e-02 9.177082377135907520e-02 3.071619175737120211e-04 8.522934587529101824e-02 -1.902548853585338913e-03 2.936257446088405098e-04 8.444026749653403899e-03 9.017963024133450814e-05
1.427173741583078304e+00 4.694898884891243046e-02 7.262569380392362717e-02 2.546199548126223413e-04 6.330175237410357036e-02 6.217669623093276515e-04 2.393393867896670608e-04 8.702174467510733272e-03 8.687910749960537434e-05
1.473525841761706978e+00 4.573437971611472169e-02 5.691321124512433577e-02 2.125751697980812792e-04 4.680217824130174231e-02 1.340601794893653363e-03 1.937295429330212831e-04 8.770431208928937059e-03 8.750466850200479122e-05
1.518601400058569695e+00 4.439647879578732109e-02 4.552812616715103122e-02 1.850639493130406253e-04 3.449252740627062330e-02 2.037944893444534802e-03 1.617518212943888244e-04 8.997653867435876154e-03 8.991670391694622756e-05
1.562278900753944599e+00 4.293889283593563949e-02 3.655199094287655409e-02 1.740367111839732830e-04 2.537471102201875606e-02 2.238304254089952192e-03 1.497710296613544948e-04 8.938975666767845843e-03 8.864206402104703175e-05
1.604440597048510497e+00 4.136555123558489921e-02 2.980468585634476336e-02 1.381059511646444903e-04 1.866072285700827449e-02 2.291701806767364874e-03 1.069723944339030927e-04 8.852261192569125733e-03 8.735079035800778226e-05
1.644972828489477124e+00 3.968069545238093326e-02 2.475285585871288968e-02 1.253395004890799763e-04 1.373943665645582790e-02 2.006344033093859867e-03 8.965598609487460038e-05 9.007075169163198877e-03 8.758878090376491282e-05
1.683766327381355454e+00 3.788886756924357557e-02 2.096982282026066055e-02 1.174183579446201310e-04 1.014411401386444700e-02 1.703672055745811221e-03 7.716772651299401290e-05 9.122036750650402981e-03 8.849978964509858418e-05
1.720716513355730282e+00 3.599489805108465473e-02 1.788363543779181164e-02 1.071007545921540761e-04 7.522936853632089527e-03 1.537645864287306031e-03 6.132115495078595789e-05 8.823052719872418251e-03 8.780824329019748737e-05
1.755723775306585743e+00 3.400389272494668685e-02 1.566002177650994975e-02 1.040193596332070658e-04 5.613651857919765495e-03 1.236984061234739935e-03 5.313393557206747074e-05 8.809385857355443022e-03 8.942489624889620055e-05
1.788693739932264215e+00 3.192121901929623889e-02 1.413269221619929510e-02 9.543892587288113378e-05 4.222591719950249088e-03 1.159680559429784570e-03 4.315635745849126504e-05 8.750419936819261654e-03 8.512412926241433721e-05
1.819537526162145813e+00 2.975249150078910013e-02 1.271253196745535628e-02 9.054225192404494031e-05 3.207840961676663646e-03 9.375339980561780105e-04 3.690372451656126349e-05 8.567157007722514192e-03 8.268019412339920062e-05
1.848171984785929700e+00 2.750355674992476310e-02 1.171105523153440249e-02 8.628047354544269340e-05 2.466055857045338327e-03 7.995033211422834666e-04 3.040679726393398925e-05 8.445496053346780371e-03 8.074494903940340426e-05
1.874519922646898262e+00 2.518047762152151453e-02 1.079256062054544628e-02 8.511278065517611678e-05 1.922351042737793000e-03 7.017031351107404398e-04 2.597185599309733618e-05 8.168506442696912839e-03 8.105336592103954720e-05
1.898510310810046064e+00 2.278951694399788605e-02 1.028551853109909917e-02 8.458336839254460525e-05 1.522667558910245460e-03 5.475273528401081689e-04 2.243223921445781398e-05 8.215323619348745970e-03 8.155452686671816676e-05
1.920078476177627502e+00 2.033712072945782420e-02 9.774704701573860149e-03 8.041959604539011786e-05 1.228092997287084584e-03 5.093233480337333455e-04 2.045746489759103613e-05 8.037288356253042762e-03 7.777405453020664857e-05
1.939166276116423226e+00 1.782990101420809867e-02 9.410354333386196368e-03 7.780334318188906182e-05 1.010683653089073340e-03 4.559177476418980091e-04 1.790735278656500264e-05 7.943752932655225724e-03 7.571450935227875254e-05
1.955722255839996038e+00 1.527461859678518226e-02 9.011390536815112526e-03 7.525443064132646717e-05 8.504222958390175464e-04 4.135151601649279113e-04 1.582925003496797402e-05 7.747453080811167285e-03 7.357081061454116442e-05
1.969701788765052752e+00 1.267816647681593682e-02 8.789245189951153114e-03 7.597244954385749913e-05 7.330230478199471853e-04 3.615489848850605525e-04 1.475214387823609931e-05 7.694673157246145756e-03 7.452642042047769879e-05
1.981067201752598095e+00 1.004755718228752918e-02 8.716766848042789562e-03 7.556118563171353641e-05 6.483621670128738917e-04 3.214829529048967498e-04 1.327123666072669465e-05 7.746921728125019842e-03 7.438660532357459264e-05
1.989787895222221881e+00 7.389931163344385517e-03 8.518073024792457287e-03 7.517981690498814617e-05 5.893689886133160472e-04 2.967762619039050363e-04 1.285830771825117707e-05 7.631927774275236963e-03 7.407205135872978760e-05
1.995840525118838027e+00 4.712729926954539739e-03 8.546042008352693758e-03 7.427702119092642163e-05 5.512553127288305228e-04 2.941792942955252766e-04 1.194535348428456776e-05 7.700607401328337688e-03 7.331019306435377107e-05
1.999210123227435965e+00 2.026811968869310625e-03 8.307844672539786007e-03 7.250092782344233044e-05 5.309916220613733039e-04 2.812707037770659983e-04 1.193796562696569244e-05 7.495582346701346217e-03 7.151132436159590526e-05
2.003159507090255698e+00 8.107247875477242502e-03 8.260230459266229563e-03 7.410924379124335544e-05 5.080781778179821505e-04 2.577912695333990710e-04 1.111444625181062748e-05 7.494361011914849047e-03 7.327106591162404244e-05
2.016637899524647448e+00 1.885091970781815895e-02 8.150761492758378662e-03 7.313448147307387488e-05 4.362906727050873119e-04 2.561183659300677717e-04 1.034228754213086996e-05 7.458352454123223091e-03 7.239951290396414222e-05
2.040848419111112921e+00 2.955972465337754207e-02 7.900074331406513328e-03 7.096189531988065288e-05 3.294561252445319744e-04 2.099144034392088623e-04 8.634161320746168834e-06 7.360703802722771624e-03 7.043466366553495961e-05
2.075731192989607177e+00 4.019022872915011674e-02 7.420947559550528962e-03 6.797822210032508877e-05 2.159565703169635266e-04 1.392385066063694552e-04 6.620075053875004912e-06 7.065752482627195817e-03 6.765510539643100521e-05
2.121192844939788991e+00 5.071266590726374729e-02 7.061448680243338771e-03 6.566352610370745826e-05 1.202678226918827906e-04 8.108482478326894287e-05 4.752665850029402883e-06 6.860096032768187024e-03 6.549130345084173868e-05
2.177110976640015849e+00 6.109847438714072904e-02 6.353545220733962731e-03 6.073389001665282767e-05 5.511322988157524777e-05 4.858665158873529778e-05 3.068706323931725770e-06 6.249845339263652294e-03 6.065631408231416267e-05
2.243334895534307094e+00 7.131960405683239468e-02 5.927304540038663520e-03 5.681830473138710738e-05 2.020090051979322505e-05 1.566218001183093865e-05 1.611187093936087245e-06 5.891441459507039055e-03 5.679545605677535289e-05
2.319686095289489991e+00 8.134848291783129681e-02 5.317625354058278658e-03 5.349657901278710205e-05 6.726382778044435013e-06 5.095819610142599870e-06 7.757673071574114807e-07 5.305803151670091845e-03 5.349095391892463630e-05
2.405958756759816186e+00 9.115806777599154420e-02 4.801594071053826192e-03 4.812686456424964575e-05 3.970764678564755132e-06 9.515918116178253731e-07 6.237181510897821494e-07 4.796671714563643246e-03 4.812282273987706521e-05
2.501920309412406951e+00 1.007219104860860581e-01 4.249262662529330187e-03 4.124888682823167450e-05 4.157389739067218357e-06 6.977269656037834981e-07 4.655057401644321727e-07 4.244407545824659296e-03 4.124626006044837317e-05
2.607312060856281200e+00 1.100142269996990524e-01 3.710393947137089442e-03 3.464507851522310235e-05 3.852536517329233419e-06 1.989808212914342130e-06 4.026033075730883016e-07 3.704551602406845699e-03 3.464273915126667370e-05
2.721849895351416748e+00 1.190099660031564005e-01 3.194591492487609385e-03 2.969570326032635639e-05 2.699179748720621902e-06 1.953606614998044821e-06 2.596008206974255199e-07 3.189938706123890931e-03 2.969456851916273715e-05
2.845225040270943584e+00 1.276848760771849556e-01 2.719332401533932058e-03 2.517503245488904889e-05 1.423422963213345125e-06 9.969545125615122219e-07 1.423476109904969689e-07 2.716912024058157089e-03 2.517463001242246991e-05
2.977104898773657027e+00 1.360155708997867474e-01 2.270852895872757776e-03 2.043471231345548125e-05 5.571308550277411143e-07 3.372327621628970054e-07 5.875593671603460320e-08 2.269958532255567183e-03 2.043462784279639644e-05
3.117133946577078429e+00 1.439795922043386189e-01 1.947604856985977106e-03 1.680906757794073188e-05 1.549666496588966176e-07 -6.707699028346394579e-08 2.181917414797913171e-08 1.947516967326601680e-03 1.680905341663884001e-05
3.264934690474578183e+00 1.515554702769743023e-01 1.653341702980496092e-03 1.386102620068443238e-05 3.103325088945417470e-08 -4.025744332219833650e-08 6.180525736101763716e-09 1.653350927172928756e-03 1.386102482275974999e-05
3.420108686042091506e+00 1.587227818095237331e-01 1.392379908623494165e-03 1.128207991635026034e-05 9.725592596734068965e-09 2.199137847091782660e-08 2.476610299898083371e-09 1.392348191652426417e-03 1.128207964452101103e-05
3.582237611805958455e+00 1.654622049423395969e-01 1.147561180338010434e-03 9.224678323853304583e-06 7.633803191658886925e-09 4.472506405766375876e-08 1.098287148046559693e-09 1.147508821470761197e-03 9.224678258472452606e-06
3.750884396984221603e+00 1.717555713437425580e-01 9.666866509079571120e-04 7.507828667502204403e-06 4.862861336636029402e-09 2.732209000803324093e-08 5.267236543539732482e-10 9.666544659566124378e-04 7.507828649025636708e-06
3.925594399765721221e+00 1.775859151831492844e-01 7.879339465263026417e-04 6.214427156805367391e-06 2.012915379820990473e-09 1.236085573927161319e-08 1.688422194650203934e-10 7.879195727551835480e-04 6.214427154511697038e-06
4.105896632953172087e+00 1.829375188644588868e-01 6.355444465817401602e-04 4.928986293154129384e-06 5.325319641765467525e-10 3.320543246851613271e-09 4.154761867881614350e-11 6.355405935065291641e-04 4.928986292979022263e-06
4.291305033667686786e+00 1.877959553956497218e-01 5.092528997568550363e-04 3.956122551703179092e-06 7.820490696565745875e-11 5.252386056003964618e-10 6.214946682474341398e-12 5.092522963133424294e-04 3.956122551698296794e-06
4.481319773692808539e+00 1.921481272798856998e-01 4.007356035777656666e-04 3.121561726175113231e-06 2.505899676336042364e-12 2.582840642668530594e-11 4.432478607303545993e-13 4.007355752434595738e-04 3.121561726175081467e-06
4.675428606926207209e+00 1.959823018230281710e-01 3.087748035064272418e-04 2.452247868373287420e-06 1.923078153483367887e-12 -2.073584051371015970e-12 1.479539444727665492e-13 3.087748036569331516e-04 2.452247868373282762e-06
4.873108250306953160e+00 1.992881427622014145e-01 2.291973785439941323e-04 1.758312174521668400e-06 4.851584383779592345e-12 3.301158255586476793e-12 9.172030610408140653e-14 2.291973703912514912e-04 1.758312174521666070e-06
5.073825794495882668e+00 2.020567381300383270e-01 1.632759642825752275e-04 1.248874019924453141e-06 4.937608890141073155e-12 1.899752962055754283e-12 5.584188413532833748e-14 1.632759574452133876e-04 1.248874019924451871e-06
5.277040140506298549e+00 2.042806242794231730e-01 1.138271144284839879e-04 8.433226658946318474e-07 3.757843226206160917e-12 4.393958181768150651e-13 2.913157865131344334e-14 1.138271102312449418e-04 8.433226658946314239e-07
5.482203458412220343e+00 2.059538060039246554e-01 7.643796194739744306e-05 5.633996776521801865e-07 2.469123874787962771e-12 7.096915685248772478e-14 1.222949039559198625e-14 7.643795940730441565e-05 5.633996776521800806e-07
5.688762664201853170e+00 2.070717726996416652e-01 4.824450768259675506e-05 3.603057874567571620e-07 1.548563634461324652e-12 3.080586148218585521e-14 4.979399835822163107e-15 4.824450610322725990e-05 3.603057874567571091e-07
5.896160910795009258e+00 2.076315105248834614e-01 2.893497990728271843e-05 2.088701064413225398e-07 1.009168284777880932e-12 3.314528040798592332e-14 1.859876077501687844e-15 2.893497886496915428e-05 2.088701064413225133e-07
6.103839089204991630e+00 2.076315105248834614e-01 1.638775488349268091e-05 1.165256385948179993e-07 7.011255675742458903e-13 2.025048920191713629e-14 7.325204091510471659e-16 1.638775416211662414e-05 1.165256385948179993e-07
6.311237335798145942e+00 2.070717726996416652e-01 8.740416699867405685e-06 6.237891868811320729e-08 4.960818096844603406e-13 6.924272525830106834e-15 2.997435913101418282e-16 8.740416196861323329e-06 6.237891868811320729e-08
6.517796541587779657e+00 2.059538060039246554e-01 4.330410297321000554e-06 2.928693912862448409e-08 3.383494545037689238e-13 8.533656687122061585e-16 1.239294406238936732e-16 4.330409958118180567e-06 2.928693912862448409e-08
6.722959859493701451e+00 2.042806242794231730e-01 2.063531039265858085e-06 1.355460981684927465e-08 2.233286299196060117e-13 -2.828469339133773443e-16 4.834807862518401173e-17 2.063530816220075040e-06 1.355460981684927465e-08
6.926174205504117332e+00 2.020567381300383270e-01 9.816059264715510287e-07 6.859076647098257880e-09 1.529810028447403325e-13 -1.282662729468238253e-16 1.957259275547169661e-17 9.816057736188144572e-07 6.859076647098257880e-09
7.126891749693046840e+00 1.992881427622014145e-01 5.895883730035548930e-07 4.757833782022966745e-09 1.147161330513492895e-13 -4.840591975864884125e-18 9.359019667694883116e-18 5.895882582922624795e-07 4.757833782022966745e-09
7.324571393073792791e+00 1.959823018230281710e-01 5.158201443932914947e-07 4.394385854213476145e-09 9.089468660631794288e-14 1.928848158003187327e-17 4.870671360032460299e-18 5.158200534793163601e-07 4.394385854213476145e-09
7.518680226307191461e+00 1.921481272798856998e-01 5.453534850601359897e-07 4.265713831244609913e-09 7.202600017840819946e-14 1.099846186331252456e-17 3.091214794829619682e-18 5.453534130231373293e-07 4.265713831244609913e-09
7.708694966332313214e+00 1.877959553956497218e-01 5.972098448794994045e-07 4.490461037372577315e-09 5.690452465578430712e-14 5.828407246016476274e-18 2.116127803787135159e-18 5.972097879691463062e-07 4.490461037372577315e-09
7.894103367046827913e+00 1.829375188644588868e-01 6.334661898498232988e-07 4.614756889494178949e-09 4.598140862213490896e-14 9.689384632943347284e-18 1.552687747235063942e-18 6.334661438587253423e-07 4.614756889494178949e-09
8.074405600234278779e+00 1.775859151831492844e-01 6.241847450099429246e-07 4.671190210227976954e-09 3.804999327898532356e-14 8.185602214916537382e-18 1.186227862682236988e-18 6.241847069517640112e-07 4.671190210227976954e-09
8.249115603015777509e+00 1.717555713437425580e-01 5.908270530222397045e-07 4.286773908575185034e-09 3.134004904168835116e-14 8.144326547040137116e-18 9.648207973416500257e-19 5.908270216740463703e-07 4.286773908575185034e-09
8.417762388194041989e+00 1.654622049423395969e-01 5.507720005128600830e-07 4.010258918652162454e-09 2.511533271884059744e-14 6.857151561473710695e-18 7.583336468039020226e-19 5.507719753906701957e-07 4.010258918652162454e-09
8.579891313957908494e+00 1.587227818095237331e-01 4.915410613193243837e-07 3.618778727424110476e-09 1.968005107445720905e-14 3.024241400723561662e-18 5.682026822239590460e-19 4.915410416362490999e-07 3.618778727424110476e-09
8.735065309525420929e+00 1.515554702769743023e-01 4.282343208067705772e-07 3.165251783333164058e-09 1.549904384849116192e-14 2.547870002790465785e-18 4.488416916946265368e-19 4.282343053051788402e-07 3.165251783333164058e-09
8.882866053422921127e+00 1.439795922043386189e-01 3.692979669883311569e-07 2.731578345282237087e-09 1.262618061065923241e-14 3.592881209587346337e-19 3.311558952081699193e-19 3.692979543617912714e-07 2.731578345282237087e-09
9.022895101226342973e+00 1.360155708997867474e-01 3.178836254329541204e-07 2.312164815946213196e-09 1.073867347809633268e-14 -5.864560319606743701e-20 2.584392909287960779e-19 3.178836146943392895e-07 2.312164815946213196e-09
9.154774959729056860e+00 1.276848760771849556e-01 2.774914818975043096e-07 2.110162436689016237e-09 9.428358270617448873e-15 -2.090586956860363864e-19 2.143951529393289263e-19 2.774914724693551154e-07 2.110162436689016237e-09
9.278150104648583252e+00 1.190099660031564005e-01 2.335031113351154852e-07 1.770303138581957561e-09 8.407134675194168397e-15 -2.138462321039258897e-19 1.755743006758814228e-19 2.335031029281946608e-07 1.770303138581957561e-09
9.392687939143719689e+00 1.100142269996990524e-01 2.016851749538213208e-07 1.454255121271511718e-09 7.542465755678408194e-15 -1.456283319573951485e-19 1.493588322199301090e-19 2.016851674115011982e-07 1.454255121271511718e-09
9.498079690587593049e+00 1.007219104860860581e-01 1.735072863249604563e-07 1.245428724196923965e-09 6.799480578569109356e-15 -1.140130288052918386e-19 1.313564802512037054e-19 1.735072795255938958e-07 1.245428724196923965e-09
9.594041243240184258e+00 9.115806777599154420e-02 1.526327751551281472e-07 1.105393549625229631e-09 6.176509221508460610e-15 2.430460800216078461e-19 1.154175667990617124e-19 1.526327689783758810e-07 1.105393549625229631e-09
9.680313904710509121e+00 8.134848291783129681e-02 1.317285988703450927e-07 9.524199004662972978e-10 5.670430363677424262e-15 2.157360736796164780e-19 9.818730710415359265e-20 1.317285931996989829e-07 9.524199004662972978e-10
9.756665104465692906e+00 7.131960405683239468e-02 1.187487583885002068e-07 8.621083822547186301e-10 5.268872541345232175e-15 7.477484432044888868e-20 9.153787745809887717e-20 1.187487531195528945e-07 8.621083822547186301e-10
9.822889023359984151e+00 6.109847438714072904e-02 1.070246264895986229e-07 7.776611056520042744e-10 4.954533297126209565e-15 -1.244711926247111017e-20 8.274156166501382398e-20 1.070246215350777757e-07 7.776611056520042744e-10
9.878807155060211898e+00 5.071266590726374729e-02 9.695602950102635173e-08 7.178551630834632696e-10 4.710859016751323642e-15 2.354067180322530556e-19 7.325413489036491348e-20 9.695602478993193419e-08 7.178551630834632696e-10
9.924268807010392379e+00 4.019022872915011674e-02 9.152803457135818823e-08 6.679229447272417355e-10 4.525086367888116999e-15 2.399933488035056462e-19 6.889006311252933247e-20 9.152803004603182061e-08 6.679229447272417355e-10
9.959151580888887523e+00 2.955972465337754207e-02 8.596768411954613839e-08 6.127456866394754775e-10 4.388716056463604373e-15 2.018988061434677971e-19 6.400416254234299127e-20 8.596767973062818005e-08 6.127456866394754775e-10
9.983362100475352108e+00 1.885091970781815895e-02 8.296414947758140756e-08 5.972339423436576425e-10 4.296683177839808201e-15 2.549096298477577410e-19 6.305677312022900773e-20 8.296414518064332607e-08 5.972339423436576425e-10
9.996840492909743858e+00 8.107247875477242502e-03 7.918174965320382041e-08 5.720414331696913622e-10 4.246245894111024632e-15 2.545770278935973102e-19 6.255990790142750739e-20 7.918174540670334808e-08 5.720414331696913622e-10
