# q, q weight, n(q), n(q) error, I, \delta U + \delta U^\dagger, \delta U + \delta U^\dagger error, \delta U^2, \delta U^2 error
# 
7.898767725639244119e-04 2.026811968869310625e-03 2.273204497126195101e+00 2.090066184150236959e-03 2.545293417550479109e+00 -2.760155508350561893e-01 2.088540454282917548e-03 3.926630410772563931e-03 7.984625822188749723e-05
4.159474881161862037e-03 4.712729926954539739e-03 2.264987451353778436e+00 2.010959935826495820e-03 2.545464793031134931e+00 -2.844169338579594086e-01 2.010015156358335112e-03 3.939592180602590615e-03 6.163549877369659501e-05
1.021210477777823034e-02 7.389931163344385517e-03 2.268384319722040132e+00 2.062295155442487888e-03 2.546358055370061546e+00 -2.817735290598532560e-01 2.061363712299387960e-03 3.799793411831818308e-03 6.197542881530198125e-05
1.893279824740179418e-02 1.004755718228752918e-02 2.273025540795293953e+00 2.059051858088099818e-03 2.548962307611775113e+00 -2.798017084278086597e-01 2.058139378463145000e-03 3.864941611327487973e-03 6.129317348118399191e-05
3.029821123494724766e-02 1.267816647681593682e-02 2.274165874366613327e+00 2.368178253866202228e-03 2.554665239975598467e+00 -2.843725670440265252e-01 2.367364566826666173e-03 3.873201435041527703e-03 6.207455048862587710e-05
4.427774416000396229e-02 1.527461859678518226e-02 2.287620889114446943e+00 2.274673103332263378e-03 2.565180835511728930e+00 -2.815072589062653230e-01 2.273831328661206786e-03 3.947312508983329138e-03 6.187742578712278113e-05
6.083372388357677352e-02 1.782990101420809867e-02 2.302271931004103322e+00 2.435548227559122206e-03 2.582416714791355705e+00 -2.840140590245424090e-01 2.434814612809716589e-03 3.869275237290126495e-03 5.977432571474365630e-05
7.992152382237249775e-02 2.033712072945782420e-02 2.327394514052294916e+00 2.597595939080789978e-03 2.608259841384615196e+00 -2.848022444920320639e-01 2.596757934435372714e-03 3.936917159711787913e-03 6.597645546669008636e-05
1.014896891899540465e-01 2.278951694399788605e-02 2.362047564949841583e+00 2.714835374365012592e-03 2.644267213047127196e+00 -2.860604406888244133e-01 2.714125185928272736e-03 3.840792591538801440e-03 6.209335724081799907e-05
1.254800773531017377e-01 2.518047762152151453e-02 2.407219675982558815e+00 2.888666634000606158e-03 2.691265598240696111e+00 -2.878207497910753032e-01 2.887945380481597452e-03 3.774827532938218426e-03 6.454767031731550636e-05
1.518280152140702999e-01 2.750355674992476310e-02 2.466326326182947337e+00 2.866053072338198716e-03 2.748891748489820319e+00 -2.864452923729456923e-01 2.865377996798017073e-03 3.879870066072372940e-03 6.220248327044555119e-05
1.804624738378541871e-01 2.975249150078910013e-02 2.526029839283236988e+00 3.067112715505655035e-03 2.815138739474456031e+00 -2.928905858755387337e-01 3.066519531478741848e-03 3.781685684319376246e-03 6.031892469093216299e-05
2.113062600677358960e-01 3.192121901929623889e-02 2.594271578711646598e+00 3.123502363557400120e-03 2.886007274108223442e+00 -2.954131326260829860e-01 3.122903542333969624e-03 3.677437229505929866e-03 6.115946718709086799e-05
2.442762246934142567e-01 3.400389272494668685e-02 2.667625518506743454e+00 3.291499219865870549e-03 2.955380470000777748e+00 -2.913798907965775564e-01 3.290917785395840352e-03 3.624939302542955731e-03 6.186472454454368169e-05
2.792834866442696073e-01 3.599489805108465473e-02 2.724520227808978401e+00 3.284161562279764700e-03 3.015232777708370282e+00 -2.942753789455597180e-01 3.283647568328866822e-03 3.562829046167878978e-03 5.810175697674285609e-05
3.162336726186445457e-01 3.788886756924357557e-02 2.771125826466089404e+00 3.283905636465712322e-03 3.056238278314400869e+00 -2.886805655052801511e-01 3.283406052445587368e-03 3.568113656968628297e-03 5.727935033639550534e-05
3.550271715105228765e-01 3.968069545238093326e-02 2.784718175944333574e+00 3.257980630654267254e-03 3.068761694813090024e+00 -2.876011962792433541e-01 3.257463932704010752e-03 3.557677410487120398e-03 5.802169293374743558e-05
3.955594029514896137e-01 4.136555123558489921e-02 2.768995264941490397e+00 3.258317543330126707e-03 3.044113397704399482e+00 -2.785906031160403362e-01 3.257887795553117416e-03 3.472470353130817627e-03 5.291809481568625790e-05
4.377210992460554007e-01 4.293889283593563949e-02 2.719556379926528766e+00 2.974400338040056758e-03 2.975857390510594502e+00 -2.596710443771504395e-01 2.973947440739199265e-03 3.370033793084474538e-03 5.190366705322872152e-05
4.813985999414303052e-01 4.439647879578732109e-02 2.611495483799840756e+00 2.913521617745783426e-03 2.860912631010580576e+00 -2.528279652040071324e-01 2.913081866405342960e-03 3.410817993267429692e-03 5.061873854978152123e-05
5.264741582382929108e-01 4.573437971611472169e-02 2.471052259976672882e+00 2.740884052287004442e-03 2.700206826084899703e+00 -2.326129381857916234e-01 2.740456528588862406e-03 3.458372077564931830e-03 4.840870785213493367e-05
5.728262584169216964e-01 4.694898884891243046e-02 2.290422221052478502e+00 2.555249557313609646e-03 2.498729604200791155e+00 -2.116783376696421970e-01 2.554816194828446897e-03 3.370954521329210495e-03 4.705858894712047199e-05
6.203299434232020237e-01 4.803703181997142496e-02 2.079232406352084617e+00 2.255034505474738833e-03 2.264965102346317760e+00 -1.891907994015302186e-01 2.254546554507393195e-03 3.458103407297165310e-03 4.690900170054902469e-05
6.688571517315518022e-01 4.899557545575704276e-02 1.846347843821155132e+00 2.024183278904116961e-03 2.009822115664757103e+00 -1.671127314403706987e-01 2.023591765189874502e-03 3.638459596768638116e-03 4.893173255414020808e-05
7.182770625767382899e-01 4.982203569055035364e-02 1.610796824813059080e+00 1.754762631004414724e-03 1.745281853387784521e+00 -1.382418763033441689e-01 1.754065403013830172e-03 3.756847728618802670e-03 4.946163280225730345e-05
7.684564486239706671e-01 5.051418453250958174e-02 1.375724188902450074e+00 1.618056689611444216e-03 1.483022606034847701e+00 -1.112455571171428736e-01 1.617247585636122538e-03 3.947139984745357856e-03 5.116343958803288314e-05
8.192600351265746372e-01 5.107015606985579326e-02 1.150380000206326248e+00 1.332183719179384036e-03 1.233253651648082094e+00 -8.721046261971032720e-02 1.331100209639365321e-03 4.336811177954481324e-03 5.371865173897745949e-05
8.705508646030549746e-01 5.148845150098116386e-02 9.448225788120643287e-01 1.137751311850166347e-03 1.003914666653526577e+00 -6.362028098388498865e-02 1.136404361813203243e-03 4.528193142422662007e-03 5.534594898184176388e-05
9.221906660504634035e-01 5.176794317491041630e-02 7.578296743370894761e-01 1.015485855066175632e-03 8.003001790911749014e-01 -4.748226174129596688e-02 1.013790837661680561e-03 5.011756987210621433e-03 5.864860878750684096e-05
9.740402276987522034e-01 5.190787763122086534e-02 5.996565587652853413e-01 7.902484750922793332e-04 6.250793946185578820e-01 -3.075095173954878885e-02 7.875325666851123226e-04 5.328115886276273312e-03 6.546074240361144650e-05
1.025959772301247908e+00 5.190787763122086534e-02 4.663954237826493654e-01 6.885449499047598034e-04 4.786194137651478830e-01 -1.798904541186780587e-02 6.856895231259853068e-04 5.765055429369259597e-03 6.264204590055371747e-05
1.077809333949536486e+00 5.176794317491041630e-02 3.549251037601404146e-01 5.388313551792903080e-04 3.594916866039969960e-01 -1.056252446938879888e-02 5.350987182241436976e-04 5.995941625532232207e-03 6.331343521898768849e-05
1.129449135396944914e+00 5.148845150098116386e-02 2.682452509415930719e-01 4.300841005629071337e-04 2.650441335690415512e-01 -3.219406425104439241e-03 4.252335956524134195e-04 6.420523797655943929e-03 6.441057898765212189e-05
1.180739964873425363e+00 5.107015606985579326e-02 1.995863146895889562e-01 3.621025797444627739e-04 1.919449252150731144e-01 8.513399989769966127e-04 3.558493386862299278e-04 6.790049475538840335e-03 6.700392834877569640e-05
1.231543551376029333e+00 5.051418453250958174e-02 1.471508335950237056e-01 2.899139064445802982e-04 1.366369618987396117e-01 3.349750393612387338e-03 2.812286066966911613e-04 7.164121302671726949e-03 7.043112895158392534e-05
1.281722937423261710e+00 4.982203569055035364e-02 1.080129105485649194e-01 2.415591246695883150e-04 9.567489890427736954e-02 4.992148336130730960e-03 2.307889773404904119e-04 7.345863308156810184e-03 7.132502120061590101e-05
1.331142848268448198e+00 4.899557545575704276e-02 7.833317957926209940e-02 1.914552367732112422e-04 6.594289287781079922e-02 4.735491441079469482e-03 1.763709636911247507e-04 7.654795260371823756e-03 7.448752146870196668e-05
1.379670056576797865e+00 4.803703181997142496e-02 5.703745718593829228e-02 1.614892968806288436e-04 4.476852525140375544e-02 4.424997219776886752e-03 1.439974028994677054e-04 7.843934714757656163e-03 7.309952780427688660e-05
1.427173741583078304e+00 4.694898884891243046e-02 4.197275966887892978e-02 1.355243801337550793e-04 2.995684030809952353e-02 4.060598400247808319e-03 1.137808963464851384e-04 7.955320960531602273e-03 7.362584625815144586e-05
1.473525841761706978e+00 4.573437971611472169e-02 3.136763322808196197e-02 1.155050262527012114e-04 1.977001957617779276e-02 3.527491279188396146e-03 8.836843578724436253e-05 8.070122372715772194e-03 7.438031087695766994e-05
1.518601400058569695e+00 4.439647879578732109e-02 2.384162407769859632e-02 1.015765307583418360e-04 1.287536598250617337e-02 2.949403275219596426e-03 7.019078206576900110e-05 8.016854819972824356e-03 7.342374080565553939e-05
1.562278900753944599e+00 4.293889283593563949e-02 1.881115023485958188e-02 9.277474712807277739e-05 8.279269680365426015e-03 2.396227021350433046e-03 5.190555446909352831e-05 8.135653533143721514e-03 7.689581991196797891e-05
1.604440597048510497e+00 4.136555123558489921e-02 1.501340211808805704e-02 8.415337638333677530e-05 5.259381325392569265e-03 1.710600200678074039e-03 4.237892581517260608e-05 8.043420592017413301e-03 7.270362716857832691e-05
1.644972828489477124e+00 3.968069545238093326e-02 1.241408610553220923e-02 7.720804024423437396e-05 3.302376948756601156e-03 1.303452346218353115e-03 3.029726904754566081e-05 7.808256810557255394e-03 7.101518828121169047e-05
1.683766327381355454e+00 3.788886756924357557e-02 1.072551319969307013e-02 7.502981959494024473e-05 2.050942840802092923e-03 1.014262373315298746e-03 2.262923015006193463e-05 7.660307985575677374e-03 7.153594740593576526e-05
1.720716513355730282e+00 3.599489805108465473e-02 9.481216432870797142e-03 7.310341963898491879e-05 1.261020201935727537e-03 7.228416209787321941e-04 1.742109573680082618e-05 7.497354609956337519e-03 7.099729140074814747e-05
1.755723775306585743e+00 3.400389272494668685e-02 8.736477579730750689e-03 6.956312813851921596e-05 7.687791436621843957e-04 5.170361471027915511e-04 1.497400875062733451e-05 7.450662288965774309e-03 6.793237709923141145e-05
1.788693739932264215e+00 3.192121901929623889e-02 8.061471517910985540e-03 6.502096861889023925e-05 4.659964309936936305e-04 3.555304905255030350e-04 1.094299750370034805e-05 7.239944596391789146e-03 6.409350330394428198e-05
1.819537526162145813e+00 2.975249150078910013e-02 7.567859814503604884e-03 6.486335037524496342e-05 2.822408357629812908e-04 2.711712461345182129e-04 7.987598951101701218e-06 7.014447732606105164e-03 6.436965500061461211e-05
1.848171984785929700e+00 2.750355674992476310e-02 7.213888534420284833e-03 6.390949176104277635e-05 1.723131865279520756e-04 1.726716724247621124e-04 6.004661583941130216e-06 6.868903675467570753e-03 6.362678033986267714e-05
1.874519922646898262e+00 2.518047762152151453e-02 6.889985898033411903e-03 6.077252322517442983e-05 1.075895516388588355e-04 1.227420682034107585e-04 4.681241819022633927e-06 6.659654278191142092e-03 6.059195948462302940e-05
1.898510310810046064e+00 2.278951694399788605e-02 6.645041168254692265e-03 5.855981656690911432e-05 7.017311848076211451e-05 7.950835855590251001e-05 3.809282036413317934e-06 6.495359691218027288e-03 5.843578943350643141e-05
1.920078476177627502e+00 2.033712072945782420e-02 6.444061225402861366e-03 5.824227128319090749e-05 4.901368205636336676e-05 5.311382280558224456e-05 2.665004702606328853e-06 6.341933720540916114e-03 5.818126772561672502e-05
1.939166276116423226e+00 1.782990101420809867e-02 6.136958109465879586e-03 5.580741513851619035e-05 3.737402269507799290e-05 3.612161095912459551e-05 2.197426849282048639e-06 6.063462475811676883e-03 5.576413632151707995e-05
1.955722255839996038e+00 1.527461859678518226e-02 6.002824587836765730e-03 5.416484844895930862e-05 3.119986267953396607e-05 2.616308285599246980e-05 2.089939057021296320e-06 5.945461642301239080e-03 5.412451350577358005e-05
1.969701788765052752e+00 1.267816647681593682e-02 5.970427366586952139e-03 5.469239760534170126e-05 2.808534740966942515e-05 1.554540496575517854e-05 2.029049085225046957e-06 5.926796614211527793e-03 5.465474650595805777e-05
1.981067201752598095e+00 1.004755718228752918e-02 5.781071561527994715e-03 5.306066099793022250e-05 2.662495232708259800e-05 1.425384924055494265e-05 2.055467047601150774e-06 5.740192759960357528e-03 5.302083364823208098e-05
1.989787895222221881e+00 7.389931163344385517e-03 5.861484153661817784e-03 5.247414396393383851e-05 2.601280783693294522e-05 3.455513210859825740e-06 1.893731782882576206e-06 5.832015832614024890e-03 5.243996152441527482e-05
1.995840525118838027e+00 4.712729926954539739e-03 5.710730730494929103e-03 5.295091475387454913e-05 2.579882877739123764e-05 6.221905600551584123e-06 1.983303650405600069e-06 5.678709996116986305e-03 5.291375889031488066e-05
1.999210123227435965e+00 2.026811968869310625e-03 5.753815598386296040e-03 5.381702177313666199e-05 2.574382420035405090e-05 4.679571011186370153e-06 2.044503007145139598e-06 5.723392203174755555e-03 5.377817252365536116e-05
2.003159507090255698e+00 8.107247875477242502e-03 5.769156234768595300e-03 5.333431729598015435e-05 2.573109288746584455e-05 5.032978993259304162e-06 2.005617311195783747e-06 5.738392162887870004e-03 5.329659370568929266e-05
2.016637899524647448e+00 1.885091970781815895e-02 5.611288720712146079e-03 5.095669590343333995e-05 2.603235449834243159e-05 2.936173425644324407e-06 1.999635968002340686e-06 5.582320192788159559e-03 5.091744606115325861e-05
2.040848419111112921e+00 2.955972465337754207e-02 5.399051427390887635e-03 4.809592770933450960e-05 2.741904193825825511e-05 -3.324705645100736942e-06 1.858385419197772676e-06 5.374957091097729706e-03 4.806001108879651780e-05
2.075731192989607177e+00 4.019022872915011674e-02 5.101363551619249662e-03 4.597136221553858659e-05 2.991753995177512667e-05 -2.812266239791337339e-06 1.782607109445336830e-06 5.074258277907265670e-03 4.593678760912221055e-05
2.121192844939788991e+00 5.071266590726374729e-02 4.807103151153923649e-03 4.289396452881050350e-05 3.203350608981396009e-05 -7.405444938226399654e-07 1.469119697415127276e-06 4.775810189557931976e-03 4.286879844728005051e-05
2.177110976640015849e+00 6.109847438714072904e-02 4.342906159913905578e-03 3.853764258916830495e-05 3.150935320820988535e-05 4.475755758704065024e-06 1.414007181809542884e-06 4.306921050946991431e-03 3.851169277012203449e-05
2.243334895534307094e+00 7.131960405683239468e-02 3.923367242359409972e-03 3.518557831421150389e-05 2.706955754236690028e-05 1.221734437055091502e-05 1.123506207785841472e-06 3.884080340446492002e-03 3.516763647313503045e-05
2.319686095289489991e+00 8.134848291783129681e-02 3.351183735291432108e-03 3.080261661815718348e-05 1.956517787468638498e-05 1.127340879211288583e-05 8.437699692842894409e-07 3.320345148624632720e-03 3.079105783769221322e-05
2.405958756759816186e+00 9.115806777599154420e-02 2.879956070108134064e-03 2.625583665853865200e-05 1.145739028323264797e-05 1.119354421451007492e-05 5.224892206132858856e-07 2.857305135610391494e-03 2.625063739519871233e-05
2.501920309412406951e+00 1.007219104860860581e-01 2.340283580524433939e-03 2.143409059831926736e-05 5.140570758476239592e-06 7.828323242851295538e-06 2.746633512675526463e-07 2.327314686523106191e-03 2.143233071367715086e-05
2.607312060856281200e+00 1.100142269996990524e-01 1.937148230078082753e-03 1.732485270415313200e-05 1.584694121794843440e-06 3.531013492652956496e-06 1.256671362948641597e-07 1.932032522463635049e-03 1.732439693009420634e-05
2.721849895351416748e+00 1.190099660031564005e-01 1.489585764654609247e-03 1.397095367508786985e-05 2.637947310621785357e-07 8.740550447123664626e-07 4.234311331164569264e-08 1.488447914878834747e-03 1.397088950826705000e-05
2.845225040270943584e+00 1.276848760771849556e-01 1.177410186781029273e-03 1.081936495104889300e-05 5.323845883058308806e-08 -1.213675726866529111e-07 1.029636351962489817e-08 1.177478315894885368e-03 1.081936005172595652e-05
2.977104898773657027e+00 1.360155708997867474e-01 9.133069570673926904e-04 8.104248908252216992e-06 1.048524569210211871e-07 -2.271608483002721570e-07 1.043752180285927419e-08 9.134292654587719334e-04 8.104242186968863161e-06
3.117133946577078429e+00 1.439795922043386189e-01 7.051255636191457350e-04 6.169216564133153261e-06 1.043084346887526214e-07 -1.099153038687355221e-07 6.057126314216019281e-09 7.051311704883257226e-04 6.169213590596105059e-06
3.264934690474578183e+00 1.515554702769743023e-01 5.411321281092363765e-04 4.607599729038406924e-06 5.533500099080997956e-08 -2.017070204829265380e-08 2.543210735790710236e-09 5.410969638102938609e-04 4.607599027163057770e-06
3.420108686042091506e+00 1.587227818095237331e-01 4.026482871453179648e-04 3.423252092022676101e-06 1.638951387832212938e-08 7.583936813089266295e-10 7.530072274746575366e-10 4.026311392377583415e-04 3.423252009203784044e-06
3.582237611805958455e+00 1.654622049423395969e-01 3.048263360962110411e-04 2.479871336751100497e-06 2.091084506397188177e-09 8.708955156611961093e-10 1.773447449442991802e-10 3.048233741161890018e-04 2.479871330409812054e-06
3.750884396984221603e+00 1.717555713437425580e-01 2.219157080363908213e-04 1.807697309643996132e-06 1.895148991441804412e-10 -1.481256567243411854e-10 2.301499149779937556e-11 2.219156666471483919e-04 1.807697309497486537e-06
3.925594399765721221e+00 1.775859151831492844e-01 1.622151318731373333e-04 1.245855571676176120e-06 4.385936246751699989e-10 -5.243823242704417513e-11 1.727602070146767784e-11 1.622147457177450843e-04 1.245855571556394649e-06
4.105896632953172087e+00 1.829375188644588868e-01 1.146140987882296014e-04 8.920497317182403973e-07 2.928732186188977513e-10 3.361819895714912662e-11 4.740175871127527451e-12 1.146137722968120274e-04 8.920497317056461821e-07
4.291305033667686786e+00 1.877959553956497218e-01 7.920417937990552435e-05 6.180080732969903027e-07 7.442155421697676942e-11 1.783226755059838773e-11 9.261367120541904942e-13 7.920408712608375504e-05 6.180080732962963710e-07
4.481319773692808539e+00 1.921481272798856998e-01 5.446527613712394406e-05 4.198766148377153443e-07 4.976482564141565856e-12 1.664278513269057041e-12 1.061559053828251959e-13 5.446526949636286934e-05 4.198766148377019506e-07
4.675428606926207209e+00 1.959823018230281710e-01 3.706009503064891899e-05 2.834029830900422273e-07 6.530965437758635488e-12 -2.651476653657923240e-13 5.421244446146734617e-14 3.706008876483114577e-05 2.834029830900370392e-07
4.873108250306953160e+00 1.992881427622014145e-01 2.497606620634481192e-05 1.920936259064197927e-07 9.878708197155236805e-12 2.000795538671105454e-13 3.013369150583158295e-14 2.497605612755706247e-05 1.920936259064174369e-07
5.073825794495882668e+00 2.020567381300383270e-01 1.614595817588336524e-05 1.235349695569062634e-07 6.530765184364793323e-12 1.936370795721811588e-13 1.164352812865954589e-14 1.614595145148110057e-05 1.235349695569057076e-07
5.277040140506298549e+00 2.042806242794231730e-01 1.035670184070991376e-05 8.453053755847065209e-08 2.893538829212510505e-12 5.108744360592105058e-14 3.665833164447302822e-15 1.035669889608364080e-05 8.453053755847057268e-08
5.482203458412220343e+00 2.059538060039246554e-01 6.679418471611881074e-06 5.219485667010649751e-08 1.100806171579224914e-12 4.603700753232043106e-16 1.044793100700845324e-15 6.679417370345339634e-06 5.219485667010648428e-08
5.688762664201853170e+00 2.070717726996416652e-01 4.175870784313668174e-06 3.241243959936404419e-08 4.791177748590622471e-13 -1.785827817342675171e-15 3.323848347417142256e-16 4.175870306981721114e-06 3.241243959936404419e-08
5.896160910795009258e+00 2.076315105248834614e-01 2.538301048745890333e-06 1.959168367332932579e-08 2.862374022018227807e-13 2.418152619087974320e-16 1.185539299316847255e-16 2.538300762266672994e-06 1.959168367332932579e-08
6.103839089204991630e+00 2.076315105248834614e-01 1.565340104176255982e-06 1.229583806844330553e-08 2.140612478905418776e-13 2.148554267591950117e-16 4.936898754621455842e-17 1.565339889900152747e-06 1.229583806844330553e-08
6.311237335798145942e+00 2.070717726996416652e-01 9.642806483715244508e-07 7.444962647276676909e-09 1.746019324040372777e-13 8.066801316662105336e-17 2.481418759465818487e-17 9.642804736889241078e-07 7.444962647276676909e-09
6.517796541587779657e+00 2.059538060039246554e-01 5.983727718967302468e-07 4.675653793062318382e-09 1.450109823813209147e-13 3.684576643575979032e-17 1.288219489382798426e-17 5.983726268489021113e-07 4.675653793062318382e-09
6.722959859493701451e+00 2.042806242794231730e-01 3.805254040032323149e-07 2.747982339184387858e-09 1.168493083314781410e-13 1.751474679649040157e-17 6.408651888810228714e-18 3.805252871364092397e-07 2.747982339184387858e-09
6.926174205504117332e+00 2.020567381300383270e-01 2.474165461684193118e-07 1.785391112578542368e-09 8.835219383014633818e-14 7.017693376973419514e-18 3.164154487886050825e-18 2.474164578092077780e-07 1.785391112578542368e-09
7.126891749693046840e+00 1.992881427622014145e-01 1.706573486232436224e-07 1.182839740359219623e-09 6.366783451793168262e-14 -6.549345772220809709e-19 1.562520958200964753e-18 1.706572849560640493e-07 1.182839740359219623e-09
7.324571393073792791e+00 1.959823018230281710e-01 1.214736697845735947e-07 8.455244644471833356e-10 4.644292410604998509e-14 -2.618277032795691341e-18 7.857830135568109758e-19 1.214736233442677554e-07 8.455244644471833356e-10
7.518680226307191461e+00 1.921481272798856998e-01 9.114711963616728173e-08 6.187648103217483027e-10 3.556028762737067204e-14 -2.328030884520769491e-19 4.588718000729464809e-19 9.114708407611246405e-08 6.187648103217483027e-10
7.708694966332313214e+00 1.877959553956497218e-01 7.089562401351912323e-08 4.725698085833845803e-10 2.792735512129409196e-14 2.608643208242813077e-19 2.738411818680517978e-19 7.089559608590313537e-08 4.725698085833845803e-10
7.894103367046827913e+00 1.829375188644588868e-01 5.776640514459691764e-08 3.903753609177069070e-10 2.197845552792502465e-14 -7.276734783594403130e-21 1.840343400963069223e-19 5.776638316614866473e-08 3.903753609177069070e-10
8.074405600234278779e+00 1.775859151831492844e-01 4.810702492529637253e-08 3.317136199606691451e-10 1.752566966045052706e-14 7.267879016882529620e-20 1.334978338996197557e-19 4.810700739955403148e-08 3.317136199606691451e-10
8.249115603015777509e+00 1.717555713437425580e-01 4.046972827516917174e-08 2.701779822472585307e-10 1.432975228637445146e-14 1.486956758899362692e-19 9.349526172081383302e-20 4.046971394526819111e-08 2.701779822472585307e-10
8.417762388194041989e+00 1.654622049423395969e-01 3.478594690825851421e-08 2.333491700302454970e-10 1.186721268747115108e-14 1.143428591265217062e-19 6.712375451995691953e-20 3.478593504093148453e-08 2.333491700302454970e-10
8.579891313957908494e+00 1.587227818095237331e-01 2.994282879569080313e-08 2.000384230558377827e-10 9.801228985299918901e-15 9.400266015779780800e-20 4.974919439698835688e-20 2.994281899436781726e-08 2.000384230558377827e-10
8.735065309525420929e+00 1.515554702769743023e-01 2.623450063078823410e-08 1.763895301928570027e-10 8.098329533932090670e-15 6.752878311057600488e-21 3.746995092203646280e-20 2.623449253245194816e-08 1.763895301928570027e-10
8.882866053422921127e+00 1.439795922043386189e-01 2.276785560342286287e-08 1.510149646381496284e-10 6.793131561357401361e-15 2.903025941095762777e-20 2.866393673750107639e-20 2.276784881026227125e-08 1.510149646381496284e-10
9.022895101226342973e+00 1.360155708997867474e-01 1.999003374766089106e-08 1.320652580455072948e-10 5.829521721209369322e-15 5.242486298470687635e-20 2.209002466740957935e-20 1.999002791808674378e-08 1.320652580455072948e-10
9.154774959729056860e+00 1.276848760771849556e-01 1.767222490619904859e-08 1.143059584511440058e-10 5.092198207950855426e-15 2.593958881311898716e-20 1.749883301032553126e-20 1.767221981397490041e-08 1.143059584511440058e-10
9.278150104648583252e+00 1.190099660031564005e-01 1.566359008581003807e-08 1.013362650602144106e-10 4.488629710100826464e-15 -7.756786687581516823e-21 1.472813327697924269e-20 1.566358559718808629e-08 1.013362650602144106e-10
9.392687939143719689e+00 1.100142269996990524e-01 1.408157709093702952e-08 8.964483878659373038e-11 3.977425309370654344e-15 1.144792691620470155e-20 1.261442650686023537e-20 1.408157311350027204e-08 8.964483878659373038e-11
9.498079690587593049e+00 1.007219104860860581e-01 1.254113615417477971e-08 8.022467927805100015e-11 3.548974109226539839e-15 2.991843306118920178e-20 1.049215029435045166e-20 1.254113260517075284e-08 8.022467927805100015e-11
9.594041243240184258e+00 9.115806777599154420e-02 1.147697264741705196e-08 7.448226823513901534e-11 3.199940822820321642e-15 2.230236468100076387e-20 9.481415815571449974e-21 1.147696944745392665e-08 7.448226823513901534e-11
9.680313904710509121e+00 8.134848291783129681e-02 1.062392318291512878e-08 6.841839094817964506e-11 2.922163655626231974e-15 1.565643373506565715e-20 7.958265428356763690e-21 1.062392026073581663e-08 6.841839094817964506e-11
9.756665104465692906e+00 7.131960405683239468e-02 9.730772480597762253e-09 6.133123176070268151e-11 2.703433855308177119e-15 3.477913022932948733e-20 7.865787562725254285e-21 9.730769777129128386e-09 6.133123176070268151e-11
9.822889023359984151e+00 6.109847438714072904e-02 9.172101148436262358e-09 5.717639589426444621e-11 2.531599123201138900e-15 2.038585550363026354e-20 6.532879307244271015e-21 9.172098616816753251e-09 5.717639589426444621e-11
9.878807155060211898e+00 5.071266590726374729e-02 8.668824664908025635e-09 5.440533024679875299e-11 2.397158137732694666e-15 1.012719269372200493e-20 5.957496536627725333e-21 8.668822267739760237e-09 5.440533024679875299e-11
9.924268807010392379e+00 4.019022872915011674e-02 8.200968679917363390e-09 5.175951719438337575e-11 2.293714895759764419e-15 1.821885351933648124e-20 5.661733511378762000e-21 8.200966386184248414e-09 5.175951719438337575e-11
9.959151580888887523e+00 2.955972465337754207e-02 7.900481231412704025e-09 4.978578129221815084e-11 2.217317543327299687e-15 1.826368677746329767e-20 5.762053868963207819e-21 7.900479014076896892e-09 4.978578129221815084e-11
9.983362100475352108e+00 1.885091970781815895e-02 7.790382240340715060e-09 4.908824194329193679e-11 2.165620730573358839e-15 1.516838247414858865e-20 5.024257748653838985e-21 7.790380074704816213e-09 4.908824194329193679e-11
9.996840492909743858e+00 8.107247875477242502e-03 7.658303733143700107e-09 4.697073098029480237e-11 2.137272876067392301e-15 2.326347055755427172e-20 5.084407482411972419e-21 7.658301595847559949e-09 4.697073098029480237e-11
