#        q              total               1              \delta U         \delta U^2    

     0.001185        7.280715e+03      7.296537e+03     -1.649229e+01      6.703434e-01   
     0.006239        4.519146e+03      4.534977e+03     -1.650101e+01      6.703072e-01   
     0.015318        2.447712e+03      2.463536e+03     -1.649498e+01      6.702274e-01   
     0.028399        1.748745e+03      1.764570e+03     -1.649455e+01      6.700534e-01   
     0.045447        1.340220e+03      1.356037e+03     -1.648636e+01      6.696691e-01   
     0.066417        1.000193e+03      1.015991e+03     -1.646751e+01      6.689733e-01   
     0.091251        8.264501e+02      8.422233e+02     -1.644104e+01      6.678565e-01   
     0.119882        6.737656e+02      6.894916e+02     -1.639228e+01      6.662726e-01   
     0.152235        5.407922e+02      5.564389e+02     -1.631073e+01      6.640812e-01   
     0.188220        4.624530e+02      4.779996e+02     -1.620795e+01      6.613117e-01   
     0.227742        3.919000e+02      4.073012e+02     -1.605928e+01      6.580914e-01   
     0.270694        3.287495e+02      3.439416e+02     -1.584679e+01      6.547117e-01   
     0.316959        2.726226e+02      2.875186e+02     -1.554759e+01      6.516158e-01   
     0.366414        2.231508e+02      2.376301e+02     -1.512880e+01      6.495178e-01   
     0.418925        2.008698e+02      2.150106e+02     -1.479015e+01      6.493641e-01   
     0.474351        1.607157e+02      1.741699e+02     -1.410652e+01      6.522984e-01   
     0.532541        1.429160e+02      1.558481e+02     -1.359175e+01      6.595858e-01   
     0.593339        1.112648e+02      1.231504e+02     -1.255813e+01      6.725084e-01   
     0.656582        9.752591e+01      1.086740e+02     -1.184025e+01      6.921832e-01   
     0.722098        8.504376e+01      9.537875e+01     -1.105426e+01      7.192669e-01   
     0.789711        6.333608e+01      7.213097e+01     -9.548641e+00      7.537577e-01   
     0.859239        5.424865e+01      6.207787e+01     -8.624375e+00      7.951562e-01   
     0.930495        3.876456e+01      4.486194e+01     -6.939185e+00      8.418009e-01   
     1.003286        3.248485e+01      3.759858e+01     -6.004659e+00      8.909242e-01   
     1.077416        2.204439e+01      2.550973e+01     -4.404313e+00      9.389676e-01   
     1.152685        1.432798e+01      1.633628e+01     -2.990606e+00      9.822997e-01   
     1.228890        6.771613e+00      7.162831e+00     -1.407967e+00      1.016749e+00   
     1.305826        2.134590e+00      1.382301e+00     -2.862817e-01      1.038571e+00   
     1.383286        1.045197e+00      0.000000e+00      0.000000e+00      1.045197e+00   
     1.461060        1.035406e+00      0.000000e+00      0.000000e+00      1.035406e+00   
     1.538940        1.009161e+00      0.000000e+00      0.000000e+00      1.009161e+00   
     1.616714        9.678245e-01      0.000000e+00      0.000000e+00      9.678245e-01   
     1.694174        9.137829e-01      0.000000e+00      0.000000e+00      9.137829e-01   
     1.771110        8.501160e-01      0.000000e+00      0.000000e+00      8.501160e-01   
     1.847315        7.802909e-01      0.000000e+00      0.000000e+00      7.802909e-01   
     1.922584        7.079317e-01      0.000000e+00      0.000000e+00      7.079317e-01   
     1.996714        6.361318e-01      0.000000e+00      0.000000e+00      6.361318e-01   
     2.069505        5.672745e-01      0.000000e+00      0.000000e+00      5.672745e-01   
     2.140761        5.030645e-01      0.000000e+00      0.000000e+00      5.030645e-01   
     2.210289        4.445588e-01      0.000000e+00      0.000000e+00      4.445588e-01   
     2.277902        3.922609e-01      0.000000e+00      0.000000e+00      3.922609e-01   
     2.343418        3.462115e-01      0.000000e+00      0.000000e+00      3.462115e-01   
     2.406661        3.061689e-01      0.000000e+00      0.000000e+00      3.061689e-01   
     2.467459        2.716244e-01      0.000000e+00      0.000000e+00      2.716244e-01   
     2.525649        2.419772e-01      0.000000e+00      0.000000e+00      2.419772e-01   
     2.581075        2.166232e-01      0.000000e+00      0.000000e+00      2.166232e-01   
     2.633586        1.949866e-01      0.000000e+00      0.000000e+00      1.949866e-01   
     2.683041        1.765622e-01      0.000000e+00      0.000000e+00      1.765622e-01   
     2.729306        1.608860e-01      0.000000e+00      0.000000e+00      1.608860e-01   
     2.772258        1.475588e-01      0.000000e+00      0.000000e+00      1.475588e-01   
     2.811780        1.362515e-01      0.000000e+00      0.000000e+00      1.362515e-01   
     2.847765        1.266952e-01      0.000000e+00      0.000000e+00      1.266952e-01   
     2.880118        1.186570e-01      0.000000e+00      0.000000e+00      1.186570e-01   
     2.908749        1.119530e-01      0.000000e+00      0.000000e+00      1.119530e-01   
     2.933583        1.064317e-01      0.000000e+00      0.000000e+00      1.064317e-01   
     2.954553        1.019717e-01      0.000000e+00      0.000000e+00      1.019717e-01   
     2.971601        9.847533e-02      0.000000e+00      0.000000e+00      9.847533e-02   
     2.984682        9.586963e-02      0.000000e+00      0.000000e+00      9.586963e-02   
     2.993761        9.409989e-02      0.000000e+00      0.000000e+00      9.409989e-02   
     2.998815        9.312727e-02      0.000000e+00      0.000000e+00      9.312727e-02   
     3.004739        9.199956e-02      0.000000e+00      0.000000e+00      9.199956e-02   
     3.024957        8.824459e-02      0.000000e+00      0.000000e+00      8.824459e-02   
     3.061273        8.185217e-02      0.000000e+00      0.000000e+00      8.185217e-02   
     3.113597        7.338129e-02      0.000000e+00      0.000000e+00      7.338129e-02   
     3.181789        6.352919e-02      0.000000e+00      0.000000e+00      6.352919e-02   
     3.265666        5.303749e-02      0.000000e+00      0.000000e+00      5.303749e-02   
     3.365002        4.260338e-02      0.000000e+00      0.000000e+00      4.260338e-02   
     3.479529        3.282582e-02      0.000000e+00      0.000000e+00      3.282582e-02   
     3.608938        2.416391e-02      0.000000e+00      0.000000e+00      2.416391e-02   
     3.752880        1.691769e-02      0.000000e+00      0.000000e+00      1.691769e-02   
     3.910968        1.121300e-02      0.000000e+00      0.000000e+00      1.121300e-02   
     4.082775        7.015812e-03      0.000000e+00      0.000000e+00      7.015812e-03   
     4.267838        4.160993e-03      0.000000e+00      0.000000e+00      4.160993e-03   
     4.465657        2.393888e-03      0.000000e+00      0.000000e+00      2.393888e-03   
     4.675701        1.419323e-03      0.000000e+00      0.000000e+00      1.419323e-03   
     4.897402        9.518472e-04      0.000000e+00      0.000000e+00      9.518472e-04   
     5.130163        7.551042e-04      0.000000e+00      0.000000e+00      7.551042e-04   
     5.373356        6.633643e-04      0.000000e+00      0.000000e+00      6.633643e-04   
     5.626327        5.836336e-04      0.000000e+00      0.000000e+00      5.836336e-04   
     5.888392        4.820753e-04      0.000000e+00      0.000000e+00      4.820753e-04   
     6.158845        3.623579e-04      0.000000e+00      0.000000e+00      3.623579e-04   
     6.436958        2.436340e-04      0.000000e+00      0.000000e+00      2.436340e-04   
     6.721980        1.442533e-04      0.000000e+00      0.000000e+00      1.442533e-04   
     7.013143        7.364239e-05      0.000000e+00      0.000000e+00      7.364239e-05   
     7.309662        3.144710e-05      0.000000e+00      0.000000e+00      3.144710e-05   
     7.610739        1.096756e-05      0.000000e+00      0.000000e+00      1.096756e-05   
     7.915560        3.637358e-06      0.000000e+00      0.000000e+00      3.637358e-06   
     8.223305        2.311611e-06      0.000000e+00      0.000000e+00      2.311611e-06   
     8.533144        2.603536e-06      0.000000e+00      0.000000e+00      2.603536e-06   
     8.844241        2.648043e-06      0.000000e+00      0.000000e+00      2.648043e-06   
     9.155759        2.142132e-06      0.000000e+00      0.000000e+00      2.142132e-06   
     9.466856        1.393475e-06      0.000000e+00      0.000000e+00      1.393475e-06   
     9.776695        7.332102e-07      0.000000e+00      0.000000e+00      7.332102e-07   
    10.084440        3.087751e-07      0.000000e+00      0.000000e+00      3.087751e-07   
    10.389261        1.059452e-07      0.000000e+00      0.000000e+00      1.059452e-07   
    10.690338        4.166676e-08      0.000000e+00      0.000000e+00      4.166676e-08   
    10.986857        3.633249e-08      0.000000e+00      0.000000e+00      3.633249e-08   
    11.278020        4.238011e-08      0.000000e+00      0.000000e+00      4.238011e-08   
    11.563042        4.210043e-08      0.000000e+00      0.000000e+00      4.210043e-08   
    11.841155        3.455130e-08      0.000000e+00      0.000000e+00      3.455130e-08   
    12.111608        2.414327e-08      0.000000e+00      0.000000e+00      2.414327e-08   
    12.373673        1.470197e-08      0.000000e+00      0.000000e+00      1.470197e-08   
    12.626644        7.902157e-09      0.000000e+00      0.000000e+00      7.902157e-09   
    12.869837        3.771465e-09      0.000000e+00      0.000000e+00      3.771465e-09   
    13.102598        1.613822e-09      0.000000e+00      0.000000e+00      1.613822e-09   
    13.324299        6.526981e-10      0.000000e+00      0.000000e+00      6.526981e-10   
    13.534343        3.063331e-10      0.000000e+00      0.000000e+00      3.063331e-10   
    13.732162        2.247304e-10      0.000000e+00      0.000000e+00      2.247304e-10   
    13.917225        2.315214e-10      0.000000e+00      0.000000e+00      2.315214e-10   
    14.089032        2.528915e-10      0.000000e+00      0.000000e+00      2.528915e-10   
    14.247120        2.656598e-10      0.000000e+00      0.000000e+00      2.656598e-10   
    14.391062        2.674043e-10      0.000000e+00      0.000000e+00      2.674043e-10   
    14.520471        2.618225e-10      0.000000e+00      0.000000e+00      2.618225e-10   
    14.634998        2.530167e-10      0.000000e+00      0.000000e+00      2.530167e-10   
    14.734334        2.439797e-10      0.000000e+00      0.000000e+00      2.439797e-10   
    14.818211        2.361412e-10      0.000000e+00      0.000000e+00      2.361412e-10   
    14.886403        2.298102e-10      0.000000e+00      0.000000e+00      2.298102e-10   
    14.938727        2.249370e-10      0.000000e+00      0.000000e+00      2.249370e-10   
    14.975043        2.216370e-10      0.000000e+00      0.000000e+00      2.216370e-10   
    14.995261        2.201386e-10      0.000000e+00      0.000000e+00      2.201386e-10   