#        q              total               1              \delta U         \delta U^2    

     0.001185        2.476751e+08      2.476821e+08     -9.852488e+03      2.905257e+03   
     0.006239        1.371007e+08      1.371058e+08     -5.823303e+03      7.357110e+02   
     0.015318        7.906832e+07      7.907215e+07     -4.114541e+03      2.814164e+02   
     0.028399        2.498836e+07      2.499043e+07     -2.231032e+03      1.622242e+02   
     0.045447        1.370650e+07      1.370800e+07     -1.619648e+03      1.173838e+02   
     0.066417        1.028172e+07      1.028301e+07     -1.386210e+03      1.029225e+02   
     0.091251        7.601851e+06      7.602935e+06     -1.181116e+03      9.755060e+01   
     0.119882        5.531210e+06      5.532113e+06     -9.977627e+02      9.448485e+01   
     0.152235        4.307445e+06      4.308224e+06     -8.697517e+02      9.167144e+01   
     0.188220        3.318146e+06      3.318808e+06     -7.510947e+02      8.839089e+01   
     0.227742        2.525908e+06      2.526465e+06     -6.415430e+02      8.435119e+01   
     0.270694        2.090886e+06      2.091374e+06     -5.679515e+02      7.942589e+01   
     0.316959        1.720177e+06      1.720601e+06     -4.977362e+02      7.359095e+01   
     0.366414        1.405939e+06      1.406303e+06     -4.313296e+02      6.691609e+01   
     0.418925        1.141069e+06      1.141379e+06     -3.692436e+02      5.957156e+01   
     0.474351        9.191581e+05      9.194182e+05     -3.120178e+02      5.183301e+01   
     0.532541        8.224925e+05      8.227238e+05     -2.753132e+02      4.407736e+01   
     0.593339        6.543987e+05      6.545890e+05     -2.270633e+02      3.676370e+01   
     0.656582        5.159643e+05      5.161189e+05     -1.850616e+02      3.039274e+01   
     0.722098        4.564973e+05      4.566309e+05     -1.590297e+02      2.544249e+01   
     0.789711        3.545644e+05      3.546700e+05     -1.279658e+02      2.228148e+01   
     0.859239        3.112051e+05      3.112940e+05     -1.099693e+02      2.107552e+01   
     0.930495        2.376320e+05      2.376993e+05     -8.906333e+01      2.170273e+01   
     1.003286        1.791640e+05      1.792131e+05     -7.276266e+01      2.371227e+01   
     1.077416        1.332112e+05      1.332449e+05     -6.005238e+01      2.635804e+01   
     1.152685        9.753171e+04      9.755295e+04     -4.995800e+01      2.872310e+01   
     1.228890        7.019923e+04      7.021098e+04     -4.166860e+01      2.992457e+01   
     1.305826        3.426564e+04      3.426507e+04     -2.877526e+01      2.934553e+01   
     1.383286        3.261964e+01      6.190216e+00     -3.826071e-01      2.681203e+01   
     1.461060        2.263883e+01      0.000000e+00      0.000000e+00      2.263883e+01   
     1.538940        1.751850e+01      0.000000e+00      0.000000e+00      1.751850e+01   
     1.616714        1.228995e+01      0.000000e+00      0.000000e+00      1.228995e+01   
     1.694174        7.685275e+00      0.000000e+00      0.000000e+00      7.685275e+00   
     1.771110        4.154743e+00      0.000000e+00      0.000000e+00      4.154743e+00   
     1.847315        1.821648e+00      0.000000e+00      0.000000e+00      1.821648e+00   
     1.922584        5.520259e-01      0.000000e+00      0.000000e+00      5.520259e-01   
     1.996714        7.847951e-02      0.000000e+00      0.000000e+00      7.847951e-02   
     2.069505        1.144096e-01      0.000000e+00      0.000000e+00      1.144096e-01   
     2.140761        4.233583e-01      0.000000e+00      0.000000e+00      4.233583e-01   
     2.210289        8.415689e-01      0.000000e+00      0.000000e+00      8.415689e-01   
     2.277902        1.270731e+00      0.000000e+00      0.000000e+00      1.270731e+00   
     2.343418        1.659670e+00      0.000000e+00      0.000000e+00      1.659670e+00   
     2.406661        1.986678e+00      0.000000e+00      0.000000e+00      1.986678e+00   
     2.467459        2.246700e+00      0.000000e+00      0.000000e+00      2.246700e+00   
     2.525649        2.443324e+00      0.000000e+00      0.000000e+00      2.443324e+00   
     2.581075        2.584150e+00      0.000000e+00      0.000000e+00      2.584150e+00   
     2.633586        2.678222e+00      0.000000e+00      0.000000e+00      2.678222e+00   
     2.683041        2.734631e+00      0.000000e+00      0.000000e+00      2.734631e+00   
     2.729306        2.761786e+00      0.000000e+00      0.000000e+00      2.761786e+00   
     2.772258        2.767093e+00      0.000000e+00      0.000000e+00      2.767093e+00   
     2.811780        2.756848e+00      0.000000e+00      0.000000e+00      2.756848e+00   
     2.847765        2.736267e+00      0.000000e+00      0.000000e+00      2.736267e+00   
     2.880118        2.709587e+00      0.000000e+00      0.000000e+00      2.709587e+00   
     2.908749        2.680184e+00      0.000000e+00      0.000000e+00      2.680184e+00   
     2.933583        2.650710e+00      0.000000e+00      0.000000e+00      2.650710e+00   
     2.954553        2.623210e+00      0.000000e+00      0.000000e+00      2.623210e+00   
     2.971601        2.599231e+00      0.000000e+00      0.000000e+00      2.599231e+00   
     2.984682        2.579914e+00      0.000000e+00      0.000000e+00      2.579914e+00   
     2.993761        2.566064e+00      0.000000e+00      0.000000e+00      2.566064e+00   
     2.998815        2.558203e+00      0.000000e+00      0.000000e+00      2.558203e+00   
     3.004739        2.548856e+00      0.000000e+00      0.000000e+00      2.548856e+00   
     3.024957        2.515926e+00      0.000000e+00      0.000000e+00      2.515926e+00   
     3.061273        2.453151e+00      0.000000e+00      0.000000e+00      2.453151e+00   
     3.113597        2.355933e+00      0.000000e+00      0.000000e+00      2.355933e+00   
     3.181789        2.220498e+00      0.000000e+00      0.000000e+00      2.220498e+00   
     3.265666        2.046011e+00      0.000000e+00      0.000000e+00      2.046011e+00   
     3.365002        1.836111e+00      0.000000e+00      0.000000e+00      1.836111e+00   
     3.479529        1.599304e+00      0.000000e+00      0.000000e+00      1.599304e+00   
     3.608938        1.348044e+00      0.000000e+00      0.000000e+00      1.348044e+00   
     3.752880        1.096765e+00      0.000000e+00      0.000000e+00      1.096765e+00   
     3.910968        8.594565e-01      0.000000e+00      0.000000e+00      8.594565e-01   
     4.082775        6.474729e-01      0.000000e+00      0.000000e+00      6.474729e-01   
     4.267838        4.681178e-01      0.000000e+00      0.000000e+00      4.681178e-01   
     4.465657        3.242387e-01      0.000000e+00      0.000000e+00      3.242387e-01   
     4.675701        2.147326e-01      0.000000e+00      0.000000e+00      2.147326e-01   
     4.897402        1.356448e-01      0.000000e+00      0.000000e+00      1.356448e-01   
     5.130163        8.146773e-02      0.000000e+00      0.000000e+00      8.146773e-02   
     5.373356        4.631276e-02      0.000000e+00      0.000000e+00      4.631276e-02   
     5.626327        2.475849e-02      0.000000e+00      0.000000e+00      2.475849e-02   
     5.888392        1.232514e-02      0.000000e+00      0.000000e+00      1.232514e-02   
     6.158845        5.625212e-03      0.000000e+00      0.000000e+00      5.625212e-03   
     6.436958        2.292177e-03      0.000000e+00      0.000000e+00      2.292177e-03   
     6.721980        7.929588e-04      0.000000e+00      0.000000e+00      7.929588e-04   
     7.013143        2.076453e-04      0.000000e+00      0.000000e+00      2.076453e-04   
     7.309662        2.829058e-05      0.000000e+00      0.000000e+00      2.829058e-05   
     7.610739        6.112118e-07      0.000000e+00      0.000000e+00      6.112118e-07   
     7.915560        1.277782e-05      0.000000e+00      0.000000e+00      1.277782e-05   
     8.223305        2.480065e-05      0.000000e+00      0.000000e+00      2.480065e-05   
     8.533144        2.805639e-05      0.000000e+00      0.000000e+00      2.805639e-05   
     8.844241        2.466988e-05      0.000000e+00      0.000000e+00      2.466988e-05   
     9.155759        1.855335e-05      0.000000e+00      0.000000e+00      1.855335e-05   
     9.466856        1.245929e-05      0.000000e+00      0.000000e+00      1.245929e-05   
     9.776695        7.639759e-06      0.000000e+00      0.000000e+00      7.639759e-06   
    10.084440        4.329310e-06      0.000000e+00      0.000000e+00      4.329310e-06   
    10.389261        2.280298e-06      0.000000e+00      0.000000e+00      2.280298e-06   
    10.690338        1.117021e-06      0.000000e+00      0.000000e+00      1.117021e-06   
    10.986857        5.063619e-07      0.000000e+00      0.000000e+00      5.063619e-07   
    11.278020        2.096448e-07      0.000000e+00      0.000000e+00      2.096448e-07   
    11.563042        7.707962e-08      0.000000e+00      0.000000e+00      7.707962e-08   
    11.841155        2.365412e-08      0.000000e+00      0.000000e+00      2.365412e-08   
    12.111608        5.139747e-09      0.000000e+00      0.000000e+00      5.139747e-09   
    12.373673        3.857813e-10      0.000000e+00      0.000000e+00      3.857813e-10   
    12.626644        1.723848e-10      0.000000e+00      0.000000e+00      1.723848e-10   
    12.869837        9.355109e-10      0.000000e+00      0.000000e+00      9.355109e-10   
    13.102598        1.547861e-09      0.000000e+00      0.000000e+00      1.547861e-09   
    13.324299        1.807479e-09      0.000000e+00      0.000000e+00      1.807479e-09   
    13.534343        1.794270e-09      0.000000e+00      0.000000e+00      1.794270e-09   
    13.732162        1.629745e-09      0.000000e+00      0.000000e+00      1.629745e-09   
    13.917225        1.406353e-09      0.000000e+00      0.000000e+00      1.406353e-09   
    14.089032        1.179099e-09      0.000000e+00      0.000000e+00      1.179099e-09   
    14.247120        9.748490e-10      0.000000e+00      0.000000e+00      9.748490e-10   
    14.391062        8.032658e-10      0.000000e+00      0.000000e+00      8.032658e-10   
    14.520471        6.649442e-10      0.000000e+00      0.000000e+00      6.649442e-10   
    14.634998        5.564529e-10      0.000000e+00      0.000000e+00      5.564529e-10   
    14.734334        4.731049e-10      0.000000e+00      0.000000e+00      4.731049e-10   
    14.818211        4.103207e-10      0.000000e+00      0.000000e+00      4.103207e-10   
    14.886403        3.641944e-10      0.000000e+00      0.000000e+00      3.641944e-10   
    14.938727        3.316602e-10      0.000000e+00      0.000000e+00      3.316602e-10   
    14.975043        3.104792e-10      0.000000e+00      0.000000e+00      3.104792e-10   
    14.995261        3.027004e-10      0.000000e+00      0.000000e+00      3.027004e-10   