#        q              total               1              \delta U         \delta U^2    

     0.001185        2.207399e+04      2.225678e+04     -1.961532e+02      1.337039e+01   
     0.006239        1.598371e+04      1.616664e+04     -1.962925e+02      1.337038e+01   
     0.015318        1.206604e+04      1.224892e+04     -1.962453e+02      1.336995e+01   
     0.028399        5.623964e+03      5.806769e+03     -1.961724e+02      1.336742e+01   
     0.045447        4.694271e+03      4.877109e+03     -1.961991e+02      1.336142e+01   
     0.066417        4.026581e+03      4.209232e+03     -1.960016e+02      1.335093e+01   
     0.091251        3.422824e+03      3.605292e+03     -1.958016e+02      1.333359e+01   
     0.119882        2.879880e+03      3.062073e+03     -1.955003e+02      1.330761e+01   
     0.152235        2.510948e+03      2.692571e+03     -1.948933e+02      1.326985e+01   
     0.188220        2.173176e+03      2.354058e+03     -1.941025e+02      1.322046e+01   
     0.227742        1.865389e+03      2.045177e+03     -1.929438e+02      1.315644e+01   
     0.270694        1.676618e+03      1.855048e+03     -1.915088e+02      1.307900e+01   
     0.316959        1.500508e+03      1.677083e+03     -1.895638e+02      1.298935e+01   
     0.366414        1.336770e+03      1.510880e+03     -1.870004e+02      1.289051e+01   
     0.418925        1.260164e+03      1.432064e+03     -1.846877e+02      1.278796e+01   
     0.474351        1.114779e+03      1.282750e+03     -1.806602e+02      1.268895e+01   
     0.532541        9.813708e+02      1.144193e+03     -1.754250e+02      1.260263e+01   
     0.593339        9.201715e+02      1.078823e+03     -1.711916e+02      1.254014e+01   
     0.656582        8.043922e+02      9.556474e+02     -1.637652e+02      1.251000e+01   
     0.722098        7.521090e+02      8.977415e+02     -1.581561e+02      1.252357e+01   
     0.789711        6.532695e+02      7.890424e+02     -1.483567e+02      1.258372e+01   
     0.859239        5.650924e+02      6.894916e+02     -1.370961e+02      1.269685e+01   
     0.930495        5.263460e+02      6.430212e+02     -1.295305e+02      1.285538e+01   
     1.003286        4.528952e+02      5.564389e+02     -1.165917e+02      1.304795e+01   
     1.077416        3.575615e+02      4.417079e+02     -9.739607e+01      1.324960e+01   
     1.152685        3.045917e+02      3.747292e+02     -8.357785e+01      1.344036e+01   
     1.228890        2.158107e+02      2.617826e+02     -5.955977e+01      1.358785e+01   
     1.305826        3.325345e+01      2.550973e+01     -5.911159e+00      1.365488e+01   
     1.383286        1.361586e+01      0.000000e+00      0.000000e+00      1.361586e+01   
     1.461060        1.345321e+01      0.000000e+00      0.000000e+00      1.345321e+01   
     1.538940        1.315361e+01      0.000000e+00      0.000000e+00      1.315361e+01   
     1.616714        1.271767e+01      0.000000e+00      0.000000e+00      1.271767e+01   
     1.694174        1.215509e+01      0.000000e+00      0.000000e+00      1.215509e+01   
     1.771110        1.148361e+01      0.000000e+00      0.000000e+00      1.148361e+01   
     1.847315        1.073005e+01      0.000000e+00      0.000000e+00      1.073005e+01   
     1.922584        9.928620e+00      0.000000e+00      0.000000e+00      9.928620e+00   
     1.996714        9.110970e+00      0.000000e+00      0.000000e+00      9.110970e+00   
     2.069505        8.304784e+00      0.000000e+00      0.000000e+00      8.304784e+00   
     2.140761        7.532961e+00      0.000000e+00      0.000000e+00      7.532961e+00   
     2.210289        6.812751e+00      0.000000e+00      0.000000e+00      6.812751e+00   
     2.277902        6.155481e+00      0.000000e+00      0.000000e+00      6.155481e+00   
     2.343418        5.566184e+00      0.000000e+00      0.000000e+00      5.566184e+00   
     2.406661        5.046494e+00      0.000000e+00      0.000000e+00      5.046494e+00   
     2.467459        4.592730e+00      0.000000e+00      0.000000e+00      4.592730e+00   
     2.525649        4.199040e+00      0.000000e+00      0.000000e+00      4.199040e+00   
     2.581075        3.859269e+00      0.000000e+00      0.000000e+00      3.859269e+00   
     2.633586        3.566897e+00      0.000000e+00      0.000000e+00      3.566897e+00   
     2.683041        3.316089e+00      0.000000e+00      0.000000e+00      3.316089e+00   
     2.729306        3.100984e+00      0.000000e+00      0.000000e+00      3.100984e+00   
     2.772258        2.916547e+00      0.000000e+00      0.000000e+00      2.916547e+00   
     2.811780        2.758746e+00      0.000000e+00      0.000000e+00      2.758746e+00   
     2.847765        2.624222e+00      0.000000e+00      0.000000e+00      2.624222e+00   
     2.880118        2.510011e+00      0.000000e+00      0.000000e+00      2.510011e+00   
     2.908749        2.413926e+00      0.000000e+00      0.000000e+00      2.413926e+00   
     2.933583        2.334087e+00      0.000000e+00      0.000000e+00      2.334087e+00   
     2.954553        2.269141e+00      0.000000e+00      0.000000e+00      2.269141e+00   
     2.971601        2.217849e+00      0.000000e+00      0.000000e+00      2.217849e+00   
     2.984682        2.179408e+00      0.000000e+00      0.000000e+00      2.179408e+00   
     2.993761        2.153189e+00      0.000000e+00      0.000000e+00      2.153189e+00   
     2.998815        2.138745e+00      0.000000e+00      0.000000e+00      2.138745e+00   
     3.004739        2.121951e+00      0.000000e+00      0.000000e+00      2.121951e+00   
     3.024957        2.065726e+00      0.000000e+00      0.000000e+00      2.065726e+00   
     3.061273        1.968865e+00      0.000000e+00      0.000000e+00      1.968865e+00   
     3.113597        1.837825e+00      0.000000e+00      0.000000e+00      1.837825e+00   
     3.181789        1.680637e+00      0.000000e+00      0.000000e+00      1.680637e+00   
     3.265666        1.505770e+00      0.000000e+00      0.000000e+00      1.505770e+00   
     3.365002        1.321358e+00      0.000000e+00      0.000000e+00      1.321358e+00   
     3.479529        1.134862e+00      0.000000e+00      0.000000e+00      1.134862e+00   
     3.608938        9.528849e-01      0.000000e+00      0.000000e+00      9.528849e-01   
     3.752880        7.811679e-01      0.000000e+00      0.000000e+00      7.811679e-01   
     3.910968        6.243152e-01      0.000000e+00      0.000000e+00      6.243152e-01   
     4.082775        4.856277e-01      0.000000e+00      0.000000e+00      4.856277e-01   
     4.267838        3.670098e-01      0.000000e+00      0.000000e+00      3.670098e-01   
     4.465657        2.690037e-01      0.000000e+00      0.000000e+00      2.690037e-01   
     4.675701        1.908474e-01      0.000000e+00      0.000000e+00      1.908474e-01   
     4.897402        1.307748e-01      0.000000e+00      0.000000e+00      1.307748e-01   
     5.130163        8.631988e-02      0.000000e+00      0.000000e+00      8.631988e-02   
     5.373356        5.470871e-02      0.000000e+00      0.000000e+00      5.470871e-02   
     5.626327        3.315825e-02      0.000000e+00      0.000000e+00      3.315825e-02   
     5.888392        1.911776e-02      0.000000e+00      0.000000e+00      1.911776e-02   
     6.158845        1.041214e-02      0.000000e+00      0.000000e+00      1.041214e-02   
     6.436958        5.308584e-03      0.000000e+00      0.000000e+00      5.308584e-03   
     6.721980        2.505837e-03      0.000000e+00      0.000000e+00      2.505837e-03   
     7.013143        1.086144e-03      0.000000e+00      0.000000e+00      1.086144e-03   
     7.309662        4.403174e-04      0.000000e+00      0.000000e+00      4.403174e-04   
     7.610739        1.913095e-04      0.000000e+00      0.000000e+00      1.913095e-04   
     7.915560        1.220633e-04      0.000000e+00      0.000000e+00      1.220633e-04   
     8.223305        1.187006e-04      0.000000e+00      0.000000e+00      1.187006e-04   
     8.533144        1.286625e-04      0.000000e+00      0.000000e+00      1.286625e-04   
     8.844241        1.324403e-04      0.000000e+00      0.000000e+00      1.324403e-04   
     9.155759        1.262820e-04      0.000000e+00      0.000000e+00      1.262820e-04   
     9.466856        1.125599e-04      0.000000e+00      0.000000e+00      1.125599e-04   
     9.776695        9.500896e-05      0.000000e+00      0.000000e+00      9.500896e-05   
    10.084440        7.677539e-05      0.000000e+00      0.000000e+00      7.677539e-05   
    10.389261        5.989783e-05      0.000000e+00      0.000000e+00      5.989783e-05   
    10.690338        4.540571e-05      0.000000e+00      0.000000e+00      4.540571e-05   
    10.986857        3.360868e-05      0.000000e+00      0.000000e+00      3.360868e-05   
    11.278020        2.438358e-05      0.000000e+00      0.000000e+00      2.438358e-05   
    11.563042        1.739305e-05      0.000000e+00      0.000000e+00      1.739305e-05   
    11.841155        1.222879e-05      0.000000e+00      0.000000e+00      1.222879e-05   
    12.111608        8.492818e-06      0.000000e+00      0.000000e+00      8.492818e-06   
    12.373673        5.837114e-06      0.000000e+00      0.000000e+00      5.837114e-06   
    12.626644        3.977191e-06      0.000000e+00      0.000000e+00      3.977191e-06   
    12.869837        2.690880e-06      0.000000e+00      0.000000e+00      2.690880e-06   
    13.102598        1.810811e-06      0.000000e+00      0.000000e+00      1.810811e-06   
    13.324299        1.213950e-06      0.000000e+00      0.000000e+00      1.213950e-06   
    13.534343        8.122413e-07      0.000000e+00      0.000000e+00      8.122413e-07   
    13.732162        5.434824e-07      0.000000e+00      0.000000e+00      5.434824e-07   
    13.917225        3.645610e-07      0.000000e+00      0.000000e+00      3.645610e-07   
    14.089032        2.459124e-07      0.000000e+00      0.000000e+00      2.459124e-07   
    14.247120        1.674497e-07      0.000000e+00      0.000000e+00      1.674497e-07   
    14.391062        1.156659e-07      0.000000e+00      0.000000e+00      1.156659e-07   
    14.520471        8.152211e-08      0.000000e+00      0.000000e+00      8.152211e-08   
    14.634998        5.906156e-08      0.000000e+00      0.000000e+00      5.906156e-08   
    14.734334        4.432944e-08      0.000000e+00      0.000000e+00      4.432944e-08   
    14.818211        3.467528e-08      0.000000e+00      0.000000e+00      3.467528e-08   
    14.886403        2.836116e-08      0.000000e+00      0.000000e+00      2.836116e-08   
    14.938727        2.430041e-08      0.000000e+00      0.000000e+00      2.430041e-08   
    14.975043        2.184315e-08      0.000000e+00      0.000000e+00      2.184315e-08   
    14.995261        2.064696e-08      0.000000e+00      0.000000e+00      2.064696e-08   