#        q              total               1              \delta U         \delta U^2    

     0.001185        4.069369e+07      4.069394e+07     -3.104922e+02      6.164137e+01   
     0.006239        9.548703e+06      9.548804e+06     -1.154701e+02      1.427602e+01   
     0.015318        3.954249e+06      3.954313e+06     -6.843460e+01      4.127092e+00   
     0.028399        1.898412e+06      1.898456e+06     -4.563624e+01      1.324646e+00   
     0.045447        1.025371e+06      1.025403e+06     -3.294057e+01      4.058289e-01   
     0.066417        6.545630e+05      6.545890e+05     -2.611870e+01      1.201816e-01   
     0.091251        4.029495e+05      4.029699e+05     -2.042896e+01      3.645472e-02   
     0.119882        2.724149e+05      2.724317e+05     -1.677216e+01      1.212877e-02   
     0.152235        1.791995e+05      1.792131e+05     -1.358926e+01      4.615795e-03   
     0.188220        1.332332e+05      1.332449e+05     -1.170551e+01      2.117512e-03   
     0.227742        8.293791e+04      8.294714e+04     -9.224434e+00      1.197321e-03   
     0.270694        5.914012e+04      5.914790e+04     -7.777775e+00      8.288996e-04   
     0.316959        4.957016e+04      4.957726e+04     -7.107436e+00      6.674595e-04   
     0.366414        3.425918e+04      3.426507e+04     -5.895134e+00      5.890190e-04   
     0.418925        2.310995e+04      2.311478e+04     -4.828276e+00      5.457300e-04   
     0.474351        1.878922e+04      1.879356e+04     -4.338984e+00      5.165515e-04   
     0.532541        1.214085e+04      1.214432e+04     -3.474076e+00      4.954101e-04   
     0.593339        9.637746e+03      9.640827e+03     -3.080973e+00      4.771176e-04   
     0.656582        5.902618e+03      5.905016e+03     -2.398315e+00      4.604975e-04   
     0.722098        4.546462e+03      4.548553e+03     -2.092013e+00      4.452932e-04   
     0.789711        2.599868e+03      2.601438e+03     -1.571147e+00      4.317402e-04   
     0.859239        1.925490e+03      1.926831e+03     -1.341685e+00      4.201781e-04   
     0.930495        1.005336e+03      1.006297e+03     -9.612506e-01      4.112573e-04   
     1.003286        4.849551e+02      4.856161e+02     -6.614316e-01      4.057507e-04   
     1.077416        2.114127e+02      2.118447e+02     -4.323450e-01      4.043498e-04   
     1.152685        8.059946e+01      8.086317e+01     -2.641206e-01      4.078548e-04   
     1.228890        1.303869e+01      1.314347e+01     -1.052003e-01      4.170524e-04   
     1.305826        5.783048e-03      7.895684e-03     -2.545281e-03      4.326457e-04   
     1.383286        4.552168e-04      0.000000e+00      0.000000e+00      4.552168e-04   
     1.461060        4.855587e-04      0.000000e+00      0.000000e+00      4.855587e-04   
     1.538940        5.247408e-04      0.000000e+00      0.000000e+00      5.247408e-04   
     1.616714        5.737800e-04      0.000000e+00      0.000000e+00      5.737800e-04   
     1.694174        6.336517e-04      0.000000e+00      0.000000e+00      6.336517e-04   
     1.771110        7.052218e-04      0.000000e+00      0.000000e+00      7.052218e-04   
     1.847315        7.892196e-04      0.000000e+00      0.000000e+00      7.892196e-04   
     1.922584        8.861760e-04      0.000000e+00      0.000000e+00      8.861760e-04   
     1.996714        9.963970e-04      0.000000e+00      0.000000e+00      9.963970e-04   
     2.069505        1.119857e-03      0.000000e+00      0.000000e+00      1.119857e-03   
     2.140761        1.256217e-03      0.000000e+00      0.000000e+00      1.256217e-03   
     2.210289        1.404765e-03      0.000000e+00      0.000000e+00      1.404765e-03   
     2.277902        1.564442e-03      0.000000e+00      0.000000e+00      1.564442e-03   
     2.343418        1.733842e-03      0.000000e+00      0.000000e+00      1.733842e-03   
     2.406661        1.911244e-03      0.000000e+00      0.000000e+00      1.911244e-03   
     2.467459        2.094674e-03      0.000000e+00      0.000000e+00      2.094674e-03   
     2.525649        2.281972e-03      0.000000e+00      0.000000e+00      2.281972e-03   
     2.581075        2.470818e-03      0.000000e+00      0.000000e+00      2.470818e-03   
     2.633586        2.658843e-03      0.000000e+00      0.000000e+00      2.658843e-03   
     2.683041        2.843658e-03      0.000000e+00      0.000000e+00      2.843658e-03   
     2.729306        3.022950e-03      0.000000e+00      0.000000e+00      3.022950e-03   
     2.772258        3.194480e-03      0.000000e+00      0.000000e+00      3.194480e-03   
     2.811780        3.356190e-03      0.000000e+00      0.000000e+00      3.356190e-03   
     2.847765        3.506188e-03      0.000000e+00      0.000000e+00      3.506188e-03   
     2.880118        3.642776e-03      0.000000e+00      0.000000e+00      3.642776e-03   
     2.908749        3.764485e-03      0.000000e+00      0.000000e+00      3.764485e-03   
     2.933583        3.870048e-03      0.000000e+00      0.000000e+00      3.870048e-03   
     2.954553        3.958448e-03      0.000000e+00      0.000000e+00      3.958448e-03   
     2.971601        4.028861e-03      0.000000e+00      0.000000e+00      4.028861e-03   
     2.984682        4.080670e-03      0.000000e+00      0.000000e+00      4.080670e-03   
     2.993761        4.113469e-03      0.000000e+00      0.000000e+00      4.113469e-03   
     2.998815        4.126967e-03      0.000000e+00      0.000000e+00      4.126967e-03   
     3.004739        4.179136e-03      0.000000e+00      0.000000e+00      4.179136e-03   
     3.024957        4.320307e-03      0.000000e+00      0.000000e+00      4.320307e-03   
     3.061273        4.545419e-03      0.000000e+00      0.000000e+00      4.545419e-03   
     3.113597        4.860076e-03      0.000000e+00      0.000000e+00      4.860076e-03   
     3.181789        5.270087e-03      0.000000e+00      0.000000e+00      5.270087e-03   
     3.265666        5.779966e-03      0.000000e+00      0.000000e+00      5.779966e-03   
     3.365002        6.390745e-03      0.000000e+00      0.000000e+00      6.390745e-03   
     3.479529        7.097097e-03      0.000000e+00      0.000000e+00      7.097097e-03   
     3.608938        7.883923e-03      0.000000e+00      0.000000e+00      7.883923e-03   
     3.752880        8.722965e-03      0.000000e+00      0.000000e+00      8.722965e-03   
     3.910968        9.570169e-03      0.000000e+00      0.000000e+00      9.570169e-03   
     4.082775        1.036499e-02      0.000000e+00      0.000000e+00      1.036499e-02   
     4.267838        1.103283e-02      0.000000e+00      0.000000e+00      1.103283e-02   
     4.465657        1.149164e-02      0.000000e+00      0.000000e+00      1.149164e-02   
     4.675701        1.166287e-02      0.000000e+00      0.000000e+00      1.166287e-02   
     4.897402        1.148567e-02      0.000000e+00      0.000000e+00      1.148567e-02   
     5.130163        1.093172e-02      0.000000e+00      0.000000e+00      1.093172e-02   
     5.373356        1.001645e-02      0.000000e+00      0.000000e+00      1.001645e-02   
     5.626327        8.802679e-03      0.000000e+00      0.000000e+00      8.802679e-03   
     5.888392        7.393484e-03      0.000000e+00      0.000000e+00      7.393484e-03   
     6.158845        5.915020e-03      0.000000e+00      0.000000e+00      5.915020e-03   
     6.436958        4.493101e-03      0.000000e+00      0.000000e+00      4.493101e-03   
     6.721980        3.230455e-03      0.000000e+00      0.000000e+00      3.230455e-03   
     7.013143        2.191326e-03      0.000000e+00      0.000000e+00      2.191326e-03   
     7.309662        1.397214e-03      0.000000e+00      0.000000e+00      1.397214e-03   
     7.610739        8.333252e-04      0.000000e+00      0.000000e+00      8.333252e-04   
     7.915560        4.615275e-04      0.000000e+00      0.000000e+00      4.615275e-04   
     8.223305        2.345235e-04      0.000000e+00      0.000000e+00      2.345235e-04   
     8.533144        1.070075e-04      0.000000e+00      0.000000e+00      1.070075e-04   
     8.844241        4.201910e-05      0.000000e+00      0.000000e+00      4.201910e-05   
     9.155759        1.288680e-05      0.000000e+00      0.000000e+00      1.288680e-05   
     9.466856        2.287571e-06      0.000000e+00      0.000000e+00      2.287571e-06   
     9.776695        4.075907e-08      0.000000e+00      0.000000e+00      4.075907e-08   
    10.084440        7.729201e-07      0.000000e+00      0.000000e+00      7.729201e-07   
    10.389261        2.012479e-06      0.000000e+00      0.000000e+00      2.012479e-06   
    10.690338        2.858058e-06      0.000000e+00      0.000000e+00      2.858058e-06   
    10.986857        3.151427e-06      0.000000e+00      0.000000e+00      3.151427e-06   
    11.278020        3.017566e-06      0.000000e+00      0.000000e+00      3.017566e-06   
    11.563042        2.639900e-06      0.000000e+00      0.000000e+00      2.639900e-06   
    11.841155        2.170090e-06      0.000000e+00      0.000000e+00      2.170090e-06   
    12.111608        1.705988e-06      0.000000e+00      0.000000e+00      1.705988e-06   
    12.373673        1.298267e-06      0.000000e+00      0.000000e+00      1.298267e-06   
    12.626644        9.650655e-07      0.000000e+00      0.000000e+00      9.650655e-07   
    12.869837        7.057239e-07      0.000000e+00      0.000000e+00      7.057239e-07   
    13.102598        5.106760e-07      0.000000e+00      0.000000e+00      5.106760e-07   
    13.324299        3.675082e-07      0.000000e+00      0.000000e+00      3.675082e-07   
    13.534343        2.641934e-07      0.000000e+00      0.000000e+00      2.641934e-07   
    13.732162        1.904847e-07      0.000000e+00      0.000000e+00      1.904847e-07   
    13.917225        1.382628e-07      0.000000e+00      0.000000e+00      1.382628e-07   
    14.089032        1.013882e-07      0.000000e+00      0.000000e+00      1.013882e-07   
    14.247120        7.536574e-08      0.000000e+00      0.000000e+00      7.536574e-08   
    14.391062        5.697621e-08      0.000000e+00      0.000000e+00      5.697621e-08   
    14.520471        4.394772e-08      0.000000e+00      0.000000e+00      4.394772e-08   
    14.634998        3.469287e-08      0.000000e+00      0.000000e+00      3.469287e-08   
    14.734334        2.811067e-08      0.000000e+00      0.000000e+00      2.811067e-08   
    14.818211        2.344231e-08      0.000000e+00      0.000000e+00      2.344231e-08   
    14.886403        2.016869e-08      0.000000e+00      0.000000e+00      2.016869e-08   
    14.938727        1.793915e-08      0.000000e+00      0.000000e+00      1.793915e-08   
    14.975043        1.652324e-08      0.000000e+00      0.000000e+00      1.652324e-08   
    14.995261        1.577867e-08      0.000000e+00      0.000000e+00      1.577867e-08   