#        q              total               1              \delta U         \delta U^2    

     0.001185        4.069393e+07      4.069394e+07     -2.293543e+01      9.457042e+00   
     0.006239        9.548801e+06      9.548804e+06     -5.759791e+00      2.187116e+00   
     0.015318        3.954311e+06      3.954313e+06     -2.808574e+00      6.308203e-01   
     0.028399        1.898454e+06      1.898456e+06     -1.675924e+00      2.019166e-01   
     0.045447        1.025402e+06      1.025403e+06     -1.142181e+00      6.158701e-02   
     0.066417        6.545881e+05      6.545890e+05     -8.835586e-01      1.808685e-02   
     0.091251        4.029692e+05      4.029699e+05     -6.847002e-01      5.395948e-03   
     0.119882        2.724311e+05      2.724317e+05     -5.602701e-01      1.732078e-03   
     0.152235        1.792126e+05      1.792131e+05     -4.534008e-01      6.025061e-04   
     0.188220        1.332445e+05      1.332449e+05     -3.903871e-01      2.288723e-04   
     0.227742        8.294683e+04      8.294714e+04     -3.076181e-01      9.461276e-05   
     0.270694        5.914764e+04      5.914790e+04     -2.593969e-01      4.246240e-05   
     0.316959        4.957703e+04      4.957726e+04     -2.370860e-01      2.040017e-05   
     0.366414        3.426488e+04      3.426507e+04     -1.967006e-01      1.034731e-05   
     0.418925        2.311462e+04      2.311478e+04     -1.611601e-01      5.570797e-06   
     0.474351        1.879341e+04      1.879356e+04     -1.448912e-01      3.184598e-06   
     0.532541        1.214420e+04      1.214432e+04     -1.160692e-01      1.905097e-06   
     0.593339        9.640724e+03      9.640827e+03     -1.029977e-01      1.214144e-06   
     0.656582        5.904936e+03      5.905016e+03     -8.023196e-02      8.210300e-07   
     0.722098        4.548483e+03      4.548553e+03     -7.004037e-02      5.861138e-07   
     0.789711        2.601386e+03      2.601438e+03     -5.264862e-02      4.548982e-07   
     0.859239        1.926786e+03      1.926831e+03     -4.500408e-02      3.855136e-07   
     0.930495        1.006265e+03      1.006297e+03     -3.227869e-02      3.605870e-07   
     1.003286        4.855939e+02      4.856161e+02     -2.223771e-02      3.729122e-07   
     1.077416        2.118301e+02      2.118447e+02     -1.455498e-02      4.222161e-07   
     1.152685        8.085427e+01      8.086317e+01     -8.904502e-03      5.102050e-07   
     1.228890        1.313992e+01      1.314347e+01     -3.552245e-03      6.432255e-07   
     1.305826        7.810424e-03      7.895684e-03     -8.608994e-05      8.306203e-07   
     1.383286        1.082090e-06      0.000000e+00      0.000000e+00      1.082090e-06   
     1.461060        1.412732e-06      0.000000e+00      0.000000e+00      1.412732e-06   
     1.538940        1.843713e-06      0.000000e+00      0.000000e+00      1.843713e-06   
     1.616714        2.395682e-06      0.000000e+00      0.000000e+00      2.395682e-06   
     1.694174        3.092973e-06      0.000000e+00      0.000000e+00      3.092973e-06   
     1.771110        3.955777e-06      0.000000e+00      0.000000e+00      3.955777e-06   
     1.847315        5.005421e-06      0.000000e+00      0.000000e+00      5.005421e-06   
     1.922584        6.258138e-06      0.000000e+00      0.000000e+00      6.258138e-06   
     1.996714        7.727234e-06      0.000000e+00      0.000000e+00      7.727234e-06   
     2.069505        9.419655e-06      0.000000e+00      0.000000e+00      9.419655e-06   
     2.140761        1.133627e-05      0.000000e+00      0.000000e+00      1.133627e-05   
     2.210289        1.347175e-05      0.000000e+00      0.000000e+00      1.347175e-05   
     2.277902        1.581387e-05      0.000000e+00      0.000000e+00      1.581387e-05   
     2.343418        1.834297e-05      0.000000e+00      0.000000e+00      1.834297e-05   
     2.406661        2.103470e-05      0.000000e+00      0.000000e+00      2.103470e-05   
     2.467459        2.385768e-05      0.000000e+00      0.000000e+00      2.385768e-05   
     2.525649        2.677742e-05      0.000000e+00      0.000000e+00      2.677742e-05   
     2.581075        2.975543e-05      0.000000e+00      0.000000e+00      2.975543e-05   
     2.633586        3.275150e-05      0.000000e+00      0.000000e+00      3.275150e-05   
     2.683041        3.572383e-05      0.000000e+00      0.000000e+00      3.572383e-05   
     2.729306        3.863164e-05      0.000000e+00      0.000000e+00      3.863164e-05   
     2.772258        4.143481e-05      0.000000e+00      0.000000e+00      4.143481e-05   
     2.811780        4.409430e-05      0.000000e+00      0.000000e+00      4.409430e-05   
     2.847765        4.657469e-05      0.000000e+00      0.000000e+00      4.657469e-05   
     2.880118        4.884307e-05      0.000000e+00      0.000000e+00      4.884307e-05   
     2.908749        5.087152e-05      0.000000e+00      0.000000e+00      5.087152e-05   
     2.933583        5.263108e-05      0.000000e+00      0.000000e+00      5.263108e-05   
     2.954553        5.410271e-05      0.000000e+00      0.000000e+00      5.410271e-05   
     2.971601        5.527064e-05      0.000000e+00      0.000000e+00      5.527064e-05   
     2.984682        5.612280e-05      0.000000e+00      0.000000e+00      5.612280e-05   
     2.993761        5.664362e-05      0.000000e+00      0.000000e+00      5.664362e-05   
     2.998815        5.683162e-05      0.000000e+00      0.000000e+00      5.683162e-05   
     3.004739        5.783050e-05      0.000000e+00      0.000000e+00      5.783050e-05   
     3.024957        6.045717e-05      0.000000e+00      0.000000e+00      6.045717e-05   
     3.061273        6.458257e-05      0.000000e+00      0.000000e+00      6.458257e-05   
     3.113597        7.034892e-05      0.000000e+00      0.000000e+00      7.034892e-05   
     3.181789        7.793109e-05      0.000000e+00      0.000000e+00      7.793109e-05   
     3.265666        8.750318e-05      0.000000e+00      0.000000e+00      8.750318e-05   
     3.365002        9.922287e-05      0.000000e+00      0.000000e+00      9.922287e-05   
     3.479529        1.131586e-04      0.000000e+00      0.000000e+00      1.131586e-04   
     3.608938        1.292748e-04      0.000000e+00      0.000000e+00      1.292748e-04   
     3.752880        1.473333e-04      0.000000e+00      0.000000e+00      1.473333e-04   
     3.910968        1.668542e-04      0.000000e+00      0.000000e+00      1.668542e-04   
     4.082775        1.870757e-04      0.000000e+00      0.000000e+00      1.870757e-04   
     4.267838        2.069376e-04      0.000000e+00      0.000000e+00      2.069376e-04   
     4.465657        2.251250e-04      0.000000e+00      0.000000e+00      2.251250e-04   
     4.675701        2.401689e-04      0.000000e+00      0.000000e+00      2.401689e-04   
     4.897402        2.506008e-04      0.000000e+00      0.000000e+00      2.506008e-04   
     5.130163        2.551486e-04      0.000000e+00      0.000000e+00      2.551486e-04   
     5.373356        2.529512e-04      0.000000e+00      0.000000e+00      2.529512e-04   
     5.626327        2.437272e-04      0.000000e+00      0.000000e+00      2.437272e-04   
     5.888392        2.278786e-04      0.000000e+00      0.000000e+00      2.278786e-04   
     6.158845        2.064706e-04      0.000000e+00      0.000000e+00      2.064706e-04   
     6.436958        1.810989e-04      0.000000e+00      0.000000e+00      1.810989e-04   
     6.721980        1.536586e-04      0.000000e+00      0.000000e+00      1.536586e-04   
     7.013143        1.260676e-04      0.000000e+00      0.000000e+00      1.260676e-04   
     7.309662        1.000045e-04      0.000000e+00      0.000000e+00      1.000045e-04   
     7.610739        7.672360e-05      0.000000e+00      0.000000e+00      7.672360e-05   
     7.915560        5.696623e-05      0.000000e+00      0.000000e+00      5.696623e-05   
     8.223305        4.097713e-05      0.000000e+00      0.000000e+00      4.097713e-05   
     8.533144        2.859816e-05      0.000000e+00      0.000000e+00      2.859816e-05   
     8.844241        1.940138e-05      0.000000e+00      0.000000e+00      1.940138e-05   
     9.155759        1.282452e-05      0.000000e+00      0.000000e+00      1.282452e-05   
     9.466856        8.282787e-06      0.000000e+00      0.000000e+00      8.282787e-06   
     9.776695        5.243694e-06      0.000000e+00      0.000000e+00      5.243694e-06   
    10.084440        3.265666e-06      0.000000e+00      0.000000e+00      3.265666e-06   
    10.389261        2.008490e-06      0.000000e+00      0.000000e+00      2.008490e-06   
    10.690338        1.224797e-06      0.000000e+00      0.000000e+00      1.224797e-06   
    10.986857        7.435181e-07      0.000000e+00      0.000000e+00      7.435181e-07   
    11.278020        4.510196e-07      0.000000e+00      0.000000e+00      4.510196e-07   
    11.563042        2.742974e-07      0.000000e+00      0.000000e+00      2.742974e-07   
    11.841155        1.677096e-07      0.000000e+00      0.000000e+00      1.677096e-07   
    12.111608        1.032983e-07      0.000000e+00      0.000000e+00      1.032983e-07   
    12.373673        6.417976e-08      0.000000e+00      0.000000e+00      6.417976e-08   
    12.626644        4.025092e-08      0.000000e+00      0.000000e+00      4.025092e-08   
    12.869837        2.548522e-08      0.000000e+00      0.000000e+00      2.548522e-08   
    13.102598        1.628543e-08      0.000000e+00      0.000000e+00      1.628543e-08   
    13.324299        1.049779e-08      0.000000e+00      0.000000e+00      1.049779e-08   
    13.534343        6.823307e-09      0.000000e+00      0.000000e+00      6.823307e-09   
    13.732162        4.470486e-09      0.000000e+00      0.000000e+00      4.470486e-09   
    13.917225        2.952440e-09      0.000000e+00      0.000000e+00      2.952440e-09   
    14.089032        1.966592e-09      0.000000e+00      0.000000e+00      1.966592e-09   
    14.247120        1.322643e-09      0.000000e+00      0.000000e+00      1.322643e-09   
    14.391062        8.997313e-10      0.000000e+00      0.000000e+00      8.997313e-10   
    14.520471        6.206191e-10      0.000000e+00      0.000000e+00      6.206191e-10   
    14.634998        4.356723e-10      0.000000e+00      0.000000e+00      4.356723e-10   
    14.734334        3.128342e-10      0.000000e+00      0.000000e+00      3.128342e-10   
    14.818211        2.312853e-10      0.000000e+00      0.000000e+00      2.312853e-10   
    14.886403        1.774998e-10      0.000000e+00      0.000000e+00      1.774998e-10   
    14.938727        1.427390e-10      0.000000e+00      0.000000e+00      1.427390e-10   
    14.975043        1.214708e-10      0.000000e+00      0.000000e+00      1.214708e-10   
    14.995261        1.102913e-10      0.000000e+00      0.000000e+00      1.102913e-10   