#        q              total               1              \delta U         \delta U^2    

     0.001185        2.661865e+07      2.661973e+07     -1.153884e+03      6.989979e+01   
     0.006239        1.028235e+07      1.028301e+07     -6.728003e+02      1.587121e+01   
     0.015318        2.770457e+06      2.770795e+06     -3.431629e+02      4.706740e+00   
     0.028399        1.556600e+06      1.556853e+06     -2.551756e+02      1.517958e+00   
     0.045447        9.192234e+05      9.194182e+05     -1.953372e+02      5.125963e-01   
     0.066417        5.159730e+05      5.161189e+05     -1.460901e+02      1.933979e-01   
     0.091251        3.111807e+05      3.112940e+05     -1.133529e+02      9.713671e-02   
     0.119882        2.376004e+05      2.376993e+05     -9.898753e+01      6.752456e-02   
     0.152235        1.547323e+05      1.548121e+05     -7.983380e+01      5.722745e-02   
     0.188220        1.141733e+05      1.142418e+05     -6.852623e+01      5.266687e-02   
     0.227742        7.015736e+04      7.021098e+04     -5.366805e+01      4.980332e-02   
     0.270694        5.909875e+04      5.914790e+04     -4.919680e+01      4.732210e-02   
     0.316959        4.129244e+04      4.133346e+04     -4.106161e+01      4.474842e-02   
     0.366414        2.820020e+04      2.823402e+04     -3.387154e+01      4.191371e-02   
     0.418925        2.308424e+04      2.311478e+04     -3.057633e+01      3.876387e-02   
     0.474351        1.514291e+04      1.516758e+04     -2.470044e+01      3.533122e-02   
     0.532541        1.212232e+04      1.214432e+04     -2.203133e+01      3.167848e-02   
     0.593339        7.565697e+03      7.583014e+03     -1.734501e+01      2.789683e-02   
     0.656582        5.889798e+03      5.905016e+03     -1.524222e+01      2.410531e-02   
     0.722098        4.535259e+03      4.548553e+03     -1.331495e+01      2.042538e-02   
     0.789711        2.591438e+03      2.601438e+03     -1.001738e+01      1.697170e-02   
     0.859239        1.918273e+03      1.926831e+03     -8.572226e+00      1.384672e-02   
     0.930495        1.000151e+03      1.006297e+03     -6.156623e+00      1.112291e-02   
     1.003286        7.017100e+02      7.068266e+02     -5.125436e+00      8.839396e-03   
     1.077416        3.219276e+02      3.253732e+02     -3.452651e+00      7.001497e-03   
     1.152685        1.312484e+02      1.334371e+02     -2.194248e+00      5.585434e-03   
     1.228890        2.470328e+01      2.565308e+01     -9.543495e-01      4.549226e-03   
     1.305826        2.317076e+00      2.615366e+00     -3.021389e-01      3.849034e-03   
     1.383286        3.455433e-03      0.000000e+00      0.000000e+00      3.455433e-03   
     1.461060        3.371193e-03      0.000000e+00      0.000000e+00      3.371193e-03   
     1.538940        3.645776e-03      0.000000e+00      0.000000e+00      3.645776e-03   
     1.616714        4.378000e-03      0.000000e+00      0.000000e+00      4.378000e-03   
     1.694174        5.711175e-03      0.000000e+00      0.000000e+00      5.711175e-03   
     1.771110        7.820496e-03      0.000000e+00      0.000000e+00      7.820496e-03   
     1.847315        1.089311e-02      0.000000e+00      0.000000e+00      1.089311e-02   
     1.922584        1.510387e-02      0.000000e+00      0.000000e+00      1.510387e-02   
     1.996714        2.059060e-02      0.000000e+00      0.000000e+00      2.059060e-02   
     2.069505        2.743248e-02      0.000000e+00      0.000000e+00      2.743248e-02   
     2.140761        3.563493e-02      0.000000e+00      0.000000e+00      3.563493e-02   
     2.210289        4.512308e-02      0.000000e+00      0.000000e+00      4.512308e-02   
     2.277902        5.574450e-02      0.000000e+00      0.000000e+00      5.574450e-02   
     2.343418        6.728025e-02      0.000000e+00      0.000000e+00      6.728025e-02   
     2.406661        7.946259e-02      0.000000e+00      0.000000e+00      7.946259e-02   
     2.467459        9.199643e-02      0.000000e+00      0.000000e+00      9.199643e-02   
     2.525649        1.045815e-01      0.000000e+00      0.000000e+00      1.045815e-01   
     2.581075        1.169329e-01      0.000000e+00      0.000000e+00      1.169329e-01   
     2.633586        1.287977e-01      0.000000e+00      0.000000e+00      1.287977e-01   
     2.683041        1.399667e-01      0.000000e+00      0.000000e+00      1.399667e-01   
     2.729306        1.502803e-01      0.000000e+00      0.000000e+00      1.502803e-01   
     2.772258        1.596303e-01      0.000000e+00      0.000000e+00      1.596303e-01   
     2.811780        1.679562e-01      0.000000e+00      0.000000e+00      1.679562e-01   
     2.847765        1.752397e-01      0.000000e+00      0.000000e+00      1.752397e-01   
     2.880118        1.814961e-01      0.000000e+00      0.000000e+00      1.814961e-01   
     2.908749        1.867660e-01      0.000000e+00      0.000000e+00      1.867660e-01   
     2.933583        1.911062e-01      0.000000e+00      0.000000e+00      1.911062e-01   
     2.954553        1.945812e-01      0.000000e+00      0.000000e+00      1.945812e-01   
     2.971601        1.972565e-01      0.000000e+00      0.000000e+00      1.972565e-01   
     2.984682        1.991925e-01      0.000000e+00      0.000000e+00      1.991925e-01   
     2.993761        2.004395e-01      0.000000e+00      0.000000e+00      2.004395e-01   
     2.998815        2.010351e-01      0.000000e+00      0.000000e+00      2.010351e-01   
     3.004739        2.023745e-01      0.000000e+00      0.000000e+00      2.023745e-01   
     3.024957        2.061405e-01      0.000000e+00      0.000000e+00      2.061405e-01   
     3.061273        2.118850e-01      0.000000e+00      0.000000e+00      2.118850e-01   
     3.113597        2.188172e-01      0.000000e+00      0.000000e+00      2.188172e-01   
     3.181789        2.257040e-01      0.000000e+00      0.000000e+00      2.257040e-01   
     3.265666        2.308702e-01      0.000000e+00      0.000000e+00      2.308702e-01   
     3.365002        2.323332e-01      0.000000e+00      0.000000e+00      2.323332e-01   
     3.479529        2.281337e-01      0.000000e+00      0.000000e+00      2.281337e-01   
     3.608938        2.168497e-01      0.000000e+00      0.000000e+00      2.168497e-01   
     3.752880        1.981519e-01      0.000000e+00      0.000000e+00      1.981519e-01   
     3.910968        1.731337e-01      0.000000e+00      0.000000e+00      1.731337e-01   
     4.082775        1.441686e-01      0.000000e+00      0.000000e+00      1.441686e-01   
     4.267838        1.142687e-01      0.000000e+00      0.000000e+00      1.142687e-01   
     4.465657        8.623325e-02      0.000000e+00      0.000000e+00      8.623325e-02   
     4.675701        6.200598e-02      0.000000e+00      0.000000e+00      6.200598e-02   
     4.897402        4.248233e-02      0.000000e+00      0.000000e+00      4.248233e-02   
     5.130163        2.768938e-02      0.000000e+00      0.000000e+00      2.768938e-02   
     5.373356        1.710633e-02      0.000000e+00      0.000000e+00      1.710633e-02   
     5.626327        9.953716e-03      0.000000e+00      0.000000e+00      9.953716e-03   
     5.888392        5.398799e-03      0.000000e+00      0.000000e+00      5.398799e-03   
     6.158845        2.682819e-03      0.000000e+00      0.000000e+00      2.682819e-03   
     6.436958        1.184656e-03      0.000000e+00      0.000000e+00      1.184656e-03   
     6.721980        4.374885e-04      0.000000e+00      0.000000e+00      4.374885e-04   
     7.013143        1.164680e-04      0.000000e+00      0.000000e+00      1.164680e-04   
     7.309662        1.252347e-05      0.000000e+00      0.000000e+00      1.252347e-05   
     7.610739        2.460211e-06      0.000000e+00      0.000000e+00      2.460211e-06   
     7.915560        2.134830e-05      0.000000e+00      0.000000e+00      2.134830e-05   
     8.223305        4.019092e-05      0.000000e+00      0.000000e+00      4.019092e-05   
     8.533144        4.974878e-05      0.000000e+00      0.000000e+00      4.974878e-05   
     8.844241        5.002281e-05      0.000000e+00      0.000000e+00      5.002281e-05   
     9.155759        4.419261e-05      0.000000e+00      0.000000e+00      4.419261e-05   
     9.466856        3.563198e-05      0.000000e+00      0.000000e+00      3.563198e-05   
     9.776695        2.678911e-05      0.000000e+00      0.000000e+00      2.678911e-05   
    10.084440        1.903289e-05      0.000000e+00      0.000000e+00      1.903289e-05   
    10.389261        1.289205e-05      0.000000e+00      0.000000e+00      1.289205e-05   
    10.690338        8.376146e-06      0.000000e+00      0.000000e+00      8.376146e-06   
    10.986857        5.241721e-06      0.000000e+00      0.000000e+00      5.241721e-06   
    11.278020        3.167872e-06      0.000000e+00      0.000000e+00      3.167872e-06   
    11.563042        1.851449e-06      0.000000e+00      0.000000e+00      1.851449e-06   
    11.841155        1.046383e-06      0.000000e+00      0.000000e+00      1.046383e-06   
    12.111608        5.708979e-07      0.000000e+00      0.000000e+00      5.708979e-07   
    12.373673        2.994844e-07      0.000000e+00      0.000000e+00      2.994844e-07   
    12.626644        1.499210e-07      0.000000e+00      0.000000e+00      1.499210e-07   
    12.869837        7.066057e-08      0.000000e+00      0.000000e+00      7.066057e-08   
    13.102598        3.059484e-08      0.000000e+00      0.000000e+00      3.059484e-08   
    13.324299        1.158923e-08      0.000000e+00      0.000000e+00      1.158923e-08   
    13.534343        3.425892e-09      0.000000e+00      0.000000e+00      3.425892e-09   
    13.732162        5.460346e-10      0.000000e+00      0.000000e+00      5.460346e-10   
    13.917225        4.043460e-11      0.000000e+00      0.000000e+00      4.043460e-11   
    14.089032        4.578247e-10      0.000000e+00      0.000000e+00      4.578247e-10   
    14.247120        1.120853e-09      0.000000e+00      0.000000e+00      1.120853e-09   
    14.391062        1.745745e-09      0.000000e+00      0.000000e+00      1.745745e-09   
    14.520471        2.238363e-09      0.000000e+00      0.000000e+00      2.238363e-09   
    14.634998        2.588934e-09      0.000000e+00      0.000000e+00      2.588934e-09   
    14.734334        2.819962e-09      0.000000e+00      0.000000e+00      2.819962e-09   
    14.818211        2.961970e-09      0.000000e+00      0.000000e+00      2.961970e-09   
    14.886403        3.043347e-09      0.000000e+00      0.000000e+00      3.043347e-09   
    14.938727        3.087055e-09      0.000000e+00      0.000000e+00      3.087055e-09   
    14.975043        3.110449e-09      0.000000e+00      0.000000e+00      3.110449e-09   
    14.995261        3.124234e-09      0.000000e+00      0.000000e+00      3.124234e-09   