#        q              total               1              \delta U         \delta U^2    

     0.001185        4.069359e+07      4.069394e+07     -4.187348e+02      7.353380e+01   
     0.006239        9.548660e+06      9.548804e+06     -1.611798e+02      1.704689e+01   
     0.015318        3.954222e+06      3.954313e+06     -9.670405e+01      4.929690e+00   
     0.028399        1.898393e+06      1.898456e+06     -6.487274e+01      1.581152e+00   
     0.045447        1.025357e+06      1.025403e+06     -4.695979e+01      4.852089e-01   
     0.066417        6.545519e+05      6.545890e+05     -3.727868e+01      1.442365e-01   
     0.091251        4.029408e+05      4.029699e+05     -2.917071e+01      4.424587e-02   
     0.119882        2.724077e+05      2.724317e+05     -2.395291e+01      1.512014e-02   
     0.152235        1.791937e+05      1.792131e+05     -1.940832e+01      6.064374e-03   
     0.188220        1.332282e+05      1.332449e+05     -1.671819e+01      3.042670e-03   
     0.227742        8.293396e+04      8.294714e+04     -1.317462e+01      1.930561e-03   
     0.270694        5.913679e+04      5.914790e+04     -1.110834e+01      1.479849e-03   
     0.316959        4.956711e+04      4.957726e+04     -1.015078e+01      1.277309e-03   
     0.366414        3.425666e+04      3.426507e+04     -8.419184e+00      1.173434e-03   
     0.418925        2.310789e+04      2.311478e+04     -6.895336e+00      1.109186e-03   
     0.474351        1.878736e+04      1.879356e+04     -6.196357e+00      1.062620e-03   
     0.532541        1.213936e+04      1.214432e+04     -4.961005e+00      1.022966e-03   
     0.593339        9.636429e+03      9.640827e+03     -4.399440e+00      9.860205e-04   
     0.656582        5.901593e+03      5.905016e+03     -3.424463e+00      9.509112e-04   
     0.722098        4.545567e+03      4.548553e+03     -2.986928e+00      9.173392e-04   
     0.789711        2.599196e+03      2.601438e+03     -2.243099e+00      8.860638e-04   
     0.859239        1.924917e+03      1.926831e+03     -1.915361e+00      8.580810e-04   
     0.930495        1.004926e+03      1.006297e+03     -1.372152e+00      8.346876e-04   
     1.003286        4.846728e+02      4.856161e+02     -9.440890e-01      8.174265e-04   
     1.077416        2.112284e+02      2.118447e+02     -6.170468e-01      8.076479e-04   
     1.152685        8.048706e+01      8.086317e+01     -3.769175e-01      8.068469e-04   
     1.228890        1.299418e+01      1.314347e+01     -1.501117e-01      8.163938e-04   
     1.305826        5.101798e-03      7.895684e-03     -3.631474e-03      8.375889e-04   
     1.383286        8.714474e-04      0.000000e+00      0.000000e+00      8.714474e-04   
     1.461060        9.193492e-04      0.000000e+00      0.000000e+00      9.193492e-04   
     1.538940        9.830233e-04      0.000000e+00      0.000000e+00      9.830233e-04   
     1.616714        1.064205e-03      0.000000e+00      0.000000e+00      1.064205e-03   
     1.694174        1.164438e-03      0.000000e+00      0.000000e+00      1.164438e-03   
     1.771110        1.285184e-03      0.000000e+00      0.000000e+00      1.285184e-03   
     1.847315        1.427616e-03      0.000000e+00      0.000000e+00      1.427616e-03   
     1.922584        1.592623e-03      0.000000e+00      0.000000e+00      1.592623e-03   
     1.996714        1.780632e-03      0.000000e+00      0.000000e+00      1.780632e-03   
     2.069505        1.991588e-03      0.000000e+00      0.000000e+00      1.991588e-03   
     2.140761        2.224836e-03      0.000000e+00      0.000000e+00      2.224836e-03   
     2.210289        2.479114e-03      0.000000e+00      0.000000e+00      2.479114e-03   
     2.277902        2.752540e-03      0.000000e+00      0.000000e+00      2.752540e-03   
     2.343418        3.042650e-03      0.000000e+00      0.000000e+00      3.042650e-03   
     2.406661        3.346445e-03      0.000000e+00      0.000000e+00      3.346445e-03   
     2.467459        3.660485e-03      0.000000e+00      0.000000e+00      3.660485e-03   
     2.525649        3.981000e-03      0.000000e+00      0.000000e+00      3.981000e-03   
     2.581075        4.303997e-03      0.000000e+00      0.000000e+00      4.303997e-03   
     2.633586        4.625368e-03      0.000000e+00      0.000000e+00      4.625368e-03   
     2.683041        4.941034e-03      0.000000e+00      0.000000e+00      4.941034e-03   
     2.729306        5.247020e-03      0.000000e+00      0.000000e+00      5.247020e-03   
     2.772258        5.539533e-03      0.000000e+00      0.000000e+00      5.539533e-03   
     2.811780        5.815078e-03      0.000000e+00      0.000000e+00      5.815078e-03   
     2.847765        6.070482e-03      0.000000e+00      0.000000e+00      6.070482e-03   
     2.880118        6.302927e-03      0.000000e+00      0.000000e+00      6.302927e-03   
     2.908749        6.509953e-03      0.000000e+00      0.000000e+00      6.509953e-03   
     2.933583        6.689523e-03      0.000000e+00      0.000000e+00      6.689523e-03   
     2.954553        6.839923e-03      0.000000e+00      0.000000e+00      6.839923e-03   
     2.971601        6.959849e-03      0.000000e+00      0.000000e+00      6.959849e-03   
     2.984682        7.048318e-03      0.000000e+00      0.000000e+00      7.048318e-03   
     2.993761        7.104667e-03      0.000000e+00      0.000000e+00      7.104667e-03   
     2.998815        7.128462e-03      0.000000e+00      0.000000e+00      7.128462e-03   
     3.004739        7.214233e-03      0.000000e+00      0.000000e+00      7.214233e-03   
     3.024957        7.448169e-03      0.000000e+00      0.000000e+00      7.448169e-03   
     3.061273        7.822842e-03      0.000000e+00      0.000000e+00      7.822842e-03   
     3.113597        8.346592e-03      0.000000e+00      0.000000e+00      8.346592e-03   
     3.181789        9.027535e-03      0.000000e+00      0.000000e+00      9.027535e-03   
     3.265666        9.870728e-03      0.000000e+00      0.000000e+00      9.870728e-03   
     3.365002        1.087419e-02      0.000000e+00      0.000000e+00      1.087419e-02   
     3.479529        1.202378e-02      0.000000e+00      0.000000e+00      1.202378e-02   
     3.608938        1.328723e-02      0.000000e+00      0.000000e+00      1.328723e-02   
     3.752880        1.460852e-02      0.000000e+00      0.000000e+00      1.460852e-02   
     3.910968        1.590415e-02      0.000000e+00      0.000000e+00      1.590415e-02   
     4.082775        1.706333e-02      0.000000e+00      0.000000e+00      1.706333e-02   
     4.267838        1.795467e-02      0.000000e+00      0.000000e+00      1.795467e-02   
     4.465657        1.844062e-02      0.000000e+00      0.000000e+00      1.844062e-02   
     4.675701        1.839952e-02      0.000000e+00      0.000000e+00      1.839952e-02   
     4.897402        1.775228e-02      0.000000e+00      0.000000e+00      1.775228e-02   
     5.130163        1.648716e-02      0.000000e+00      0.000000e+00      1.648716e-02   
     5.373356        1.467453e-02      0.000000e+00      0.000000e+00      1.467453e-02   
     5.626327        1.246402e-02      0.000000e+00      0.000000e+00      1.246402e-02   
     5.888392        1.006124e-02      0.000000e+00      0.000000e+00      1.006124e-02   
     6.158845        7.688344e-03      0.000000e+00      0.000000e+00      7.688344e-03   
     6.436958        5.540081e-03      0.000000e+00      0.000000e+00      5.540081e-03   
     6.721980        3.749177e-03      0.000000e+00      0.000000e+00      3.749177e-03   
     7.013143        2.371589e-03      0.000000e+00      0.000000e+00      2.371589e-03   
     7.309662        1.393428e-03      0.000000e+00      0.000000e+00      1.393428e-03   
     7.610739        7.531719e-04      0.000000e+00      0.000000e+00      7.531719e-04   
     7.915560        3.684483e-04      0.000000e+00      0.000000e+00      3.684483e-04   
     8.223305        1.582337e-04      0.000000e+00      0.000000e+00      1.582337e-04   
     8.533144        5.594968e-05      0.000000e+00      0.000000e+00      5.594968e-05   
     8.844241        1.378358e-05      0.000000e+00      0.000000e+00      1.378358e-05   
     9.155759        1.160643e-06      0.000000e+00      0.000000e+00      1.160643e-06   
     9.466856        6.252504e-07      0.000000e+00      0.000000e+00      6.252504e-07   
     9.776695        3.424012e-06      0.000000e+00      0.000000e+00      3.424012e-06   
    10.084440        5.914108e-06      0.000000e+00      0.000000e+00      5.914108e-06   
    10.389261        7.083766e-06      0.000000e+00      0.000000e+00      7.083766e-06   
    10.690338        7.050195e-06      0.000000e+00      0.000000e+00      7.050195e-06   
    10.986857        6.263075e-06      0.000000e+00      0.000000e+00      6.263075e-06   
    11.278020        5.150425e-06      0.000000e+00      0.000000e+00      5.150425e-06   
    11.563042        4.006398e-06      0.000000e+00      0.000000e+00      4.006398e-06   
    11.841155        2.990257e-06      0.000000e+00      0.000000e+00      2.990257e-06   
    12.111608        2.163305e-06      0.000000e+00      0.000000e+00      2.163305e-06   
    12.373673        1.528720e-06      0.000000e+00      0.000000e+00      1.528720e-06   
    12.626644        1.061701e-06      0.000000e+00      0.000000e+00      1.061701e-06   
    12.869837        7.283809e-07      0.000000e+00      0.000000e+00      7.283809e-07   
    13.102598        4.958188e-07      0.000000e+00      0.000000e+00      4.958188e-07   
    13.324299        3.362135e-07      0.000000e+00      0.000000e+00      3.362135e-07   
    13.534343        2.279387e-07      0.000000e+00      0.000000e+00      2.279387e-07   
    13.732162        1.550387e-07      0.000000e+00      0.000000e+00      1.550387e-07   
    13.917225        1.061582e-07      0.000000e+00      0.000000e+00      1.061582e-07   
    14.089032        7.342182e-08      0.000000e+00      0.000000e+00      7.342182e-08   
    14.247120        5.147070e-08      0.000000e+00      0.000000e+00      5.147070e-08   
    14.391062        3.670629e-08      0.000000e+00      0.000000e+00      3.670629e-08   
    14.520471        2.673315e-08      0.000000e+00      0.000000e+00      2.673315e-08   
    14.634998        1.996532e-08      0.000000e+00      0.000000e+00      1.996532e-08   
    14.734334        1.535621e-08      0.000000e+00      0.000000e+00      1.535621e-08   
    14.818211        1.221636e-08      0.000000e+00      0.000000e+00      1.221636e-08   
    14.886403        1.009265e-08      0.000000e+00      0.000000e+00      1.009265e-08   
    14.938727        8.689614e-09      0.000000e+00      0.000000e+00      8.689614e-09   
    14.975043        7.818984e-09      0.000000e+00      0.000000e+00      7.818984e-09   
    14.995261        7.367654e-09      0.000000e+00      0.000000e+00      7.367654e-09   