#        q              total               1              \delta U         \delta U^2    

     0.001185        4.313353e+07      4.313492e+07     -1.468841e+03      7.734633e+01   
     0.006239        1.028235e+07      1.028301e+07     -6.728003e+02      1.797874e+01   
     0.015318        3.953909e+06      3.954313e+06     -4.099526e+02      5.261761e+00   
     0.028399        2.091080e+06      2.091374e+06     -2.957544e+02      1.731909e+00   
     0.045447        1.141162e+06      1.141379e+06     -2.176423e+02      5.733132e-01   
     0.066417        6.544247e+05      6.545890e+05     -1.645243e+02      2.092214e-01   
     0.091251        4.028410e+05      4.029699e+05     -1.289685e+02      1.006458e-01   
     0.119882        2.723258e+05      2.724317e+05     -1.059730e+02      6.754569e-02   
     0.152235        1.791272e+05      1.792131e+05     -8.589526e+01      5.617559e-02   
     0.188220        1.331709e+05      1.332449e+05     -7.400646e+01      5.130213e-02   
     0.227742        8.288885e+04      8.294714e+04     -5.833296e+01      4.832797e-02   
     0.270694        5.909875e+04      5.914790e+04     -4.919680e+01      4.580565e-02   
     0.316959        4.953234e+04      4.957726e+04     -4.497036e+01      4.321843e-02   
     0.366414        3.422780e+04      3.426507e+04     -3.731423e+01      4.038486e-02   
     0.418925        2.308424e+04      2.311478e+04     -3.057633e+01      3.724718e-02   
     0.474351        1.876610e+04      1.879356e+04     -2.749483e+01      3.383575e-02   
     0.532541        1.212232e+04      1.214432e+04     -2.203133e+01      3.021743e-02   
     0.593339        9.621296e+03      9.640827e+03     -1.955738e+01      2.648429e-02   
     0.656582        5.889797e+03      5.905016e+03     -1.524222e+01      2.275608e-02   
     0.722098        4.535257e+03      4.548553e+03     -1.331495e+01      1.915580e-02   
     0.789711        2.591437e+03      2.601438e+03     -1.001738e+01      1.579692e-02   
     0.859239        1.918272e+03      1.926831e+03     -8.572226e+00      1.277842e-02   
     0.930495        1.000151e+03      1.006297e+03     -6.156623e+00      1.016894e-02   
     1.003286        4.813758e+02      4.856161e+02     -4.248356e+00      8.002993e-03   
     1.077416        2.090650e+02      2.118447e+02     -2.785932e+00      6.279466e-03   
     1.152685        7.916000e+01      8.086317e+01     -1.708137e+00      4.968755e-03   
     1.228890        1.246438e+01      1.314347e+01     -6.831133e-01      4.024425e-03   
     1.305826        3.944504e-04      3.158273e-04     -3.320207e-03      3.398830e-03   
     1.383286        3.061460e-03      0.000000e+00      0.000000e+00      3.061460e-03   
     1.461060        3.018088e-03      0.000000e+00      0.000000e+00      3.018088e-03   
     1.538940        3.322628e-03      0.000000e+00      0.000000e+00      3.322628e-03   
     1.616714        4.079028e-03      0.000000e+00      0.000000e+00      4.079028e-03   
     1.694174        5.436668e-03      0.000000e+00      0.000000e+00      5.436668e-03   
     1.771110        7.576855e-03      0.000000e+00      0.000000e+00      7.576855e-03   
     1.847315        1.069204e-02      0.000000e+00      0.000000e+00      1.069204e-02   
     1.922584        1.496097e-02      0.000000e+00      0.000000e+00      1.496097e-02   
     1.996714        2.052345e-02      0.000000e+00      0.000000e+00      2.052345e-02   
     2.069505        2.745866e-02      0.000000e+00      0.000000e+00      2.745866e-02   
     2.140761        3.577012e-02      0.000000e+00      0.000000e+00      3.577012e-02   
     2.210289        4.537947e-02      0.000000e+00      0.000000e+00      4.537947e-02   
     2.277902        5.612972e-02      0.000000e+00      0.000000e+00      5.612972e-02   
     2.343418        6.779689e-02      0.000000e+00      0.000000e+00      6.779689e-02   
     2.406661        8.010822e-02      0.000000e+00      0.000000e+00      8.010822e-02   
     2.467459        9.276415e-02      0.000000e+00      0.000000e+00      9.276415e-02   
     2.525649        1.054608e-01      0.000000e+00      0.000000e+00      1.054608e-01   
     2.581075        1.179106e-01      0.000000e+00      0.000000e+00      1.179106e-01   
     2.633586        1.298593e-01      0.000000e+00      0.000000e+00      1.298593e-01   
     2.683041        1.410971e-01      0.000000e+00      0.000000e+00      1.410971e-01   
     2.729306        1.514650e-01      0.000000e+00      0.000000e+00      1.514650e-01   
     2.772258        1.608558e-01      0.000000e+00      0.000000e+00      1.608558e-01   
     2.811780        1.692107e-01      0.000000e+00      0.000000e+00      1.692107e-01   
     2.847765        1.765132e-01      0.000000e+00      0.000000e+00      1.765132e-01   
     2.880118        1.827808e-01      0.000000e+00      0.000000e+00      1.827808e-01   
     2.908749        1.880558e-01      0.000000e+00      0.000000e+00      1.880558e-01   
     2.933583        1.923969e-01      0.000000e+00      0.000000e+00      1.923969e-01   
     2.954553        1.958701e-01      0.000000e+00      0.000000e+00      1.958701e-01   
     2.971601        1.985425e-01      0.000000e+00      0.000000e+00      1.985425e-01   
     2.984682        2.004753e-01      0.000000e+00      0.000000e+00      2.004753e-01   
     2.993761        2.017198e-01      0.000000e+00      0.000000e+00      2.017198e-01   
     2.998815        2.023142e-01      0.000000e+00      0.000000e+00      2.023142e-01   
     3.004739        2.036497e-01      0.000000e+00      0.000000e+00      2.036497e-01   
     3.024957        2.074036e-01      0.000000e+00      0.000000e+00      2.074036e-01   
     3.061273        2.131225e-01      0.000000e+00      0.000000e+00      2.131225e-01   
     3.113597        2.200078e-01      0.000000e+00      0.000000e+00      2.200078e-01   
     3.181789        2.268169e-01      0.000000e+00      0.000000e+00      2.268169e-01   
     3.265666        2.318675e-01      0.000000e+00      0.000000e+00      2.318675e-01   
     3.365002        2.331759e-01      0.000000e+00      0.000000e+00      2.331759e-01   
     3.479529        2.287910e-01      0.000000e+00      0.000000e+00      2.287910e-01   
     3.608938        2.173100e-01      0.000000e+00      0.000000e+00      2.173100e-01   
     3.752880        1.984295e-01      0.000000e+00      0.000000e+00      1.984295e-01   
     3.910968        1.732664e-01      0.000000e+00      0.000000e+00      1.732664e-01   
     4.082775        1.442065e-01      0.000000e+00      0.000000e+00      1.442065e-01   
     4.267838        1.142588e-01      0.000000e+00      0.000000e+00      1.142588e-01   
     4.465657        8.620813e-02      0.000000e+00      0.000000e+00      8.620813e-02   
     4.675701        6.198168e-02      0.000000e+00      0.000000e+00      6.198168e-02   
     4.897402        4.246320e-02      0.000000e+00      0.000000e+00      4.246320e-02   
     5.130163        2.767464e-02      0.000000e+00      0.000000e+00      2.767464e-02   
     5.373356        1.709437e-02      0.000000e+00      0.000000e+00      1.709437e-02   
     5.626327        9.943663e-03      0.000000e+00      0.000000e+00      9.943663e-03   
     5.888392        5.390478e-03      0.000000e+00      0.000000e+00      5.390478e-03   
     6.158845        2.676343e-03      0.000000e+00      0.000000e+00      2.676343e-03   
     6.436958        1.180074e-03      0.000000e+00      0.000000e+00      1.180074e-03   
     6.721980        4.346409e-04      0.000000e+00      0.000000e+00      4.346409e-04   
     7.013143        1.150180e-04      0.000000e+00      0.000000e+00      1.150180e-04   
     7.309662        1.205673e-05      0.000000e+00      0.000000e+00      1.205673e-05   
     7.610739        2.584561e-06      0.000000e+00      0.000000e+00      2.584561e-06   
     7.915560        2.175474e-05      0.000000e+00      0.000000e+00      2.175474e-05   
     8.223305        4.067224e-05      0.000000e+00      0.000000e+00      4.067224e-05   
     8.533144        5.018894e-05      0.000000e+00      0.000000e+00      5.018894e-05   
     8.844241        5.037282e-05      0.000000e+00      0.000000e+00      5.037282e-05   
     9.155759        4.444495e-05      0.000000e+00      0.000000e+00      4.444495e-05   
     9.466856        3.579997e-05      0.000000e+00      0.000000e+00      3.579997e-05   
     9.776695        2.689314e-05      0.000000e+00      0.000000e+00      2.689314e-05   
    10.084440        1.909280e-05      0.000000e+00      0.000000e+00      1.909280e-05   
    10.389261        1.292384e-05      0.000000e+00      0.000000e+00      1.292384e-05   
    10.690338        8.391285e-06      0.000000e+00      0.000000e+00      8.391285e-06   
    10.986857        5.247737e-06      0.000000e+00      0.000000e+00      5.247737e-06   
    11.278020        3.169336e-06      0.000000e+00      0.000000e+00      3.169336e-06   
    11.563042        1.850941e-06      0.000000e+00      0.000000e+00      1.850941e-06   
    11.841155        1.045237e-06      0.000000e+00      0.000000e+00      1.045237e-06   
    12.111608        5.697303e-07      0.000000e+00      0.000000e+00      5.697303e-07   
    12.373673        2.985268e-07      0.000000e+00      0.000000e+00      2.985268e-07   
    12.626644        1.492203e-07      0.000000e+00      0.000000e+00      1.492203e-07   
    12.869837        7.018759e-08      0.000000e+00      0.000000e+00      7.018759e-08   
    13.102598        3.029796e-08      0.000000e+00      0.000000e+00      3.029796e-08   
    13.324299        1.141786e-08      0.000000e+00      0.000000e+00      1.141786e-08   
    13.534343        3.338790e-09      0.000000e+00      0.000000e+00      3.338790e-09   
    13.732162        5.127167e-10      0.000000e+00      0.000000e+00      5.127167e-10   
    13.917225        3.978960e-11      0.000000e+00      0.000000e+00      3.978960e-11   
    14.089032        4.759415e-10      0.000000e+00      0.000000e+00      4.759415e-10   
    14.247120        1.148954e-09      0.000000e+00      0.000000e+00      1.148954e-09   
    14.391062        1.778507e-09      0.000000e+00      0.000000e+00      1.778507e-09   
    14.520471        2.272692e-09      0.000000e+00      0.000000e+00      2.272692e-09   
    14.634998        2.623141e-09      0.000000e+00      0.000000e+00      2.623141e-09   
    14.734334        2.853231e-09      0.000000e+00      0.000000e+00      2.853231e-09   
    14.818211        2.994018e-09      0.000000e+00      0.000000e+00      2.994018e-09   
    14.886403        3.074222e-09      0.000000e+00      0.000000e+00      3.074222e-09   
    14.938727        3.117019e-09      0.000000e+00      0.000000e+00      3.117019e-09   
    14.975043        3.139945e-09      0.000000e+00      0.000000e+00      3.139945e-09   
    14.995261        3.153765e-09      0.000000e+00      0.000000e+00      3.153765e-09   