#        q              total               1              \delta U         \delta U^2    

     0.001185        3.467083e+04      3.528840e+04     -6.718870e+02      5.431132e+01   
     0.006239        2.068857e+04      2.130643e+04     -6.721686e+02      5.431130e+01   
     0.015318        1.554874e+04      1.616664e+04     -6.722119e+02      5.431297e+01   
     0.028399        1.229053e+04      1.290792e+04     -6.717070e+02      5.431612e+01   
     0.045447        1.038164e+04      1.099897e+04     -6.716518e+02      5.432036e+01   
     0.066417        8.943468e+03      9.559992e+03     -6.708520e+02      5.432819e+01   
     0.091251        7.888391e+03      8.503663e+03     -6.696143e+02      5.434254e+01   
     0.119882        7.150777e+03      7.764635e+03     -6.682228e+02      5.436482e+01   
     0.152235        6.458363e+03      7.069714e+03     -6.657513e+02      5.439991e+01   
     0.188220        5.810041e+03      6.417545e+03     -6.619557e+02      5.445207e+01   
     0.227742        5.402607e+03      6.005846e+03     -6.577629e+02      5.452447e+01   
     0.270694        5.014538e+03      5.612141e+03     -6.522318e+02      5.462900e+01   
     0.316959        4.646029e+03      5.236030e+03     -6.447711e+02      5.477021e+01   
     0.366414        4.296930e+03      4.877109e+03     -6.351465e+02      5.496741e+01   
     0.418925        3.967151e+03      4.534977e+03     -6.230573e+02      5.523149e+01   
     0.474351        3.813422e+03      4.370081e+03     -6.122433e+02      5.558469e+01   
     0.532541        3.513469e+03      4.052378e+03     -5.949478e+02      5.603882e+01   
     0.593339        3.233068e+03      3.750458e+03     -5.740057e+02      5.661476e+01   
     0.656582        3.105804e+03      3.605292e+03     -5.568087e+02      5.732108e+01   
     0.722098        2.854722e+03      3.326293e+03     -5.297402e+02      5.816882e+01   
     0.789711        2.622005e+03      3.062073e+03     -4.991945e+02      5.912693e+01   
     0.859239        2.519059e+03      2.935379e+03     -4.765102e+02      6.019106e+01   
     0.930495        2.207776e+03      2.576357e+03     -4.298796e+02      6.129836e+01   
     1.003286        2.023709e+03      2.354058e+03     -3.927249e+02      6.237542e+01   
     1.077416        1.766200e+03      2.045177e+03     -3.422690e+02      6.329256e+01   
     1.152685        1.460864e+03      1.677083e+03     -2.801852e+02      6.396605e+01   
     1.228890        3.431249e+02      3.348938e+02     -5.602187e+01      6.425297e+01   
     1.305826        6.518029e+01      1.382301e+00     -2.065365e-01      6.400452e+01   
     1.383286        6.313061e+01      0.000000e+00      0.000000e+00      6.313061e+01   
     1.461060        6.158082e+01      0.000000e+00      0.000000e+00      6.158082e+01   
     1.538940        5.933077e+01      0.000000e+00      0.000000e+00      5.933077e+01   
     1.616714        5.641767e+01      0.000000e+00      0.000000e+00      5.641767e+01   
     1.694174        5.291866e+01      0.000000e+00      0.000000e+00      5.291866e+01   
     1.771110        4.894452e+01      0.000000e+00      0.000000e+00      4.894452e+01   
     1.847315        4.464752e+01      0.000000e+00      0.000000e+00      4.464752e+01   
     1.922584        4.021228e+01      0.000000e+00      0.000000e+00      4.021228e+01   
     1.996714        3.580060e+01      0.000000e+00      0.000000e+00      3.580060e+01   
     2.069505        3.154889e+01      0.000000e+00      0.000000e+00      3.154889e+01   
     2.140761        2.756607e+01      0.000000e+00      0.000000e+00      2.756607e+01   
     2.210289        2.393078e+01      0.000000e+00      0.000000e+00      2.393078e+01   
     2.277902        2.068939e+01      0.000000e+00      0.000000e+00      2.068939e+01   
     2.343418        1.785577e+01      0.000000e+00      0.000000e+00      1.785577e+01   
     2.406661        1.542494e+01      0.000000e+00      0.000000e+00      1.542494e+01   
     2.467459        1.336542e+01      0.000000e+00      0.000000e+00      1.336542e+01   
     2.525649        1.163491e+01      0.000000e+00      0.000000e+00      1.163491e+01   
     2.581075        1.019214e+01      0.000000e+00      0.000000e+00      1.019214e+01   
     2.633586        8.994900e+00      0.000000e+00      0.000000e+00      8.994900e+00   
     2.683041        8.006359e+00      0.000000e+00      0.000000e+00      8.006359e+00   
     2.729306        7.190342e+00      0.000000e+00      0.000000e+00      7.190342e+00   
     2.772258        6.516690e+00      0.000000e+00      0.000000e+00      6.516690e+00   
     2.811780        5.961289e+00      0.000000e+00      0.000000e+00      5.961289e+00   
     2.847765        5.504319e+00      0.000000e+00      0.000000e+00      5.504319e+00   
     2.880118        5.128711e+00      0.000000e+00      0.000000e+00      5.128711e+00   
     2.908749        4.822202e+00      0.000000e+00      0.000000e+00      4.822202e+00   
     2.933583        4.573933e+00      0.000000e+00      0.000000e+00      4.573933e+00   
     2.954553        4.376755e+00      0.000000e+00      0.000000e+00      4.376755e+00   
     2.971601        4.223899e+00      0.000000e+00      0.000000e+00      4.223899e+00   
     2.984682        4.111125e+00      0.000000e+00      0.000000e+00      4.111125e+00   
     2.993761        4.035095e+00      0.000000e+00      0.000000e+00      4.035095e+00   
     2.998815        3.993468e+00      0.000000e+00      0.000000e+00      3.993468e+00   
     3.004739        3.945328e+00      0.000000e+00      0.000000e+00      3.945328e+00   
     3.024957        3.786409e+00      0.000000e+00      0.000000e+00      3.786409e+00   
     3.061273        3.520203e+00      0.000000e+00      0.000000e+00      3.520203e+00   
     3.113597        3.175540e+00      0.000000e+00      0.000000e+00      3.175540e+00   
     3.181789        2.785833e+00      0.000000e+00      0.000000e+00      2.785833e+00   
     3.265666        2.382381e+00      0.000000e+00      0.000000e+00      2.382381e+00   
     3.365002        1.990159e+00      0.000000e+00      0.000000e+00      1.990159e+00   
     3.479529        1.626507e+00      0.000000e+00      0.000000e+00      1.626507e+00   
     3.608938        1.301645e+00      0.000000e+00      0.000000e+00      1.301645e+00   
     3.752880        1.020417e+00      0.000000e+00      0.000000e+00      1.020417e+00   
     3.910968        7.836164e-01      0.000000e+00      0.000000e+00      7.836164e-01   
     4.082775        5.893203e-01      0.000000e+00      0.000000e+00      5.893203e-01   
     4.267838        4.339762e-01      0.000000e+00      0.000000e+00      4.339762e-01   
     4.465657        3.130356e-01      0.000000e+00      0.000000e+00      3.130356e-01   
     4.675701        2.213423e-01      0.000000e+00      0.000000e+00      2.213423e-01   
     4.897402        1.536167e-01      0.000000e+00      0.000000e+00      1.536167e-01   
     5.130163        1.047929e-01      0.000000e+00      0.000000e+00      1.047929e-01   
     5.373356        7.037567e-02      0.000000e+00      0.000000e+00      7.037567e-02   
     5.626327        4.659080e-02      0.000000e+00      0.000000e+00      4.659080e-02   
     5.888392        3.043264e-02      0.000000e+00      0.000000e+00      3.043264e-02   
     6.158845        1.961527e-02      0.000000e+00      0.000000e+00      1.961527e-02   
     6.436958        1.246996e-02      0.000000e+00      0.000000e+00      1.246996e-02   
     6.721980        7.810787e-03      0.000000e+00      0.000000e+00      7.810787e-03   
     7.013143        4.814356e-03      0.000000e+00      0.000000e+00      4.814356e-03   
     7.309662        2.917372e-03      0.000000e+00      0.000000e+00      2.917372e-03   
     7.610739        1.738770e-03      0.000000e+00      0.000000e+00      1.738770e-03   
     7.915560        1.021951e-03      0.000000e+00      0.000000e+00      1.021951e-03   
     8.223305        5.962356e-04      0.000000e+00      0.000000e+00      5.962356e-04   
     8.533144        3.496606e-04      0.000000e+00      0.000000e+00      3.496606e-04   
     8.844241        2.101396e-04      0.000000e+00      0.000000e+00      2.101396e-04   
     9.155759        1.324852e-04      0.000000e+00      0.000000e+00      1.324852e-04   
     9.466856        8.929313e-05      0.000000e+00      0.000000e+00      8.929313e-05   
     9.776695        6.458767e-05      0.000000e+00      0.000000e+00      6.458767e-05   
    10.084440        4.947925e-05      0.000000e+00      0.000000e+00      4.947925e-05   
    10.389261        3.928175e-05      0.000000e+00      0.000000e+00      3.928175e-05   
    10.690338        3.167349e-05      0.000000e+00      0.000000e+00      3.167349e-05   
    10.986857        2.558002e-05      0.000000e+00      0.000000e+00      2.558002e-05   
    11.278020        2.053301e-05      0.000000e+00      0.000000e+00      2.053301e-05   
    11.563042        1.632757e-05      0.000000e+00      0.000000e+00      1.632757e-05   
    11.841155        1.285498e-05      0.000000e+00      0.000000e+00      1.285498e-05   
    12.111608        1.003110e-05      0.000000e+00      0.000000e+00      1.003110e-05   
    12.373673        7.772655e-06      0.000000e+00      0.000000e+00      7.772655e-06   
    12.626644        5.994477e-06      0.000000e+00      0.000000e+00      5.994477e-06   
    12.869837        4.613244e-06      0.000000e+00      0.000000e+00      4.613244e-06   
    13.102598        3.552195e-06      0.000000e+00      0.000000e+00      3.552195e-06   
    13.324299        2.743900e-06      0.000000e+00      0.000000e+00      2.743900e-06   
    13.534343        2.131947e-06      0.000000e+00      0.000000e+00      2.131947e-06   
    13.732162        1.670354e-06      0.000000e+00      0.000000e+00      1.670354e-06   
    13.917225        1.322917e-06      0.000000e+00      0.000000e+00      1.322917e-06   
    14.089032        1.061736e-06      0.000000e+00      0.000000e+00      1.061736e-06   
    14.247120        8.658733e-07      0.000000e+00      0.000000e+00      8.658733e-07   
    14.391062        7.198021e-07      0.000000e+00      0.000000e+00      7.198021e-07   
    14.520471        6.114792e-07      0.000000e+00      0.000000e+00      6.114792e-07   
    14.634998        5.321873e-07      0.000000e+00      0.000000e+00      5.321873e-07   
    14.734334        4.753187e-07      0.000000e+00      0.000000e+00      4.753187e-07   
    14.818211        4.349408e-07      0.000000e+00      0.000000e+00      4.349408e-07   
    14.886403        4.063597e-07      0.000000e+00      0.000000e+00      4.063597e-07   
    14.938727        3.864974e-07      0.000000e+00      0.000000e+00      3.864974e-07   
    14.975043        3.738112e-07      0.000000e+00      0.000000e+00      3.738112e-07   
    14.995261        3.679124e-07      0.000000e+00      0.000000e+00      3.679124e-07   