#        q              total               1              \delta U         \delta U^2    

     0.001185        1.841944e+09      1.841990e+09     -1.566479e+05      1.107869e+05   
     0.006239        6.953270e+08      6.953358e+08     -3.555079e+04      2.673395e+04   
     0.015318        3.469094e+08      3.469148e+08     -1.391747e+04      8.474492e+03   
     0.028399        2.077402e+08      2.077442e+08     -6.953602e+03      2.946486e+03   
     0.045447        1.371025e+08      1.371058e+08     -4.227092e+03      9.783108e+02   
     0.066417        9.716045e+07      9.716321e+07     -3.067836e+03      3.124469e+02   
     0.091251        7.113621e+07      7.113858e+07     -2.469742e+03      1.029601e+02   
     0.119882        5.415301e+07      5.415508e+07     -2.106559e+03      3.761395e+01   
     0.152235        4.313308e+07      4.313492e+07     -1.864606e+03      1.624019e+01   
     0.188220        3.404888e+07      3.405052e+07     -1.651952e+03      8.651430e+00   
     0.227742        2.833510e+07      2.833660e+07     -1.506038e+03      5.708744e+00   
     0.270694        2.344373e+07      2.344510e+07     -1.370536e+03      4.458416e+00   
     0.316959        2.059116e+07      2.059244e+07     -1.285950e+03      3.872092e+00   
     0.366414        1.803389e+07      1.803509e+07     -1.205549e+03      3.570520e+00   
     0.418925        1.469747e+07      1.469856e+07     -1.090845e+03      3.397716e+00   
     0.474351        1.277269e+07      1.277371e+07     -1.019868e+03      3.284954e+00   
     0.532541        1.189211e+07      1.189310e+07     -9.875886e+02      3.200143e+00   
     0.593339        1.028209e+07      1.028301e+07     -9.222275e+02      3.126810e+00   
     0.656582        8.857958e+06      8.858815e+06     -8.602645e+02      3.056770e+00   
     0.722098        7.602136e+06      7.602935e+06     -8.014840e+02      2.982186e+00   
     0.789711        7.032197e+06      7.032969e+06     -7.755976e+02      2.901107e+00   
     0.859239        5.998653e+06      5.999371e+06     -7.207169e+02      2.811398e+00   
     0.930495        5.094919e+06      5.095584e+06     -6.675628e+02      2.708006e+00   
     1.003286        4.307611e+06      4.308224e+06     -6.151494e+02      2.590222e+00   
     1.077416        3.624410e+06      3.624970e+06     -5.622687e+02      2.455850e+00   
     1.152685        3.034000e+06      3.034506e+06     -5.077948e+02      2.304174e+00   
     1.228890        2.090966e+06      2.091374e+06     -4.106658e+02      2.137263e+00   
     1.305826        1.405982e+06      1.406303e+06     -3.233467e+02      1.958785e+00   
     1.383286        3.502133e+05      3.503650e+05     -1.534902e+02      1.784730e+00   
     1.461060        1.629075e+00      0.000000e+00      0.000000e+00      1.629075e+00   
     1.538940        1.690606e+02      0.000000e+00      0.000000e+00      1.690606e+02   
     1.616714        9.013538e+01      0.000000e+00      0.000000e+00      9.013538e+01   
     1.694174        4.157090e+01      0.000000e+00      0.000000e+00      4.157090e+01   
     1.771110        1.527766e+01      0.000000e+00      0.000000e+00      1.527766e+01   
     1.847315        3.491740e+00      0.000000e+00      0.000000e+00      3.491740e+00   
     1.922584        1.591043e-01      0.000000e+00      0.000000e+00      1.591043e-01   
     1.996714        1.259561e+00      0.000000e+00      0.000000e+00      1.259561e+00   
     2.069505        4.396398e+00      0.000000e+00      0.000000e+00      4.396398e+00   
     2.140761        8.227094e+00      0.000000e+00      0.000000e+00      8.227094e+00   
     2.210289        1.203396e+01      0.000000e+00      0.000000e+00      1.203396e+01   
     2.277902        1.546075e+01      0.000000e+00      0.000000e+00      1.546075e+01   
     2.343418        1.835860e+01      0.000000e+00      0.000000e+00      1.835860e+01   
     2.406661        2.069512e+01      0.000000e+00      0.000000e+00      2.069512e+01   
     2.467459        2.250016e+01      0.000000e+00      0.000000e+00      2.250016e+01   
     2.525649        2.383372e+01      0.000000e+00      0.000000e+00      2.383372e+01   
     2.581075        2.476719e+01      0.000000e+00      0.000000e+00      2.476719e+01   
     2.633586        2.537278e+01      0.000000e+00      0.000000e+00      2.537278e+01   
     2.683041        2.571792e+01      0.000000e+00      0.000000e+00      2.571792e+01   
     2.729306        2.586265e+01      0.000000e+00      0.000000e+00      2.586265e+01   
     2.772258        2.585870e+01      0.000000e+00      0.000000e+00      2.585870e+01   
     2.811780        2.574967e+01      0.000000e+00      0.000000e+00      2.574967e+01   
     2.847765        2.557157e+01      0.000000e+00      0.000000e+00      2.557157e+01   
     2.880118        2.535374e+01      0.000000e+00      0.000000e+00      2.535374e+01   
     2.908749        2.511973e+01      0.000000e+00      0.000000e+00      2.511973e+01   
     2.933583        2.488822e+01      0.000000e+00      0.000000e+00      2.488822e+01   
     2.954553        2.467377e+01      0.000000e+00      0.000000e+00      2.467377e+01   
     2.971601        2.448754e+01      0.000000e+00      0.000000e+00      2.448754e+01   
     2.984682        2.433787e+01      0.000000e+00      0.000000e+00      2.433787e+01   
     2.993761        2.423069e+01      0.000000e+00      0.000000e+00      2.423069e+01   
     2.998815        2.416990e+01      0.000000e+00      0.000000e+00      2.416990e+01   
     3.004739        2.409764e+01      0.000000e+00      0.000000e+00      2.409764e+01   
     3.024957        2.384324e+01      0.000000e+00      0.000000e+00      2.384324e+01   
     3.061273        2.335846e+01      0.000000e+00      0.000000e+00      2.335846e+01   
     3.113597        2.260637e+01      0.000000e+00      0.000000e+00      2.260637e+01   
     3.181789        2.155272e+01      0.000000e+00      0.000000e+00      2.155272e+01   
     3.265666        2.018051e+01      0.000000e+00      0.000000e+00      2.018051e+01   
     3.365002        1.850170e+01      0.000000e+00      0.000000e+00      1.850170e+01   
     3.479529        1.656250e+01      0.000000e+00      0.000000e+00      1.656250e+01   
     3.608938        1.444069e+01      0.000000e+00      0.000000e+00      1.444069e+01   
     3.752880        1.223587e+01      0.000000e+00      0.000000e+00      1.223587e+01   
     3.910968        1.005538e+01      0.000000e+00      0.000000e+00      1.005538e+01   
     4.082775        7.999313e+00      0.000000e+00      0.000000e+00      7.999313e+00   
     4.267838        6.148317e+00      0.000000e+00      0.000000e+00      6.148317e+00   
     4.465657        4.555955e+00      0.000000e+00      0.000000e+00      4.555955e+00   
     4.675701        3.246552e+00      0.000000e+00      0.000000e+00      3.246552e+00   
     4.897402        2.217737e+00      0.000000e+00      0.000000e+00      2.217737e+00   
     5.130163        1.446270e+00      0.000000e+00      0.000000e+00      1.446270e+00   
     5.373356        8.953803e-01      0.000000e+00      0.000000e+00      8.953803e-01   
     5.626327        5.220914e-01      0.000000e+00      0.000000e+00      5.220914e-01   
     5.888392        2.833683e-01      0.000000e+00      0.000000e+00      2.833683e-01   
     6.158845        1.405037e-01      0.000000e+00      0.000000e+00      1.405037e-01   
     6.436958        6.159910e-02      0.000000e+00      0.000000e+00      6.159910e-02   
     6.721980        2.236959e-02      0.000000e+00      0.000000e+00      2.236959e-02   
     7.013143        5.708676e-03      0.000000e+00      0.000000e+00      5.708676e-03   
     7.309662        5.120592e-04      0.000000e+00      0.000000e+00      5.120592e-04   
     7.610739        2.111595e-04      0.000000e+00      0.000000e+00      2.111595e-04   
     7.915560        1.350330e-03      0.000000e+00      0.000000e+00      1.350330e-03   
     8.223305        2.403801e-03      0.000000e+00      0.000000e+00      2.403801e-03   
     8.533144        2.906106e-03      0.000000e+00      0.000000e+00      2.906106e-03   
     8.844241        2.883102e-03      0.000000e+00      0.000000e+00      2.883102e-03   
     9.155759        2.523979e-03      0.000000e+00      0.000000e+00      2.523979e-03   
     9.466856        2.020950e-03      0.000000e+00      0.000000e+00      2.020950e-03   
     9.776695        1.510613e-03      0.000000e+00      0.000000e+00      1.510613e-03   
    10.084440        1.067687e-03      0.000000e+00      0.000000e+00      1.067687e-03   
    10.389261        7.196621e-04      0.000000e+00      0.000000e+00      7.196621e-04   
    10.690338        4.653107e-04      0.000000e+00      0.000000e+00      4.653107e-04   
    10.986857        2.897414e-04      0.000000e+00      0.000000e+00      2.897414e-04   
    11.278020        1.741856e-04      0.000000e+00      0.000000e+00      1.741856e-04   
    11.563042        1.012146e-04      0.000000e+00      0.000000e+00      1.012146e-04   
    11.841155        5.682894e-05      0.000000e+00      0.000000e+00      5.682894e-05   
    12.111608        3.076665e-05      0.000000e+00      0.000000e+00      3.076665e-05   
    12.373673        1.598749e-05      0.000000e+00      0.000000e+00      1.598749e-05   
    12.626644        7.906422e-06      0.000000e+00      0.000000e+00      7.906422e-06   
    12.869837        3.664992e-06      0.000000e+00      0.000000e+00      3.664992e-06   
    13.102598        1.548108e-06      0.000000e+00      0.000000e+00      1.548108e-06   
    13.324299        5.624787e-07      0.000000e+00      0.000000e+00      5.624787e-07   
    13.534343        1.524923e-07      0.000000e+00      0.000000e+00      1.524923e-07   
    13.732162        1.840677e-08      0.000000e+00      0.000000e+00      1.840677e-08   
    13.917225        5.009914e-09      0.000000e+00      0.000000e+00      5.009914e-09   
    14.089032        3.598386e-08      0.000000e+00      0.000000e+00      3.598386e-08   
    14.247120        7.648672e-08      0.000000e+00      0.000000e+00      7.648672e-08   
    14.391062        1.125179e-07      0.000000e+00      0.000000e+00      1.125179e-07   
    14.520471        1.399400e-07      0.000000e+00      0.000000e+00      1.399400e-07   
    14.634998        1.588638e-07      0.000000e+00      0.000000e+00      1.588638e-07   
    14.734334        1.709129e-07      0.000000e+00      0.000000e+00      1.709129e-07   
    14.818211        1.779834e-07      0.000000e+00      0.000000e+00      1.779834e-07   
    14.886403        1.817481e-07      0.000000e+00      0.000000e+00      1.817481e-07   
    14.938727        1.835087e-07      0.000000e+00      0.000000e+00      1.835087e-07   
    14.975043        1.841923e-07      0.000000e+00      0.000000e+00      1.841923e-07   
    14.995261        1.843932e-07      0.000000e+00      0.000000e+00      1.843932e-07   