#        q              total               1              \delta U         \delta U^2    

     0.001185        1.841979e+09      1.841990e+09     -1.485224e+04      3.759823e+03   
     0.006239        6.953297e+08      6.953358e+08     -7.091243e+03      9.380174e+02   
     0.015318        3.469105e+08      3.469148e+08     -4.629943e+03      3.183381e+02   
     0.028399        2.077409e+08      2.077442e+08     -3.445132e+03      1.211757e+02   
     0.045447        1.371031e+08      1.371058e+08     -2.741768e+03      4.442740e+01   
     0.066417        9.716094e+07      9.716321e+07     -2.286490e+03      1.607039e+01   
     0.091251        7.113664e+07      7.113858e+07     -1.949124e+03      6.614045e+00   
     0.119882        5.415339e+07      5.415508e+07     -1.698146e+03      3.552489e+00   
     0.152235        4.313341e+07      4.313492e+07     -1.514618e+03      2.512469e+00   
     0.188220        3.404918e+07      3.405052e+07     -1.345280e+03      2.125329e+00   
     0.227742        2.833538e+07      2.833660e+07     -1.226963e+03      1.965104e+00   
     0.270694        2.344398e+07      2.344510e+07     -1.115839e+03      1.890039e+00   
     0.316959        2.059140e+07      2.059244e+07     -1.045551e+03      1.850150e+00   
     0.366414        1.803411e+07      1.803509e+07     -9.782677e+02      1.825377e+00   
     0.418925        1.469768e+07      1.469856e+07     -8.829423e+02      1.807860e+00   
     0.474351        1.277289e+07      1.277371e+07     -8.228833e+02      1.793138e+00   
     0.532541        1.189230e+07      1.189310e+07     -7.937834e+02      1.779445e+00   
     0.593339        1.028227e+07      1.028301e+07     -7.378739e+02      1.765439e+00   
     0.656582        8.858132e+06      8.858815e+06     -6.846603e+02      1.750683e+00   
     0.722098        7.602303e+06      7.602935e+06     -6.340855e+02      1.734581e+00   
     0.789711        7.032361e+06      7.032969e+06     -6.096918e+02      1.717017e+00   
     0.859239        5.998810e+06      5.999371e+06     -5.629938e+02      1.698047e+00   
     0.930495        5.095067e+06      5.095584e+06     -5.187981e+02      1.677136e+00   
     1.003286        4.307748e+06      4.308224e+06     -4.770463e+02      1.654439e+00   
     1.077416        3.624534e+06      3.624970e+06     -4.376786e+02      1.629875e+00   
     1.152685        3.034107e+06      3.034506e+06     -4.006331e+02      1.603375e+00   
     1.228890        2.091043e+06      2.091374e+06     -3.328568e+02      1.575080e+00   
     1.305826        1.406031e+06      1.406303e+06     -2.732716e+02      1.544936e+00   
     1.383286        3.502299e+05      3.503650e+05     -1.366297e+02      1.514687e+00   
     1.461060        1.485458e+00      0.000000e+00      0.000000e+00      1.485458e+00   
     1.538940        1.455170e+00      0.000000e+00      0.000000e+00      1.455170e+00   
     1.616714        1.422761e+00      0.000000e+00      0.000000e+00      1.422761e+00   
     1.694174        1.388991e+00      0.000000e+00      0.000000e+00      1.388991e+00   
     1.771110        1.354274e+00      0.000000e+00      0.000000e+00      1.354274e+00   
     1.847315        1.318900e+00      0.000000e+00      0.000000e+00      1.318900e+00   
     1.922584        1.283130e+00      0.000000e+00      0.000000e+00      1.283130e+00   
     1.996714        1.247207e+00      0.000000e+00      0.000000e+00      1.247207e+00   
     2.069505        1.211357e+00      0.000000e+00      0.000000e+00      1.211357e+00   
     2.140761        1.175795e+00      0.000000e+00      0.000000e+00      1.175795e+00   
     2.210289        1.140717e+00      0.000000e+00      0.000000e+00      1.140717e+00   
     2.277902        1.106302e+00      0.000000e+00      0.000000e+00      1.106302e+00   
     2.343418        1.072700e+00      0.000000e+00      0.000000e+00      1.072700e+00   
     2.406661        1.040033e+00      0.000000e+00      0.000000e+00      1.040033e+00   
     2.467459        1.008384e+00      0.000000e+00      0.000000e+00      1.008384e+00   
     2.525649        9.777856e-01      0.000000e+00      0.000000e+00      9.777856e-01   
     2.581075        9.482120e-01      0.000000e+00      0.000000e+00      9.482120e-01   
     2.633586        9.195656e-01      0.000000e+00      0.000000e+00      9.195656e-01   
     2.683041        8.916771e-01      0.000000e+00      0.000000e+00      8.916771e-01   
     2.729306        8.643182e-01      0.000000e+00      0.000000e+00      8.643182e-01   
     2.772258        8.372538e-01      0.000000e+00      0.000000e+00      8.372538e-01   
     2.811780        8.103171e-01      0.000000e+00      0.000000e+00      8.103171e-01   
     2.847765        7.835140e-01      0.000000e+00      0.000000e+00      7.835140e-01   
     2.880118        7.570851e-01      0.000000e+00      0.000000e+00      7.570851e-01   
     2.908749        7.315123e-01      0.000000e+00      0.000000e+00      7.315123e-01   
     2.933583        7.074621e-01      0.000000e+00      0.000000e+00      7.074621e-01   
     2.954553        6.856679e-01      0.000000e+00      0.000000e+00      6.856679e-01   
     2.971601        6.668076e-01      0.000000e+00      0.000000e+00      6.668076e-01   
     2.984682        6.513824e-01      0.000000e+00      0.000000e+00      6.513824e-01   
     2.993761        6.395273e-01      0.000000e+00      0.000000e+00      6.395273e-01   
     2.998815        6.293203e-01      0.000000e+00      0.000000e+00      6.293203e-01   
     3.004739        3.808418e+01      0.000000e+00      0.000000e+00      3.808418e+01   
     3.024957        3.866237e+01      0.000000e+00      0.000000e+00      3.866237e+01   
     3.061273        3.891201e+01      0.000000e+00      0.000000e+00      3.891201e+01   
     3.113597        3.762730e+01      0.000000e+00      0.000000e+00      3.762730e+01   
     3.181789        3.412729e+01      0.000000e+00      0.000000e+00      3.412729e+01   
     3.265666        2.942011e+01      0.000000e+00      0.000000e+00      2.942011e+01   
     3.365002        2.501066e+01      0.000000e+00      0.000000e+00      2.501066e+01   
     3.479529        2.121955e+01      0.000000e+00      0.000000e+00      2.121955e+01   
     3.608938        1.781675e+01      0.000000e+00      0.000000e+00      1.781675e+01   
     3.752880        1.468997e+01      0.000000e+00      0.000000e+00      1.468997e+01   
     3.910968        1.183211e+01      0.000000e+00      0.000000e+00      1.183211e+01   
     4.082775        9.273859e+00      0.000000e+00      0.000000e+00      9.273859e+00   
     4.267838        7.050178e+00      0.000000e+00      0.000000e+00      7.050178e+00   
     4.465657        5.182781e+00      0.000000e+00      0.000000e+00      5.182781e+00   
     4.675701        3.672725e+00      0.000000e+00      0.000000e+00      3.672725e+00   
     4.897402        2.499985e+00      0.000000e+00      0.000000e+00      2.499985e+00   
     5.130163        1.627532e+00      0.000000e+00      0.000000e+00      1.627532e+00   
     5.373356        1.007671e+00      0.000000e+00      0.000000e+00      1.007671e+00   
     5.626327        5.887585e-01      0.000000e+00      0.000000e+00      5.887585e-01   
     5.888392        3.209692e-01      0.000000e+00      0.000000e+00      3.209692e-01   
     6.158845        1.603927e-01      0.000000e+00      0.000000e+00      1.603927e-01   
     6.436958        7.126227e-02      0.000000e+00      0.000000e+00      7.126227e-02   
     6.721980        2.651919e-02      0.000000e+00      0.000000e+00      2.651919e-02   
     7.013143        7.150001e-03      0.000000e+00      0.000000e+00      7.150001e-03   
     7.309662        8.015498e-04      0.000000e+00      0.000000e+00      8.015498e-04   
     7.610739        1.333246e-04      0.000000e+00      0.000000e+00      1.333246e-04   
     7.915560        1.245566e-03      0.000000e+00      0.000000e+00      1.245566e-03   
     8.223305        2.380361e-03      0.000000e+00      0.000000e+00      2.380361e-03   
     8.533144        2.967408e-03      0.000000e+00      0.000000e+00      2.967408e-03   
     8.844241        2.997217e-03      0.000000e+00      0.000000e+00      2.997217e-03   
     9.155759        2.656635e-03      0.000000e+00      0.000000e+00      2.656635e-03   
     9.466856        2.147631e-03      0.000000e+00      0.000000e+00      2.147631e-03   
     9.776695        1.618191e-03      0.000000e+00      0.000000e+00      1.618191e-03   
    10.084440        1.151862e-03      0.000000e+00      0.000000e+00      1.151862e-03   
    10.389261        7.815402e-04      0.000000e+00      0.000000e+00      7.815402e-04   
    10.690338        5.085622e-04      0.000000e+00      0.000000e+00      5.085622e-04   
    10.986857        3.187165e-04      0.000000e+00      0.000000e+00      3.187165e-04   
    11.278020        1.928915e-04      0.000000e+00      0.000000e+00      1.928915e-04   
    11.563042        1.128951e-04      0.000000e+00      0.000000e+00      1.128951e-04   
    11.841155        6.389924e-05      0.000000e+00      0.000000e+00      6.389924e-05   
    12.111608        3.491901e-05      0.000000e+00      0.000000e+00      3.491901e-05   
    12.373673        1.835182e-05      0.000000e+00      0.000000e+00      1.835182e-05   
    12.626644        9.207830e-06      0.000000e+00      0.000000e+00      9.207830e-06   
    12.869837        4.353100e-06      0.000000e+00      0.000000e+00      4.353100e-06   
    13.102598        1.893192e-06      0.000000e+00      0.000000e+00      1.893192e-06   
    13.324299        7.223452e-07      0.000000e+00      0.000000e+00      7.223452e-07   
    13.534343        2.166547e-07      0.000000e+00      0.000000e+00      2.166547e-07   
    13.732162        3.608779e-08      0.000000e+00      0.000000e+00      3.608779e-08   
    13.917225        2.315820e-09      0.000000e+00      0.000000e+00      2.315820e-09   
    14.089032        2.612833e-08      0.000000e+00      0.000000e+00      2.612833e-08   
    14.247120        6.571058e-08      0.000000e+00      0.000000e+00      6.571058e-08   
    14.391062        1.034293e-07      0.000000e+00      0.000000e+00      1.034293e-07   
    14.520471        1.333475e-07      0.000000e+00      0.000000e+00      1.333475e-07   
    14.634998        1.547506e-07      0.000000e+00      0.000000e+00      1.547506e-07   
    14.734334        1.689331e-07      0.000000e+00      0.000000e+00      1.689331e-07   
    14.818211        1.777007e-07      0.000000e+00      0.000000e+00      1.777007e-07   
    14.886403        1.827403e-07      0.000000e+00      0.000000e+00      1.827403e-07   
    14.938727        1.854040e-07      0.000000e+00      0.000000e+00      1.854040e-07   
    14.975043        1.866726e-07      0.000000e+00      0.000000e+00      1.866726e-07   
    14.995261        1.871835e-07      0.000000e+00      0.000000e+00      1.871835e-07   