#        q              total               1              \delta U         \delta U^2    

     0.001185        1.070929e+09      1.070929e+09     -5.117181e+01      5.917985e+01   
     0.006239        3.972766e+08      3.972766e+08     -1.761553e+01      3.206645e+00   
     0.015318        2.129198e+08      2.129198e+08     -1.203524e+01      1.027930e+00   
     0.028399        1.315545e+08      1.315546e+08     -9.147411e+00      3.604394e-01   
     0.045447        9.106778e+07      9.106779e+07     -7.616418e+00      1.209420e-01   
     0.066417        6.663362e+07      6.663363e+07     -6.555971e+00      3.960483e-02   
     0.091251        5.071584e+07      5.071584e+07     -5.808561e+00      1.340762e-02   
     0.119882        4.040411e+07      4.040412e+07     -5.293886e+00      5.019863e-03   
     0.152235        3.283230e+07      3.283231e+07     -4.814063e+00      2.079999e-03   
     0.188220        2.647986e+07      2.647987e+07     -4.364987e+00      9.717034e-04   
     0.227742        2.260648e+07      2.260649e+07     -4.079799e+00      4.957569e-04   
     0.270694        1.921496e+07      1.921497e+07     -3.806681e+00      2.686589e-04   
     0.316959        1.680122e+07      1.680123e+07     -3.545206e+00      1.537578e-04   
     0.366414        1.464558e+07      1.464558e+07     -3.295040e+00      9.344368e-05   
     0.418925        1.229412e+07      1.229412e+07     -3.055913e+00      5.847319e-05   
     0.474351        1.104417e+07      1.104417e+07     -2.935664e+00      3.776443e-05   
     0.532541        9.881942e+06      9.881945e+06     -2.712308e+00      2.531376e-05   
     0.593339        8.504119e+06      8.504121e+06     -2.499566e+00      1.762439e-05   
     0.656582        7.587751e+06      7.587754e+06     -2.391072e+00      1.320957e-05   
     0.722098        6.485389e+06      6.485391e+06     -2.193760e+00      1.050746e-05   
     0.789711        5.742086e+06      5.742088e+06     -2.006839e+00      9.291059e-06   
     0.859239        5.083956e+06      5.083958e+06     -1.910342e+00      9.216304e-06   
     0.930495        4.112329e+06      4.112331e+06     -1.663723e+00      1.034214e-05   
     1.003286        3.455024e+06      3.455026e+06     -1.507287e+00      1.287590e-05   
     1.077416        2.753391e+06      2.753392e+06     -1.297457e+00      1.717518e-05   
     1.152685        2.065776e+06      2.065777e+06     -1.053384e+00      2.344295e-05   
     1.228890        3.424583e+05      3.424585e+05     -2.081183e-01      3.294328e-05   
     1.305826        1.159116e+03      1.159116e+03     -8.493594e-04      4.651879e-05   
     1.383286        6.453999e-05      0.000000e+00      0.000000e+00      6.453999e-05   
     1.461060        8.742353e-05      0.000000e+00      0.000000e+00      8.742353e-05   
     1.538940        1.163512e-04      0.000000e+00      0.000000e+00      1.163512e-04   
     1.616714        1.520426e-04      0.000000e+00      0.000000e+00      1.520426e-04   
     1.694174        1.951255e-04      0.000000e+00      0.000000e+00      1.951255e-04   
     1.771110        2.463324e-04      0.000000e+00      0.000000e+00      2.463324e-04   
     1.847315        3.059627e-04      0.000000e+00      0.000000e+00      3.059627e-04   
     1.922584        3.745241e-04      0.000000e+00      0.000000e+00      3.745241e-04   
     1.996714        4.514584e-04      0.000000e+00      0.000000e+00      4.514584e-04   
     2.069505        5.365288e-04      0.000000e+00      0.000000e+00      5.365288e-04   
     2.140761        6.295013e-04      0.000000e+00      0.000000e+00      6.295013e-04   
     2.210289        7.295993e-04      0.000000e+00      0.000000e+00      7.295993e-04   
     2.277902        8.359028e-04      0.000000e+00      0.000000e+00      8.359028e-04   
     2.343418        9.472819e-04      0.000000e+00      0.000000e+00      9.472819e-04   
     2.406661        1.062265e-03      0.000000e+00      0.000000e+00      1.062265e-03   
     2.467459        1.179934e-03      0.000000e+00      0.000000e+00      1.179934e-03   
     2.525649        1.298721e-03      0.000000e+00      0.000000e+00      1.298721e-03   
     2.581075        1.417048e-03      0.000000e+00      0.000000e+00      1.417048e-03   
     2.633586        1.533844e-03      0.000000e+00      0.000000e+00      1.533844e-03   
     2.683041        1.647587e-03      0.000000e+00      0.000000e+00      1.647587e-03   
     2.729306        1.756930e-03      0.000000e+00      0.000000e+00      1.756930e-03   
     2.772258        1.860676e-03      0.000000e+00      0.000000e+00      1.860676e-03   
     2.811780        1.957940e-03      0.000000e+00      0.000000e+00      1.957940e-03   
     2.847765        2.047601e-03      0.000000e+00      0.000000e+00      2.047601e-03   
     2.880118        2.128710e-03      0.000000e+00      0.000000e+00      2.128710e-03   
     2.908749        2.200395e-03      0.000000e+00      0.000000e+00      2.200395e-03   
     2.933583        2.262566e-03      0.000000e+00      0.000000e+00      2.262566e-03   
     2.954553        2.314235e-03      0.000000e+00      0.000000e+00      2.314235e-03   
     2.971601        2.354827e-03      0.000000e+00      0.000000e+00      2.354827e-03   
     2.984682        2.384559e-03      0.000000e+00      0.000000e+00      2.384559e-03   
     2.993761        2.402898e-03      0.000000e+00      0.000000e+00      2.402898e-03   
     2.998815        2.409738e-03      0.000000e+00      0.000000e+00      2.409738e-03   
     3.004739        2.442948e-03      0.000000e+00      0.000000e+00      2.442948e-03   
     3.024957        2.530779e-03      0.000000e+00      0.000000e+00      2.530779e-03   
     3.061273        2.667906e-03      0.000000e+00      0.000000e+00      2.667906e-03   
     3.113597        2.857248e-03      0.000000e+00      0.000000e+00      2.857248e-03   
     3.181789        3.101884e-03      0.000000e+00      0.000000e+00      3.101884e-03   
     3.265666        3.404268e-03      0.000000e+00      0.000000e+00      3.404268e-03   
     3.365002        3.765680e-03      0.000000e+00      0.000000e+00      3.765680e-03   
     3.479529        4.184503e-03      0.000000e+00      0.000000e+00      4.184503e-03   
     3.608938        4.655616e-03      0.000000e+00      0.000000e+00      4.655616e-03   
     3.752880        5.168720e-03      0.000000e+00      0.000000e+00      5.168720e-03   
     3.910968        5.707381e-03      0.000000e+00      0.000000e+00      5.707381e-03   
     4.082775        6.248639e-03      0.000000e+00      0.000000e+00      6.248639e-03   
     4.267838        6.763427e-03      0.000000e+00      0.000000e+00      6.763427e-03   
     4.465657        7.217423e-03      0.000000e+00      0.000000e+00      7.217423e-03   
     4.675701        7.574367e-03      0.000000e+00      0.000000e+00      7.574367e-03   
     4.897402        7.799033e-03      0.000000e+00      0.000000e+00      7.799033e-03   
     5.130163        7.862297e-03      0.000000e+00      0.000000e+00      7.862297e-03   
     5.373356        7.745419e-03      0.000000e+00      0.000000e+00      7.745419e-03   
     5.626327        7.443958e-03      0.000000e+00      0.000000e+00      7.443958e-03   
     5.888392        6.970136e-03      0.000000e+00      0.000000e+00      6.970136e-03   
     6.158845        6.352019e-03      0.000000e+00      0.000000e+00      6.352019e-03   
     6.436958        5.630663e-03      0.000000e+00      0.000000e+00      5.630663e-03   
     6.721980        4.854690e-03      0.000000e+00      0.000000e+00      4.854690e-03   
     7.013143        4.073445e-03      0.000000e+00      0.000000e+00      4.073445e-03   
     7.309662        3.330832e-03      0.000000e+00      0.000000e+00      3.330832e-03   
     7.610739        2.660282e-03      0.000000e+00      0.000000e+00      2.660282e-03   
     7.915560        2.082397e-03      0.000000e+00      0.000000e+00      2.082397e-03   
     8.223305        1.605050e-03      0.000000e+00      0.000000e+00      1.605050e-03   
     8.533144        1.225394e-03      0.000000e+00      0.000000e+00      1.225394e-03   
     8.844241        9.331883e-04      0.000000e+00      0.000000e+00      9.331883e-04   
     9.155759        7.141902e-04      0.000000e+00      0.000000e+00      7.141902e-04   
     9.466856        5.531472e-04      0.000000e+00      0.000000e+00      5.531472e-04   
     9.776695        4.358866e-04      0.000000e+00      0.000000e+00      4.358866e-04   
    10.084440        3.504498e-04      0.000000e+00      0.000000e+00      3.504498e-04   
    10.389261        2.874858e-04      0.000000e+00      0.000000e+00      2.874858e-04   
    10.690338        2.401115e-04      0.000000e+00      0.000000e+00      2.401115e-04   
    10.986857        2.035012e-04      0.000000e+00      0.000000e+00      2.035012e-04   
    11.278020        1.743997e-04      0.000000e+00      0.000000e+00      1.743997e-04   
    11.563042        1.506656e-04      0.000000e+00      0.000000e+00      1.506656e-04   
    11.841155        1.309115e-04      0.000000e+00      0.000000e+00      1.309115e-04   
    12.111608        1.142322e-04      0.000000e+00      0.000000e+00      1.142322e-04   
    12.373673        1.000195e-04      0.000000e+00      0.000000e+00      1.000195e-04   
    12.626644        8.784929e-05      0.000000e+00      0.000000e+00      8.784929e-05   
    12.869837        7.740561e-05      0.000000e+00      0.000000e+00      7.740561e-05   
    13.102598        6.843945e-05      0.000000e+00      0.000000e+00      6.843945e-05   
    13.324299        6.074892e-05      0.000000e+00      0.000000e+00      6.074892e-05   
    13.534343        5.416404e-05      0.000000e+00      0.000000e+00      5.416404e-05   
    13.732162        4.853728e-05      0.000000e+00      0.000000e+00      4.853728e-05   
    13.917225        4.374104e-05      0.000000e+00      0.000000e+00      4.374104e-05   
    14.089032        3.966559e-05      0.000000e+00      0.000000e+00      3.966559e-05   
    14.247120        3.621566e-05      0.000000e+00      0.000000e+00      3.621566e-05   
    14.391062        3.330871e-05      0.000000e+00      0.000000e+00      3.330871e-05   
    14.520471        3.087436e-05      0.000000e+00      0.000000e+00      3.087436e-05   
    14.634998        2.885354e-05      0.000000e+00      0.000000e+00      2.885354e-05   
    14.734334        2.719726e-05      0.000000e+00      0.000000e+00      2.719726e-05   
    14.818211        2.586527e-05      0.000000e+00      0.000000e+00      2.586527e-05   
    14.886403        2.482514e-05      0.000000e+00      0.000000e+00      2.482514e-05   
    14.938727        2.405155e-05      0.000000e+00      0.000000e+00      2.405155e-05   
    14.975043        2.352573e-05      0.000000e+00      0.000000e+00      2.352573e-05   
    14.995261        2.323578e-05      0.000000e+00      0.000000e+00      2.323578e-05   