#        q              total               1              \delta U         \delta U^2    

     0.001185        6.226340e+08      6.226357e+08     -2.096703e+03      3.954769e+02   
     0.006239        2.269811e+08      2.269820e+08     -1.062267e+03      9.738802e+01   
     0.015318        1.306793e+08      1.306801e+08     -7.655614e+02      3.138142e+01   
     0.028399        8.330667e+07      8.330726e+07     -5.970420e+02      1.110298e+01   
     0.045447        6.048814e+07      6.048864e+07     -5.031628e+02      3.803260e+00   
     0.066417        4.569629e+07      4.569672e+07     -4.352684e+02      1.314405e+00   
     0.091251        3.615576e+07      3.615614e+07     -3.863855e+02      5.123959e-01   
     0.119882        3.014442e+07      3.014478e+07     -3.524162e+02      2.529791e-01   
     0.152235        2.499011e+07      2.499043e+07     -3.205894e+02      1.635203e-01   
     0.188220        2.059215e+07      2.059244e+07     -2.907319e+02      1.296496e-01   
     0.227742        1.803482e+07      1.803509e+07     -2.717546e+02      1.148144e-01   
     0.270694        1.574781e+07      1.574806e+07     -2.535566e+02      1.072946e-01   
     0.316959        1.370777e+07      1.370800e+07     -2.361164e+02      1.025841e-01   
     0.366414        1.189288e+07      1.189310e+07     -2.194170e+02      9.899777e-02   
     0.418925        1.028280e+07      1.028301e+07     -2.034448e+02      9.587170e-02   
     0.474351        9.548609e+06      9.548804e+06     -1.953791e+02      9.277498e-02   
     0.532541        8.210704e+06      8.210884e+06     -1.804454e+02      8.970145e-02   
     0.593339        7.032803e+06      7.032969e+06     -1.662160e+02      8.642989e-02   
     0.656582        6.498905e+06      6.499064e+06     -1.589153e+02      8.315723e-02   
     0.722098        5.531967e+06      5.532113e+06     -1.457093e+02      7.987005e-02   
     0.789711        4.688011e+06      4.688144e+06     -1.331959e+02      7.663494e-02   
     0.859239        4.308097e+06      4.308224e+06     -1.266841e+02      7.357139e-02   
     0.930495        3.318698e+06      3.318808e+06     -1.102225e+02      7.077527e-02   
     1.003286        2.770695e+06      2.770795e+06     -9.974823e+01      6.837343e-02   
     1.077416        2.091288e+06      2.091374e+06     -8.575478e+01      6.645814e-02   
     1.152685        1.406234e+06      1.406303e+06     -6.952491e+01      6.513803e-02   
     1.228890        5.606327e+04      5.607692e+04     -1.371445e+01      6.466595e-02   
     1.305826        9.646983e-01      9.553777e-01     -5.587269e-02      6.519330e-02   
     1.383286        6.663456e-02      0.000000e+00      0.000000e+00      6.663456e-02   
     1.461060        6.903273e-02      0.000000e+00      0.000000e+00      6.903273e-02   
     1.538940        7.253127e-02      0.000000e+00      0.000000e+00      7.253127e-02   
     1.616714        7.724508e-02      0.000000e+00      0.000000e+00      7.724508e-02   
     1.694174        8.327836e-02      0.000000e+00      0.000000e+00      8.327836e-02   
     1.771110        9.072506e-02      0.000000e+00      0.000000e+00      9.072506e-02   
     1.847315        9.966509e-02      0.000000e+00      0.000000e+00      9.966509e-02   
     1.922584        1.101595e-01      0.000000e+00      0.000000e+00      1.101595e-01   
     1.996714        1.222411e-01      0.000000e+00      0.000000e+00      1.222411e-01   
     2.069505        1.359096e-01      0.000000e+00      0.000000e+00      1.359096e-01   
     2.140761        1.511260e-01      0.000000e+00      0.000000e+00      1.511260e-01   
     2.210289        1.678106e-01      0.000000e+00      0.000000e+00      1.678106e-01   
     2.277902        1.858401e-01      0.000000e+00      0.000000e+00      1.858401e-01   
     2.343418        2.050501e-01      0.000000e+00      0.000000e+00      2.050501e-01   
     2.406661        2.252387e-01      0.000000e+00      0.000000e+00      2.252387e-01   
     2.467459        2.461725e-01      0.000000e+00      0.000000e+00      2.461725e-01   
     2.525649        2.675934e-01      0.000000e+00      0.000000e+00      2.675934e-01   
     2.581075        2.892264e-01      0.000000e+00      0.000000e+00      2.892264e-01   
     2.633586        3.107893e-01      0.000000e+00      0.000000e+00      3.107893e-01   
     2.683041        3.319999e-01      0.000000e+00      0.000000e+00      3.319999e-01   
     2.729306        3.525831e-01      0.000000e+00      0.000000e+00      3.525831e-01   
     2.772258        3.722790e-01      0.000000e+00      0.000000e+00      3.722790e-01   
     2.811780        3.908460e-01      0.000000e+00      0.000000e+00      3.908460e-01   
     2.847765        4.080660e-01      0.000000e+00      0.000000e+00      4.080660e-01   
     2.880118        4.237459e-01      0.000000e+00      0.000000e+00      4.237459e-01   
     2.908749        4.377197e-01      0.000000e+00      0.000000e+00      4.377197e-01   
     2.933583        4.498485e-01      0.000000e+00      0.000000e+00      4.498485e-01   
     2.954553        4.600177e-01      0.000000e+00      0.000000e+00      4.600177e-01   
     2.971601        4.681402e-01      0.000000e+00      0.000000e+00      4.681402e-01   
     2.984682        4.741493e-01      0.000000e+00      0.000000e+00      4.741493e-01   
     2.993761        4.780024e-01      0.000000e+00      0.000000e+00      4.780024e-01   
     2.998815        4.796711e-01      0.000000e+00      0.000000e+00      4.796711e-01   
     3.004739        4.852731e-01      0.000000e+00      0.000000e+00      4.852731e-01   
     3.024957        5.006892e-01      0.000000e+00      0.000000e+00      5.006892e-01   
     3.061273        5.255138e-01      0.000000e+00      0.000000e+00      5.255138e-01   
     3.113597        5.602582e-01      0.000000e+00      0.000000e+00      5.602582e-01   
     3.181789        6.053830e-01      0.000000e+00      0.000000e+00      6.053830e-01   
     3.265666        6.610842e-01      0.000000e+00      0.000000e+00      6.610842e-01   
     3.365002        7.269977e-01      0.000000e+00      0.000000e+00      7.269977e-01   
     3.479529        8.018194e-01      0.000000e+00      0.000000e+00      8.018194e-01   
     3.608938        8.828793e-01      0.000000e+00      0.000000e+00      8.828793e-01   
     3.752880        9.657641e-01      0.000000e+00      0.000000e+00      9.657641e-01   
     3.910968        1.044114e+00      0.000000e+00      0.000000e+00      1.044114e+00   
     4.082775        1.109778e+00      0.000000e+00      0.000000e+00      1.109778e+00   
     4.267838        1.153485e+00      0.000000e+00      0.000000e+00      1.153485e+00   
     4.465657        1.166139e+00      0.000000e+00      0.000000e+00      1.166139e+00   
     4.675701        1.140617e+00      0.000000e+00      0.000000e+00      1.140617e+00   
     4.897402        1.073742e+00      0.000000e+00      0.000000e+00      1.073742e+00   
     5.130163        9.678270e-01      0.000000e+00      0.000000e+00      9.678270e-01   
     5.373356        8.311281e-01      0.000000e+00      0.000000e+00      8.311281e-01   
     5.626327        6.767505e-01      0.000000e+00      0.000000e+00      6.767505e-01   
     5.888392        5.200914e-01      0.000000e+00      0.000000e+00      5.200914e-01   
     6.158845        3.755460e-01      0.000000e+00      0.000000e+00      3.755460e-01   
     6.436958        2.535982e-01      0.000000e+00      0.000000e+00      2.535982e-01   
     6.721980        1.592818e-01      0.000000e+00      0.000000e+00      1.592818e-01   
     7.013143        9.237018e-02      0.000000e+00      0.000000e+00      9.237018e-02   
     7.309662        4.889487e-02      0.000000e+00      0.000000e+00      4.889487e-02   
     7.610739        2.315568e-02      0.000000e+00      0.000000e+00      2.315568e-02   
     7.915560        9.437245e-03      0.000000e+00      0.000000e+00      9.437245e-03   
     8.223305        3.034781e-03      0.000000e+00      0.000000e+00      3.034781e-03   
     8.533144        5.968880e-04      0.000000e+00      0.000000e+00      5.968880e-04   
     8.844241        1.640725e-05      0.000000e+00      0.000000e+00      1.640725e-05   
     9.155759        1.245145e-04      0.000000e+00      0.000000e+00      1.245145e-04   
     9.466856        3.642321e-04      0.000000e+00      0.000000e+00      3.642321e-04   
     9.776695        5.274956e-04      0.000000e+00      0.000000e+00      5.274956e-04   
    10.084440        5.766258e-04      0.000000e+00      0.000000e+00      5.766258e-04   
    10.389261        5.393588e-04      0.000000e+00      0.000000e+00      5.393588e-04   
    10.690338        4.561845e-04      0.000000e+00      0.000000e+00      4.561845e-04   
    10.986857        3.594280e-04      0.000000e+00      0.000000e+00      3.594280e-04   
    11.278020        2.686735e-04      0.000000e+00      0.000000e+00      2.686735e-04   
    11.563042        1.928892e-04      0.000000e+00      0.000000e+00      1.928892e-04   
    11.841155        1.341794e-04      0.000000e+00      0.000000e+00      1.341794e-04   
    12.111608        9.104431e-05      0.000000e+00      0.000000e+00      9.104431e-05   
    12.373673        6.057575e-05      0.000000e+00      0.000000e+00      6.057575e-05   
    12.626644        3.969165e-05      0.000000e+00      0.000000e+00      3.969165e-05   
    12.869837        2.570660e-05      0.000000e+00      0.000000e+00      2.570660e-05   
    13.102598        1.650939e-05      0.000000e+00      0.000000e+00      1.650939e-05   
    13.324299        1.054418e-05      0.000000e+00      0.000000e+00      1.054418e-05   
    13.534343        6.715141e-06      0.000000e+00      0.000000e+00      6.715141e-06   
    13.732162        4.275497e-06      0.000000e+00      0.000000e+00      4.275497e-06   
    13.917225        2.728613e-06      0.000000e+00      0.000000e+00      2.728613e-06   
    14.089032        1.750276e-06      0.000000e+00      0.000000e+00      1.750276e-06   
    14.247120        1.131842e-06      0.000000e+00      0.000000e+00      1.131842e-06   
    14.391062        7.404427e-07      0.000000e+00      0.000000e+00      7.404427e-07   
    14.520471        4.920770e-07      0.000000e+00      0.000000e+00      4.920770e-07   
    14.634998        3.339035e-07      0.000000e+00      0.000000e+00      3.339035e-07   
    14.734334        2.327958e-07      0.000000e+00      0.000000e+00      2.327958e-07   
    14.818211        1.680409e-07      0.000000e+00      0.000000e+00      1.680409e-07   
    14.886403        1.267226e-07      0.000000e+00      0.000000e+00      1.267226e-07   
    14.938727        1.008258e-07      0.000000e+00      0.000000e+00      1.008258e-07   
    14.975043        8.544632e-08      0.000000e+00      0.000000e+00      8.544632e-08   
    14.995261        7.771845e-08      0.000000e+00      0.000000e+00      7.771845e-08   