#        q              total               1              \delta U         \delta U^2    

     0.001185        8.928511e+08      8.928625e+08     -1.182034e+04      4.169741e+02   
     0.006239        4.772671e+08      4.772754e+08     -8.585318e+03      3.373501e+02   
     0.015318        2.107182e+08      2.107236e+08     -5.691066e+03      3.228226e+02   
     0.028399        8.772638e+07      8.772972e+07     -3.663862e+03      3.172230e+02   
     0.045447        6.742491e+07      6.742779e+07     -3.202377e+03      3.139522e+02   
     0.066417        4.838169e+07      4.838408e+07     -2.700459e+03      3.108417e+02   
     0.091251        3.615413e+07      3.615614e+07     -2.318369e+03      3.068158e+02   
     0.119882        2.833487e+07      2.833660e+07     -2.031438e+03      3.011617e+02   
     0.152235        2.344357e+07      2.344510e+07     -1.820751e+03      2.933118e+02   
     0.188220        2.059105e+07      2.059244e+07     -1.671896e+03      2.827902e+02   
     0.227742        1.803384e+07      1.803509e+07     -1.522379e+03      2.692380e+02   
     0.270694        1.574694e+07      1.574806e+07     -1.372653e+03      2.524516e+02   
     0.316959        1.370701e+07      1.370800e+07     -1.223632e+03      2.324412e+02   
     0.366414        1.189223e+07      1.189310e+07     -1.076684e+03      2.095007e+02   
     0.418925        1.028226e+07      1.028301e+07     -9.335581e+02      1.842472e+02   
     0.474351        9.548135e+06      9.548804e+06     -8.267646e+02      1.576728e+02   
     0.532541        8.210322e+06      8.210884e+06     -6.934430e+02      1.311358e+02   
     0.593339        7.032505e+06      7.032969e+06     -5.707504e+02      1.062906e+02   
     0.656582        6.498670e+06      6.499064e+06     -4.796748e+02      8.496209e+01   
     0.722098        5.531801e+06      5.532113e+06     -3.808534e+02      6.891125e+01   
     0.789711        4.687906e+06      4.688144e+06     -2.980851e+02      5.953668e+01   
     0.859239        3.954139e+06      3.954313e+06     -2.315655e+02      5.751806e+01   
     0.930495        3.318691e+06      3.318808e+06     -1.804554e+02      6.250174e+01   
     1.003286        2.770725e+06      2.770795e+06     -1.429181e+02      7.292035e+01   
     1.077416        2.091349e+06      2.091374e+06     -1.109317e+02      8.607739e+01   
     1.152685        1.556863e+06      1.556853e+06     -8.850574e+01      9.857154e+01   
     1.228890        9.385783e+04      9.377146e+04     -2.066415e+01      1.070276e+02   
     1.305826        1.098437e+02      9.553777e-01     -6.369438e-02      1.089520e+02   
     1.383286        1.034175e+02      0.000000e+00      0.000000e+00      1.034175e+02   
     1.461060        9.128192e+01      0.000000e+00      0.000000e+00      9.128192e+01   
     1.538940        7.482061e+01      0.000000e+00      0.000000e+00      7.482061e+01   
     1.616714        5.692081e+01      0.000000e+00      0.000000e+00      5.692081e+01   
     1.694174        4.018923e+01      0.000000e+00      0.000000e+00      4.018923e+01   
     1.771110        2.633439e+01      0.000000e+00      0.000000e+00      2.633439e+01   
     1.847315        1.600080e+01      0.000000e+00      0.000000e+00      1.600080e+01   
     1.922584        8.986670e+00      0.000000e+00      0.000000e+00      8.986670e+00   
     1.996714        4.630292e+00      0.000000e+00      0.000000e+00      4.630292e+00   
     2.069505        2.159446e+00      0.000000e+00      0.000000e+00      2.159446e+00   
     2.140761        9.026434e-01      0.000000e+00      0.000000e+00      9.026434e-01   
     2.210289        3.647237e-01      0.000000e+00      0.000000e+00      3.647237e-01   
     2.277902        2.186395e-01      0.000000e+00      0.000000e+00      2.186395e-01   
     2.343418        2.649358e-01      0.000000e+00      0.000000e+00      2.649358e-01   
     2.406661        3.895582e-01      0.000000e+00      0.000000e+00      3.895582e-01   
     2.467459        5.314119e-01      0.000000e+00      0.000000e+00      5.314119e-01   
     2.525649        6.606404e-01      0.000000e+00      0.000000e+00      6.606404e-01   
     2.581075        7.650733e-01      0.000000e+00      0.000000e+00      7.650733e-01   
     2.633586        8.420744e-01      0.000000e+00      0.000000e+00      8.420744e-01   
     2.683041        8.937557e-01      0.000000e+00      0.000000e+00      8.937557e-01   
     2.729306        9.242431e-01      0.000000e+00      0.000000e+00      9.242431e-01   
     2.772258        9.381795e-01      0.000000e+00      0.000000e+00      9.381795e-01   
     2.811780        9.399640e-01      0.000000e+00      0.000000e+00      9.399640e-01   
     2.847765        9.334168e-01      0.000000e+00      0.000000e+00      9.334168e-01   
     2.880118        9.216802e-01      0.000000e+00      0.000000e+00      9.216802e-01   
     2.908749        9.072420e-01      0.000000e+00      0.000000e+00      9.072420e-01   
     2.933583        8.920138e-01      0.000000e+00      0.000000e+00      8.920138e-01   
     2.954553        8.774270e-01      0.000000e+00      0.000000e+00      8.774270e-01   
     2.971601        8.645273e-01      0.000000e+00      0.000000e+00      8.645273e-01   
     2.984682        8.540564e-01      0.000000e+00      0.000000e+00      8.540564e-01   
     2.993761        8.465195e-01      0.000000e+00      0.000000e+00      8.465195e-01   
     2.998815        8.422333e-01      0.000000e+00      0.000000e+00      8.422333e-01   
     3.004739        8.371310e-01      0.000000e+00      0.000000e+00      8.371310e-01   
     3.024957        8.191240e-01      0.000000e+00      0.000000e+00      8.191240e-01   
     3.061273        7.848028e-01      0.000000e+00      0.000000e+00      7.848028e-01   
     3.113597        7.320916e-01      0.000000e+00      0.000000e+00      7.320916e-01   
     3.181789        6.602897e-01      0.000000e+00      0.000000e+00      6.602897e-01   
     3.265666        5.715025e-01      0.000000e+00      0.000000e+00      5.715025e-01   
     3.365002        4.711938e-01      0.000000e+00      0.000000e+00      4.711938e-01   
     3.479529        3.674659e-01      0.000000e+00      0.000000e+00      3.674659e-01   
     3.608938        2.692558e-01      0.000000e+00      0.000000e+00      2.692558e-01   
     3.752880        1.841586e-01      0.000000e+00      0.000000e+00      1.841586e-01   
     3.910968        1.167630e-01      0.000000e+00      0.000000e+00      1.167630e-01   
     4.082775        6.808652e-02      0.000000e+00      0.000000e+00      6.808652e-02   
     4.267838        3.614560e-02      0.000000e+00      0.000000e+00      3.614560e-02   
     4.465657        1.721947e-02      0.000000e+00      0.000000e+00      1.721947e-02   
     4.675701        7.194562e-03      0.000000e+00      0.000000e+00      7.194562e-03   
     4.897402        2.530315e-03      0.000000e+00      0.000000e+00      2.530315e-03   
     5.130163        6.869714e-04      0.000000e+00      0.000000e+00      6.869714e-04   
     5.373356        1.136079e-04      0.000000e+00      0.000000e+00      1.136079e-04   
     5.626327        5.145755e-06      0.000000e+00      0.000000e+00      5.145755e-06   
     5.888392        1.539258e-05      0.000000e+00      0.000000e+00      1.539258e-05   
     6.158845        3.068711e-05      0.000000e+00      0.000000e+00      3.068711e-05   
     6.436958        3.117561e-05      0.000000e+00      0.000000e+00      3.117561e-05   
     6.721980        2.315622e-05      0.000000e+00      0.000000e+00      2.315622e-05   
     7.013143        1.410950e-05      0.000000e+00      0.000000e+00      1.410950e-05   
     7.309662        7.409847e-06      0.000000e+00      0.000000e+00      7.409847e-06   
     7.610739        3.436896e-06      0.000000e+00      0.000000e+00      3.436896e-06   
     7.915560        1.425324e-06      0.000000e+00      0.000000e+00      1.425324e-06   
     8.223305        5.310352e-07      0.000000e+00      0.000000e+00      5.310352e-07   
     8.533144        1.774782e-07      0.000000e+00      0.000000e+00      1.774782e-07   
     8.844241        5.273598e-08      0.000000e+00      0.000000e+00      5.273598e-08   
     9.155759        1.364484e-08      0.000000e+00      0.000000e+00      1.364484e-08   
     9.466856        2.938276e-09      0.000000e+00      0.000000e+00      2.938276e-09   
     9.776695        4.718024e-10      0.000000e+00      0.000000e+00      4.718024e-10   
    10.084440        3.898742e-11      0.000000e+00      0.000000e+00      3.898742e-11   
    10.389261        3.804918e-13      0.000000e+00      0.000000e+00      3.804918e-13   
    10.690338        6.141438e-12      0.000000e+00      0.000000e+00      6.141438e-12   
    10.986857        7.166560e-12      0.000000e+00      0.000000e+00      7.166560e-12   
    11.278020        4.827333e-12      0.000000e+00      0.000000e+00      4.827333e-12   
    11.563042        2.514215e-12      0.000000e+00      0.000000e+00      2.514215e-12   
    11.841155        1.111040e-12      0.000000e+00      0.000000e+00      1.111040e-12   
    12.111608        5.158465e-13      0.000000e+00      0.000000e+00      5.158465e-13   
    12.373673        2.242772e-13      0.000000e+00      0.000000e+00      2.242772e-13   
    12.626644        6.776171e-14      0.000000e+00      0.000000e+00      6.776171e-14   
    12.869837        1.727737e-14      0.000000e+00      0.000000e+00      1.727737e-14   
    13.102598        3.221709e-15      0.000000e+00      0.000000e+00      3.221709e-15   
    13.324299        4.004087e-16      0.000000e+00      0.000000e+00      4.004087e-16   
    13.534343        3.769335e-16      0.000000e+00      0.000000e+00      3.769335e-16   
    13.732162        6.870087e-16      0.000000e+00      0.000000e+00      6.870087e-16   
    13.917225        8.561593e-16      0.000000e+00      0.000000e+00      8.561593e-16   
    14.089032        8.097641e-16      0.000000e+00      0.000000e+00      8.097641e-16   
    14.247120        7.428133e-16      0.000000e+00      0.000000e+00      7.428133e-16   
    14.391062        6.183365e-16      0.000000e+00      0.000000e+00      6.183365e-16   
    14.520471        5.082645e-16      0.000000e+00      0.000000e+00      5.082645e-16   
    14.634998        4.195219e-16      0.000000e+00      0.000000e+00      4.195219e-16   
    14.734334        3.326085e-16      0.000000e+00      0.000000e+00      3.326085e-16   
    14.818211        2.855215e-16      0.000000e+00      0.000000e+00      2.855215e-16   
    14.886403        2.399532e-16      0.000000e+00      0.000000e+00      2.399532e-16   
    14.938727        2.094867e-16      0.000000e+00      0.000000e+00      2.094867e-16   
    14.975043        2.001462e-16      0.000000e+00      0.000000e+00      2.001462e-16   
    14.995261        6.297106e-12      0.000000e+00      0.000000e+00      6.297106e-12   