#        q              total               1              \delta U         \delta U^2    

     0.001185        4.170903e+04      4.225784e+04     -6.032874e+02      5.448282e+01   
     0.006239        3.034674e+04      3.089580e+04     -6.035454e+02      5.448396e+01   
     0.015318        1.998003e+04      2.052918e+04     -6.036379e+02      5.448672e+01   
     0.028399        1.269742e+04      1.324611e+04     -6.031770e+02      5.449095e+01   
     0.045447        1.106410e+04      1.161273e+04     -6.031328e+02      5.449727e+01   
     0.066417        9.289153e+03      9.837081e+03     -6.024401e+02      5.451239e+01   
     0.091251        7.957024e+03      8.503663e+03     -6.011748e+02      5.453612e+01   
     0.119882        6.983061e+03      7.528161e+03     -5.996742e+02      5.457427e+01   
     0.152235        6.304867e+03      6.847642e+03     -5.974029e+02      5.462848e+01   
     0.188220        5.877857e+03      6.417545e+03     -5.943988e+02      5.471064e+01   
     0.227742        5.470037e+03      6.005846e+03     -5.906300e+02      5.482107e+01   
     0.270694        5.081442e+03      5.612141e+03     -5.856728e+02      5.497329e+01   
     0.316959        4.712183e+03      5.236030e+03     -5.790231e+02      5.517647e+01   
     0.366414        4.362254e+03      4.877109e+03     -5.703003e+02      5.544508e+01   
     0.418925        4.031410e+03      4.534977e+03     -5.593608e+02      5.579377e+01   
     0.474351        3.876884e+03      4.370081e+03     -5.494358e+02      5.623922e+01   
     0.532541        3.575321e+03      4.052378e+03     -5.338538e+02      5.679704e+01   
     0.593339        3.292855e+03      3.750458e+03     -5.150881e+02      5.748438e+01   
     0.656582        3.164115e+03      3.605292e+03     -4.994811e+02      5.830454e+01   
     0.722098        2.910242e+03      3.326293e+03     -4.753154e+02      5.926392e+01   
     0.789711        2.674306e+03      3.062073e+03     -4.481005e+02      6.033353e+01   
     0.859239        2.455530e+03      2.812228e+03     -4.181983e+02      6.150053e+01   
     0.930495        2.252879e+03      2.576357e+03     -3.861754e+02      6.269661e+01   
     1.003286        2.065143e+03      2.354058e+03     -3.527615e+02      6.384644e+01   
     1.077416        1.802598e+03      2.045177e+03     -3.073960e+02      6.481756e+01   
     1.152685        1.567573e+03      1.764570e+03     -2.625151e+02      6.551876e+01   
     1.228890        4.334539e+02      4.330623e+02     -6.541724e+01      6.580883e+01   
     1.305826        6.672881e+01      1.382301e+00     -1.874065e-01      6.553391e+01   
     1.383286        6.460438e+01      0.000000e+00      0.000000e+00      6.460438e+01   
     1.461060        6.296826e+01      0.000000e+00      0.000000e+00      6.296826e+01   
     1.538940        6.060056e+01      0.000000e+00      0.000000e+00      6.060056e+01   
     1.616714        5.754089e+01      0.000000e+00      0.000000e+00      5.754089e+01   
     1.694174        5.386953e+01      0.000000e+00      0.000000e+00      5.386953e+01   
     1.771110        4.970048e+01      0.000000e+00      0.000000e+00      4.970048e+01   
     1.847315        4.519016e+01      0.000000e+00      0.000000e+00      4.519016e+01   
     1.922584        4.052893e+01      0.000000e+00      0.000000e+00      4.052893e+01   
     1.996714        3.588594e+01      0.000000e+00      0.000000e+00      3.588594e+01   
     2.069505        3.140485e+01      0.000000e+00      0.000000e+00      3.140485e+01   
     2.140761        2.720107e+01      0.000000e+00      0.000000e+00      2.720107e+01   
     2.210289        2.335847e+01      0.000000e+00      0.000000e+00      2.335847e+01   
     2.277902        1.992777e+01      0.000000e+00      0.000000e+00      1.992777e+01   
     2.343418        1.692554e+01      0.000000e+00      0.000000e+00      1.692554e+01   
     2.406661        1.434996e+01      0.000000e+00      0.000000e+00      1.434996e+01   
     2.467459        1.216939e+01      0.000000e+00      0.000000e+00      1.216939e+01   
     2.525649        1.034075e+01      0.000000e+00      0.000000e+00      1.034075e+01   
     2.581075        8.820686e+00      0.000000e+00      0.000000e+00      8.820686e+00   
     2.633586        7.564940e+00      0.000000e+00      0.000000e+00      7.564940e+00   
     2.683041        6.534386e+00      0.000000e+00      0.000000e+00      6.534386e+00   
     2.729306        5.690087e+00      0.000000e+00      0.000000e+00      5.690087e+00   
     2.772258        4.998933e+00      0.000000e+00      0.000000e+00      4.998933e+00   
     2.811780        4.434651e+00      0.000000e+00      0.000000e+00      4.434651e+00   
     2.847765        3.975307e+00      0.000000e+00      0.000000e+00      3.975307e+00   
     2.880118        3.601763e+00      0.000000e+00      0.000000e+00      3.601763e+00   
     2.908749        3.300207e+00      0.000000e+00      0.000000e+00      3.300207e+00   
     2.933583        3.058589e+00      0.000000e+00      0.000000e+00      3.058589e+00   
     2.954553        2.868548e+00      0.000000e+00      0.000000e+00      2.868548e+00   
     2.971601        2.722498e+00      0.000000e+00      0.000000e+00      2.722498e+00   
     2.984682        2.615448e+00      0.000000e+00      0.000000e+00      2.615448e+00   
     2.993761        2.543709e+00      0.000000e+00      0.000000e+00      2.543709e+00   
     2.998815        2.504611e+00      0.000000e+00      0.000000e+00      2.504611e+00   
     3.004739        2.459478e+00      0.000000e+00      0.000000e+00      2.459478e+00   
     3.024957        2.311406e+00      0.000000e+00      0.000000e+00      2.311406e+00   
     3.061273        2.067333e+00      0.000000e+00      0.000000e+00      2.067333e+00   
     3.113597        1.759593e+00      0.000000e+00      0.000000e+00      1.759593e+00   
     3.181789        1.425381e+00      0.000000e+00      0.000000e+00      1.425381e+00   
     3.265666        1.098843e+00      0.000000e+00      0.000000e+00      1.098843e+00   
     3.365002        8.057349e-01      0.000000e+00      0.000000e+00      8.057349e-01   
     3.479529        5.612672e-01      0.000000e+00      0.000000e+00      5.612672e-01   
     3.608938        3.706526e-01      0.000000e+00      0.000000e+00      3.706526e-01   
     3.752880        2.315198e-01      0.000000e+00      0.000000e+00      2.315198e-01   
     3.910968        1.363426e-01      0.000000e+00      0.000000e+00      1.363426e-01   
     4.082775        7.536071e-02      0.000000e+00      0.000000e+00      7.536071e-02   
     4.267838        3.887169e-02      0.000000e+00      0.000000e+00      3.887169e-02   
     4.465657        1.859221e-02      0.000000e+00      0.000000e+00      1.859221e-02   
     4.675701        8.179716e-03      0.000000e+00      0.000000e+00      8.179716e-03   
     4.897402        3.279954e-03      0.000000e+00      0.000000e+00      3.279954e-03   
     5.130163        1.182887e-03      0.000000e+00      0.000000e+00      1.182887e-03   
     5.373356        3.779677e-04      0.000000e+00      0.000000e+00      3.779677e-04   
     5.626327        1.065762e-04      0.000000e+00      0.000000e+00      1.065762e-04   
     5.888392        2.859068e-05      0.000000e+00      0.000000e+00      2.859068e-05   
     6.158845        1.012217e-05      0.000000e+00      0.000000e+00      1.012217e-05   
     6.436958        6.154808e-06      0.000000e+00      0.000000e+00      6.154808e-06   
     6.721980        4.524638e-06      0.000000e+00      0.000000e+00      4.524638e-06   
     7.013143        3.091625e-06      0.000000e+00      0.000000e+00      3.091625e-06   
     7.309662        1.882548e-06      0.000000e+00      0.000000e+00      1.882548e-06   
     7.610739        1.035726e-06      0.000000e+00      0.000000e+00      1.035726e-06   
     7.915560        5.252492e-07      0.000000e+00      0.000000e+00      5.252492e-07   
     8.223305        2.499732e-07      0.000000e+00      0.000000e+00      2.499732e-07   
     8.533144        1.133918e-07      0.000000e+00      0.000000e+00      1.133918e-07   
     8.844241        4.968424e-08      0.000000e+00      0.000000e+00      4.968424e-08   
     9.155759        2.125533e-08      0.000000e+00      0.000000e+00      2.125533e-08   
     9.466856        8.947463e-09      0.000000e+00      0.000000e+00      8.947463e-09   
     9.776695        3.723382e-09      0.000000e+00      0.000000e+00      3.723382e-09   
    10.084440        1.534860e-09      0.000000e+00      0.000000e+00      1.534860e-09   
    10.389261        6.270376e-10      0.000000e+00      0.000000e+00      6.270376e-10   
    10.690338        2.538588e-10      0.000000e+00      0.000000e+00      2.538588e-10   
    10.986857        1.019034e-10      0.000000e+00      0.000000e+00      1.019034e-10   
    11.278020        4.060601e-11      0.000000e+00      0.000000e+00      4.060601e-11   
    11.563042        1.609245e-11      0.000000e+00      0.000000e+00      1.609245e-11   
    11.841155        6.353938e-12      0.000000e+00      0.000000e+00      6.353938e-12   
    12.111608        2.506130e-12      0.000000e+00      0.000000e+00      2.506130e-12   
    12.373673        9.918946e-13      0.000000e+00      0.000000e+00      9.918946e-13   
    12.626644        3.971973e-13      0.000000e+00      0.000000e+00      3.971973e-13   
    12.869837        1.639766e-13      0.000000e+00      0.000000e+00      1.639766e-13   
    13.102598        7.029190e-14      0.000000e+00      0.000000e+00      7.029190e-14   
    13.324299        3.140050e-14      0.000000e+00      0.000000e+00      3.140050e-14   
    13.534343        1.479964e-14      0.000000e+00      0.000000e+00      1.479964e-14   
    13.732162        7.473576e-15      0.000000e+00      0.000000e+00      7.473576e-15   
    13.917225        4.730373e-14      0.000000e+00      0.000000e+00      4.730373e-14   
    14.089032        1.660943e-13      0.000000e+00      0.000000e+00      1.660943e-13   
    14.247120        4.270375e-13      0.000000e+00      0.000000e+00      4.270375e-13   
    14.391062        6.387754e-13      0.000000e+00      0.000000e+00      6.387754e-13   
    14.520471        9.890551e-13      0.000000e+00      0.000000e+00      9.890551e-13   
    14.634998        1.398963e-12      0.000000e+00      0.000000e+00      1.398963e-12   
    14.734334        1.659223e-12      0.000000e+00      0.000000e+00      1.659223e-12   
    14.818211        1.799306e-12      0.000000e+00      0.000000e+00      1.799306e-12   
    14.886403        1.857752e-12      0.000000e+00      0.000000e+00      1.857752e-12   
    14.938727        1.961231e-12      0.000000e+00      0.000000e+00      1.961231e-12   
    14.975043        2.698832e-12      0.000000e+00      0.000000e+00      2.698832e-12   
    14.995261        2.870012e-12      0.000000e+00      0.000000e+00      2.870012e-12   