# q, q weight, n(q, Q=0), n(q, Q=0) error, I, \delta U + \delta U^\dagger, \delta U + \delta U^\dagger error, \delta U^2, \delta U^2 error
# 
1.133595579928980968e-03 2.908622553157862861e-03 1.771613889742778625e+01 1.862211328319153449e-03 1.821439649713605746e+01 -5.089235306561381567e-01 1.856721568818584878e-03 1.066593094786663989e-02 1.428847339782634716e-04
5.968030567909288209e-03 6.759799195745510442e-03 1.771928754297268682e+01 1.903019088217068784e-03 1.821745093977317609e+01 -5.088283746126767149e-01 1.897648400666274073e-03 1.066497781218639883e-02 1.428712622162197471e-04
1.464591595199415952e-02 1.059054838365161913e-02 1.773536897174730953e+01 2.102991695618240328e-03 1.823334538036420227e+01 -5.086357486548149787e-01 2.098138382966981304e-03 1.065934003792008526e-02 1.427914484833845397e-04
2.713561489330795773e-02 1.438082276148573875e-02 1.778182816307326775e+01 2.600668623386019878e-03 1.827951506809411697e+01 -5.083303483103815967e-01 2.596758080989471865e-03 1.064344328952987126e-02 1.425649237379603628e-04
4.338904475719207454e-02 1.811556071348957575e-02 1.788263597128059246e+01 3.453188612757068874e-03 1.837990169627944681e+01 -5.078745529293128280e-01 3.450264791216937649e-03 1.060882793045955265e-02 1.420720442727233229e-04
6.334338105512204997e-02 2.178024317012464822e-02 1.806279278035324865e+01 3.629345412713977110e-03 1.856267120290739570e+01 -5.105103171525886552e-01 3.626633692223970619e-03 1.063189459843865391e-02 1.402718332877961858e-04
8.692144334420814911e-02 2.536067357001257558e-02 1.835807825214321198e+01 4.078220808756141506e-03 1.885595803242693336e+01 -5.084064165740833641e-01 4.075859067380682016e-03 1.052663629036012898e-02 1.387725759012700102e-04
1.140320204763869416e-01 2.884299358053495077e-02 1.878638060794809306e+01 4.692875819462065043e-03 1.928094231624348609e+01 -5.049288218484503377e-01 4.690889912849057798e-03 1.036711355305996313e-02 1.365111073235650957e-04
1.445702305700539148e-01 3.221372822357801424e-02 1.935257504596872025e+01 5.466794517392467058e-03 1.984191417452307604e+01 -4.994792921606821534e-01 5.465168708511131991e-03 1.014016360632570384e-02 1.333164764877444656e-04
1.784179291406640111e-01 3.545983561514577664e-02 2.003247747803732537e+01 6.374998086039600567e-03 2.051390855883596842e+01 -4.912644205852405577e-01 6.373691936851928405e-03 9.833339786597594320e-03 1.290414317856373148e-04
2.154441670996006808e-01 3.856875661258732380e-02 2.075116677831878675e+01 6.598157444089603092e-03 2.123027820001544086e+01 -4.885787438575832087e-01 6.596964669774793219e-03 9.467322160928069719e-03 1.254543850895455332e-04
2.555056977739315061e-01 4.152846309014763398e-02 2.141052713024763676e+01 7.034932868371448350e-03 2.187513580259411938e+01 -4.735784452688430179e-01 7.033935237024145810e-03 8.969772922361044301e-03 1.184717005997773412e-04
2.984475312931776925e-01 4.432750433880294771e-02 2.184349041420589188e+01 7.432786147929390345e-03 2.228766104715934659e+01 -4.525413060866034787e-01 7.431968636929221772e-03 8.370673133149245451e-03 1.102365663082539187e-04
3.441035343145606440e-01 4.695505130394832943e-02 2.186766935867513695e+01 7.726471111925077226e-03 2.228456301575725718e+01 -4.245664406310079575e-01 7.725812571927125755e-03 7.672783548886546318e-03 1.008758983380263213e-04
3.922970728150497743e-01 4.940093844946620572e-02 2.131879488425544267e+01 7.852926107927227575e-03 2.170125535391585814e+01 -3.893461183748363474e-01 7.852403347007094053e-03 6.885648714418256613e-03 9.060978135315252082e-05
4.428416954853499066e-01 5.165570306958086610e-02 2.010670118575402654e+01 7.019326479137928329e-03 2.044205324712620353e+01 -3.413556514444094914e-01 7.018873173194209100e-03 6.003590072231924056e-03 7.977217147301294794e-05
4.955418550925357879e-01 5.371062188899597412e-02 1.823069949555610947e+01 6.485957365061326314e-03 1.852047958510376091e+01 -2.948874430043964545e-01 6.485599276544665517e-03 5.107353456743215538e-03 6.815398357086879019e-05
5.501936650259612316e-01 5.555774480621230443e-02 1.582853969282962403e+01 5.841091445870969998e-03 1.606996082783144075e+01 -2.456148589383594372e-01 5.840815108253735038e-03 4.193723936543199658e-03 5.681681284554234617e-05
6.065856881024348501e-01 5.718992564772815146e-02 1.312377802897567847e+01 5.139075299140925465e-03 1.331665951681276283e+01 -1.961804355093539898e-01 5.138867444415367441e-03 3.298947672269611931e-03 4.622033068101170862e-05
6.644997545805626515e-01 5.860084981322224301e-02 1.037692458535978801e+01 4.446916360426750488e-03 1.052376161411115696e+01 -1.492994204149641901e-01 4.446763663984799712e-03 2.462391663595063420e-03 3.685150330142821358e-05
7.237118062204679347e-01 5.978505870426521762e-02 7.826640256780804883e+00 3.491267409051696316e-03 7.929344779708037194e+00 -1.043933455502838864e-01 3.491159182390501329e-03 1.688822623051250763e-03 2.748972020647999856e-05
7.839927631239582695e-01 6.073797084176998928e-02 5.633276057637511158e+00 2.898242784143665023e-03 5.700549871639167598e+00 -6.836138293252684572e-02 2.898155523486342297e-03 1.087568930870832151e-03 2.248994278400363780e-05
8.451094100018541333e-01 6.145589959031647065e-02 3.876896979741436322e+00 2.474581194821623680e-03 3.916247942592899545e+00 -4.000392012868402014e-02 2.474469479258404204e-03 6.529572772206489054e-04 2.351352766933383575e-05
9.068252984399138850e-01 6.193606742068302057e-02 2.557611316540237656e+00 2.172058989139690009e-03 2.576443089464729219e+00 -1.923764187465381442e-02 2.171819797314363150e-03 4.058689501621699563e-04 3.223383774749312929e-05
9.689016616728111098e-01 6.217661665534702370e-02 1.622482286054574008e+00 1.930863848792597950e-03 1.627385929005884968e+00 -5.258318538856087028e-03 1.930252351335688546e-03 3.546755875452795611e-04 4.859076802449412082e-05
1.031098338327188779e+00 6.217661665534702370e-02 9.938724493749971911e-01 1.146603154995457603e-03 9.898158880969291085e-01 3.365550896976265537e-03 1.146462030818767462e-03 6.910103810919036253e-04 1.798907825445898720e-05
1.093174701560086115e+00 6.193606742068302057e-02 5.902428729100569482e-01 9.412107559831081952e-04 5.815683125255721730e-01 7.639480186592124272e-03 9.409992406321178362e-04 1.035080197892632474e-03 1.995285212874580826e-05
1.154890589998145867e+00 6.145589959031647065e-02 3.418290682051206009e-01 7.823953322735854561e-04 3.312138406417329817e-01 9.099193021154031863e-03 7.819951757657663720e-04 1.516034542233607495e-03 2.502001284096824944e-05
1.216007236876041731e+00 6.073797084176998928e-02 1.944296468913676579e-01 6.466340761163379396e-04 1.834991673833180625e-01 8.841986028138005410e-03 6.458393609981889641e-04 2.088493479911569112e-03 3.204915256728052981e-05
1.276288193779532065e+00 5.978505870426521762e-02 1.096677049082379896e-01 5.260296256904091125e-04 9.926656090458969850e-02 7.697758585557148633e-03 5.244768197309340220e-04 2.703385418091151533e-03 4.038852149952117240e-05
1.335500245419437348e+00 5.860084981322224301e-02 6.157693699593779629e-02 3.567408580766454670e-04 5.263870037173994099e-02 5.642564502880521166e-03 3.549580593715638706e-04 3.295672121317337611e-03 3.562044228297338929e-05
1.393414311897565039e+00 5.718992564772815146e-02 3.565483362765113629e-02 2.777894919854474102e-04 2.747219531675272608e-02 4.310192731224067424e-03 2.746333701302052779e-04 3.872445579674347986e-03 4.175540526038072360e-05
1.449806334974038879e+00 5.555774480621230443e-02 2.170387762033359341e-02 2.156909534283796661e-04 1.417048929524526366e-02 3.158342624327918537e-03 2.102401189819563874e-04 4.375045700760414255e-03 4.818381223290944625e-05
1.504458144907464323e+00 5.371062188899597412e-02 1.427900426821246925e-02 1.681240240731644874e-04 7.255469225260092331e-03 2.239342677420339944e-03 1.590432837012701738e-04 4.784192365532036542e-03 5.450615910217197150e-05
1.557158304514650204e+00 5.165570306958086610e-02 1.034307309813946654e-02 1.334651739216025264e-04 3.704188958212366843e-03 1.546888470304925382e-03 1.190182404676327492e-04 5.091995669622173017e-03 6.039545583826946129e-05
1.607702927184950337e+00 4.940093844946620572e-02 8.391675932424633513e-03 9.642615106543938816e-05 1.894526929357528543e-03 1.149539732147296768e-03 7.966792800092979817e-05 5.347609270919807985e-03 5.432332700906309937e-05
1.655896465685439356e+00 4.695505130394832943e-02 7.186221295190546934e-03 8.116735759630410742e-05 9.754384569762473371e-04 7.641107864295290566e-04 5.798728310272340545e-05 5.446672051784770541e-03 5.679449742299789116e-05
1.701552468706822197e+00 4.432750433880294771e-02 6.479309177088846128e-03 7.230366984595613001e-05 5.081392792472902301e-04 5.028087821509912058e-04 4.230059482331877227e-05 5.468361115690564475e-03 5.863855686138978057e-05
1.744494302226068605e+00 4.152846309014763398e-02 6.028156099676751020e-03 6.741586229409654997e-05 2.692298049606763012e-04 3.291297382958921405e-04 3.101963950944956901e-05 5.429796556420182253e-03 5.985549643566899644e-05
1.784555832900399430e+00 3.856875661258732380e-02 5.709393461309469030e-03 6.469859888739504846e-05 1.458722875844647212e-04 2.153617987202177187e-04 2.293891930274035996e-05 5.348159375004786671e-03 6.049557569950385230e-05
1.821582070859335989e+00 3.545983561514577664e-02 5.563197567280315364e-03 5.597770122740889894e-05 8.127440735952976990e-05 1.267262433240040045e-04 1.514352234180151634e-05 5.355196916596781549e-03 5.389041441470285851e-05
1.855429769429945974e+00 3.221372822357801424e-02 5.368905533102858070e-03 5.449892787862600373e-05 4.683214648802946505e-05 8.482141602778879065e-05 1.137873101416462515e-05 5.237251970587039618e-03 5.329782003447201621e-05
1.885967979523613058e+00 2.884299358053495077e-02 5.198915957211413565e-03 5.327608437644317251e-05 2.807072777196728755e-05 5.767099900911317449e-05 8.726815434973023071e-06 5.113174230430333513e-03 5.255648255781401645e-05
1.913078556655791740e+00 2.536067357001257558e-02 5.049066414303633558e-03 5.218921708848899482e-05 1.760313796400900919e-05 4.006832717141769410e-05 6.852089407393855300e-06 4.991394949168207265e-03 5.173744534727736920e-05
1.936656618944877950e+00 2.178024317012464822e-02 4.918401341887111700e-03 5.120554227733180519e-05 1.161477170303232501e-05 2.863296592096278186e-05 5.524111163294911589e-06 4.878153604263116630e-03 5.090669657099324528e-05
1.956610955242807925e+00 1.811556071348957575e-02 4.779556969027905569e-03 4.708488143380746497e-05 8.107035468895614486e-06 1.862297083045931685e-05 4.628961815989344791e-06 4.752826962728550451e-03 4.685679003241493548e-05
1.972864385106692042e+00 1.438082276148573875e-02 4.689937270035757569e-03 4.630255727671278408e-05 6.015998616481415132e-06 1.415759789028811440e-05 3.952185212506493698e-06 4.669763673528988177e-03 4.613357825282267334e-05
1.985354084048005952e+00 1.059054838365161913e-02 4.621266624893182080e-03 4.569182728222753151e-05 4.767021562959024601e-06 1.132143129073294051e-05 3.493773877484230007e-06 4.605178172039489995e-03 4.555805773386219226e-05
1.994031969432090712e+00 6.759799195745510442e-03 4.572670870266069311e-03 4.526058864068868633e-05 4.047922989896223634e-06 9.657046395702911866e-06 3.207782794329074489e-06 4.558965900880469942e-03 4.514677190725870434e-05
1.998866404420071019e+00 2.908622553157862861e-03 4.546340635650980046e-03 4.501813123237525589e-05 3.693000182205186181e-06 8.782664065592518372e-06 3.054476210065598501e-06 4.533864971403182148e-03 4.491438872719413495e-05
2.004534382319715924e+00 1.163449021263145144e-02 4.515367791076536040e-03 4.663244269588426733e-05 3.314250221752190591e-06 1.011225132924813628e-05 2.678166655192078586e-06 4.501941289525536113e-03 4.655547373995830404e-05
2.023872122271637153e+00 2.703919678298204177e-02 4.407076119019802049e-03 4.555710067125890410e-05 2.279272547252317538e-06 7.067662057134229321e-06 2.195829441232913493e-06 4.397729184415415625e-03 4.550415096050285682e-05
2.058583663807976638e+00 4.236219353460647652e-02 4.212527573099201540e-03 4.356467611693523026e-05 1.139279924927921269e-06 3.398602114172765708e-06 1.525753988823457507e-06 4.207989691060101158e-03 4.353794988213221319e-05
2.108542459573231831e+00 5.752329104594295500e-02 3.934745833294099430e-03 4.060049253744705703e-05 3.977186662323021959e-07 7.580428350575782730e-07 8.851167877719308956e-07 3.933590071792809374e-03 4.059084333387640188e-05
2.173556179028768298e+00 7.246224285395830300e-02 3.583566267195676877e-03 3.673502848752737321e-05 9.002934326058958548e-08 -3.149320175816116654e-07 4.153321786023037017e-07 3.583791169869998076e-03 3.673268050606795922e-05
2.253373524220488200e+00 8.712097268049859289e-02 3.204739746312056277e-03 3.206859649348503625e-05 1.142448889544954769e-08 -3.049672686820225115e-07 1.470621390013440807e-07 3.205033289091842839e-03 3.206825928841839849e-05
2.347685773376832596e+00 1.014426942800503023e-01 2.777503161619282804e-03 2.698868317678925218e-05 5.870274363621935237e-10 -1.318927598307240437e-07 3.144285604890527310e-08 2.777634467351677069e-03 2.698866486071348428e-05
2.456128081905547766e+00 1.153719743221398031e-01 2.355010639681971284e-03 2.235369532372930641e-05 7.521472018019354367e-12 -3.355168683434515547e-08 4.031639079612071715e-09 2.355044183847333772e-03 2.235369496016271110e-05
2.578280922280215659e+00 1.288549128943120570e-01 1.960245128476197345e-03 1.865661841836378871e-05 4.743358400538213851e-12 -4.029906955034758848e-08 3.461507855167013174e-09 1.960285422802389432e-03 1.865661809724351871e-05
2.713671716562656044e+00 1.418393424605831066e-01 1.605667658044081757e-03 1.597259684258799879e-05 1.235179978306080460e-11 -5.316288404692154271e-08 4.239178870755857344e-09 1.605720808576328873e-03 1.597259628004209524e-05
2.861776668398402723e+00 1.542750264503492952e-01 1.300993242452307651e-03 1.099496924244744917e-05 7.406025809401064472e-12 -4.275885975747836131e-08 2.320818342442822654e-09 1.301035993906039367e-03 1.099496899750825519e-05
3.022022791095726024e+00 1.661138523605905359e-01 1.032701892803776023e-03 8.400743547191286706e-06 1.568174397933248130e-12 -1.849327400736888246e-08 9.375979327592894733e-10 1.032720384509609041e-03 8.400743494869139982e-06
3.193790125172710770e+00 1.773100173552117909e-01 8.045797955474691919e-04 6.437164241116279151e-06 1.184254443469497539e-13 -4.662138619201530667e-09 2.246560844450084007e-10 8.045844575676629109e-04 6.437164237196047194e-06
3.376414137258242576e+00 1.878202052157933177e-01 6.140739309705880826e-04 4.922882943507205422e-06 1.924485762928439245e-15 -5.219861513218846496e-10 2.477596402085874902e-11 6.140744529548148667e-04 4.922882943444858715e-06
3.569188291260199097e+00 1.976037537978648229e-01 4.583770559057648189e-04 3.732189798718268347e-06 5.100791414736723403e-18 -4.191269497679773130e-11 1.523062365682807149e-12 4.583770978184547175e-04 3.732189798717957486e-06
3.771366781941399626e+00 2.066228122783234644e-01 3.311587653703280585e-04 2.562280938721131353e-06 3.829247490083344200e-17 -9.067810370960107692e-11 2.354550836710636221e-12 3.311588560483934838e-04 2.562280938720049692e-06
3.982167420370143152e+00 2.148424875559838965e-01 2.354803551709009517e-04 1.780255290796523256e-06 2.720278737743496209e-17 -6.135649336401160142e-11 1.681380675552044141e-12 2.354804165273671106e-04 1.780255290795729375e-06
4.200774660103844482e+00 2.222309792248492177e-01 1.632267798068948238e-04 1.216983139795366784e-06 4.344429234722412556e-18 -2.038982302159587772e-11 5.611136998598694594e-13 1.632268001967135092e-04 1.216983139795237399e-06
4.426342752409739845e+00 2.287597025909126058e-01 1.101836111425428752e-04 8.162631759107554025e-07 2.497309486418221446e-19 -4.078969869858402292e-12 1.117372737380606651e-13 1.101836152215124998e-04 8.162631759107477792e-07
4.657999018322250606e+00 2.344033992528889720e-01 7.234919434208239271e-05 5.360083365896053333e-07 6.671158876951556010e-21 -5.608532766398191744e-13 1.511103649388037144e-14 7.234919490293566355e-05 5.360083365896051215e-07
4.894847224881871739e+00 2.391402348170608705e-01 4.586358763676151438e-05 3.379451609995102575e-07 1.879460010755834070e-22 -7.712721535319589625e-14 1.989308463747260341e-15 4.586358771388872958e-05 3.379451609995102575e-07
5.135971052495833078e+00 2.429518833670799571e-01 2.836753674985897027e-05 2.060562098366117084e-07 3.460264657037075449e-23 -2.822814017353464469e-14 6.810575553646309494e-16 2.836753677808710896e-05 2.060562098366117084e-07
5.380437640007416533e+00 2.458235983612658826e-01 1.697400635925566876e-05 1.229420698837583657e-07 2.807223753664346126e-23 -2.028712532434136151e-14 4.874101143100563801e-16 1.697400637954279564e-05 1.229420698837583657e-07
5.627301193759655540e+00 2.477442696827320823e-01 9.793013299032554174e-06 7.216120093254667152e-08 2.281056827089385321e-23 -1.425863451718327146e-14 3.484519637713711427e-16 9.793013313291188323e-06 7.216120093254667152e-08
5.875606646691243995e+00 2.487064666213880948e-01 5.422857706873822791e-06 4.227451272365305909e-08 1.354260226975983726e-23 -8.436556919684583168e-15 2.132769354257137388e-16 5.422857715310379366e-06 4.227451272365305909e-08
6.124393353308755117e+00 2.487064666213880948e-01 2.871979516882952237e-06 2.245964442835013625e-08 6.762648832438199502e-24 -4.599414612806842324e-15 1.024275746646480803e-16 2.871979521482366975e-06 2.245964442835013625e-08
6.372698806240344460e+00 2.477442696827320823e-01 1.435325441111987822e-06 1.194925222095272247e-08 3.265554510925566508e-24 -2.337253763962688120e-15 5.349698195838431856e-17 1.435325443449241621e-06 1.194925222095272247e-08
6.619562359992583467e+00 2.458235983612658826e-01 6.705866233524273842e-07 6.690249906091009064e-09 1.590853453011480186e-24 -1.149980721975718181e-15 2.830370601153654070e-17 6.705866245024081237e-07 6.690249906091009064e-09
6.864028947504166922e+00 2.429518833670799571e-01 2.894903163341162902e-07 4.162177130087665458e-09 7.668303778922810940e-25 -5.360372161976863317e-16 1.515081657173889049e-17 2.894903168701535205e-07 4.162177130087665458e-09
7.105152775118128261e+00 2.391402348170608705e-01 1.162521072058363569e-07 2.849524694207071517e-09 3.526182065442318830e-25 -2.291504110375084931e-16 8.129163754296774575e-18 1.162521074349867741e-07 2.849524694207071517e-09
7.342000981677749394e+00 2.344033992528889720e-01 4.939707452207340180e-08 6.365264927351011825e-10 1.517650024439649114e-25 -9.284117188830463904e-17 2.885820368320867592e-18 4.939707461491457219e-08 6.365264927351011825e-10
7.573657247590260155e+00 2.287597025909126058e-01 2.967596475398006060e-08 4.787549442219004909e-10 6.264302469355126962e-26 -2.982938177991722339e-17 1.525387437988933192e-18 2.967596478380944088e-08 4.787549442219004909e-10
7.799225339896155518e+00 2.222309792248492177e-01 2.899283873270295955e-08 6.813822979155815644e-10 2.686898652326031271e-26 -5.906640547205838023e-18 1.084552559847138333e-18 2.899283873860960153e-08 6.813822979155815644e-10
8.017832579629857293e+00 2.148424875559838965e-01 3.365888677216357987e-08 9.800718056611898492e-10 1.332903144881650010e-26 2.596139004697090286e-18 8.556791880797270141e-19 3.365888676956744374e-08 9.800718056611898492e-10
8.228633218058600818e+00 2.066228122783234644e-01 3.794376327688912076e-08 1.193937245332670686e-09 8.019632402611887170e-27 5.698775446181043727e-18 7.117568206371410992e-19 3.794376327119034265e-08 1.193937245332670686e-09
8.430811708739801347e+00 1.976037537978648229e-01 4.203761748526341785e-08 3.539351164780032413e-10 5.566432210868261150e-27 7.747778344274369315e-18 4.236389228761155704e-19 4.203761747751564057e-08 3.539351164780032413e-10
8.623585862741757424e+00 1.878202052157933177e-01 4.198752565819836275e-08 3.382482169386505406e-10 4.107487063255313568e-27 7.695458386249596101e-18 3.434193337784809880e-19 4.198752565050290299e-08 3.382482169386505406e-10
8.806209874827288786e+00 1.773100173552117909e-01 4.016943820184102408e-08 3.201039629122417771e-10 3.042984363882984987e-27 7.074924306223839371e-18 2.776855522477930796e-19 4.016943819476610198e-08 3.201039629122417771e-10
8.977977208904274420e+00 1.661138523605905359e-01 3.729997179577896096e-08 2.974494407368148312e-10 2.205419733274688270e-27 6.137131465446613055e-18 2.212450716278971415e-19 3.729997178964183006e-08 2.974494407368148312e-10
9.138223331601597721e+00 1.542750264503492952e-01 3.396046760964040410e-08 2.719898588859046115e-10 1.556955485358428218e-27 5.105218831788050266e-18 1.735807964815599762e-19 3.396046760453518432e-08 2.719898588859046115e-10
9.286328283437343956e+00 1.418393424605831066e-01 3.020536231945797419e-08 2.194031594356652568e-10 1.079381092812490302e-27 3.984025097042110859e-18 1.299304081513570170e-19 3.020536231547394811e-08 2.194031594356652568e-10
9.421719077719783897e+00 1.288549128943120570e-01 2.704243123351295123e-08 1.940345132023762140e-10 7.454256246695206025e-28 3.207483517325118085e-18 9.926490083686852511e-20 2.704243123030546907e-08 1.940345132023762140e-10
9.543871918094453122e+00 1.153719743221398031e-01 2.421619099565285280e-08 1.725382380476843872e-10 5.212743083157111900e-28 2.587525261129107037e-18 7.678707749219576439e-20 2.421619099306532597e-08 1.725382380476843872e-10
9.652314226623166959e+00 1.014426942800503023e-01 2.178337723727402072e-08 1.545721744545053126e-10 3.748163050342264080e-28 2.115465142287761467e-18 6.066547809851680359e-20 2.178337723515855593e-08 1.545721744545053126e-10
9.746626475779510912e+00 8.712097268049859289e-02 1.975296872462886255e-08 1.398294790609837484e-10 2.804677330791962861e-28 1.767485351995429380e-18 4.928792969367759490e-20 1.975296872286137611e-08 1.398294790609837484e-10
9.826443820971231702e+00 7.246224285395830300e-02 1.818709489318984333e-08 1.259942892998649243e-10 2.200285210818284591e-28 1.531034204429462844e-18 4.120507347970085732e-20 1.818709489165880812e-08 1.259942892998649243e-10
9.891457540426767281e+00 5.752329104594295500e-02 1.690358413984250264e-08 1.167871095351165506e-10 1.814729338835998014e-28 1.351354052408474700e-18 3.572750385322509787e-20 1.690358413849114760e-08 1.167871095351165506e-10
9.941416336192023806e+00 4.236219353460647652e-02 1.595399715397038426e-08 1.100339997785289073e-10 1.572402992387522887e-28 1.234177311588338094e-18 3.207811403453205417e-20 1.595399715273620763e-08 1.100339997785289073e-10
9.976127877728362847e+00 2.703919678298204177e-02 1.531376632300628236e-08 1.055059696002213023e-10 1.427674296654074662e-28 1.150892177365681172e-18 3.012360159170566594e-20 1.531376632185538958e-08 1.055059696002213023e-10
9.995465617680284964e+00 1.163449021263145144e-02 1.496400352283985331e-08 1.030392998444703963e-10 1.354556247668076966e-28 1.116756352197205564e-18 2.857179626740498765e-20 1.496400352172309661e-08 1.030392998444703963e-10
