# q, q weight, n(q), n(q) error, I, \delta U + \delta U^\dagger, \delta U + \delta U^\dagger error, \delta U^2, \delta U^2 error
# 
1.133595579928980968e-03 2.908622553157868499e-03 7.126795120509791026e+00 2.127417221485545379e-02 7.817648072400112724e+00 -7.112476615649487854e-01 2.126959440826806103e-02 2.039470967462710463e-02 4.413129672917177177e-04
5.968030567909288209e-03 6.759799195745505238e-03 7.125573789824374060e+00 2.130260654775167212e-02 7.816088687158977422e+00 -7.109075070523767081e-01 2.129803828186535575e-02 2.039260971777309348e-02 4.411474498511037110e-04
1.464591595199415952e-02 1.059054838365166944e-02 7.115980309767119927e+00 2.170079784340948545e-02 7.807974896850304880e+00 -7.118010935030112396e-01 2.169619049925280638e-02 1.980650641982647717e-02 4.471519435918909447e-04
2.713561489330795773e-02 1.438082276148570926e-02 7.093594908558634948e+00 2.172419694906832510e-02 7.784411511021970043e+00 -7.106153458917754406e-01 2.171959235603752869e-02 1.979874342844017976e-02 4.472593984095105503e-04
4.338904475719207454e-02 1.811556071348956881e-02 7.047763453202559703e+00 2.032463891923346963e-02 7.733202001487256894e+00 -7.056188225927347846e-01 2.031997804719978817e-02 2.018027430803769756e-02 4.352463193853132540e-04
6.334338105512204997e-02 2.178024317012458230e-02 6.955387070933398697e+00 2.033811138906600757e-02 7.640028444044237865e+00 -7.047933323609403278e-01 2.033344500789727866e-02 2.015195925010065600e-02 4.356477761606798878e-04
8.692144334420814911e-02 2.536067357001258946e-02 6.853039675671865893e+00 2.127976119907237437e-02 7.490562950674317655e+00 -6.570573155449523917e-01 2.127509220534041026e-02 1.953404054250094252e-02 4.457447069901892991e-04
1.140320204763869416e-01 2.884299358053492301e-02 6.638878421286669607e+00 2.105508786371981800e-02 7.273620200070480379e+00 -6.541939033111862090e-01 2.105036384474964078e-02 1.945212452737562006e-02 4.459898570804367215e-04
1.445702305700539148e-01 3.221372822357789628e-02 6.281976624689557198e+00 2.118130674675266015e-02 6.985038066365056864e+00 -7.227532384087717032e-01 2.117679183905887136e-02 1.969179673327240906e-02 4.373132803829607646e-04
1.784179291406640111e-01 3.545983561514602644e-02 5.931072874086848579e+00 2.080512119501128770e-02 6.631360628785425426e+00 -7.198957054093939600e-01 2.080053055283716257e-02 1.960795071081754964e-02 4.370316459887874701e-04
2.154441670996007918e-01 3.856875661258784421e-02 5.603744963153841852e+00 1.939973650849224907e-02 6.231820053153860783e+00 -6.478014672051011225e-01 1.939507620629687609e-02 1.972637720508201367e-02 4.252006007331898992e-04
2.555056977739313950e-01 4.152846309014739806e-02 5.184783726758739775e+00 1.882593386992606477e-02 5.816991412723472088e+00 -6.516716231587438291e-01 1.882111852753467346e-02 1.946393719401086353e-02 4.257739392218603375e-04
2.984475312931778035e-01 4.432750433880310037e-02 4.769410175935280272e+00 1.783237656718761679e-02 5.423217470632287096e+00 -6.729570061695807626e-01 1.782717633136087984e-02 1.914971147257358425e-02 4.306252251650798503e-04
3.441035343145606440e-01 4.695505130394826698e-02 4.423568808908420635e+00 1.715625925528525483e-02 5.083549692023214384e+00 -6.788504935451867839e-01 1.715097045135618309e-02 1.886961043039251523e-02 4.259626876476557212e-04
3.922970728150497743e-01 4.940093844946613633e-02 4.131106389071605989e+00 1.646452677479068316e-02 4.817853196475337718e+00 -7.050638309050717423e-01 1.645995667402723808e-02 1.831702350134051249e-02 3.879023162414987815e-04
4.428416954853500176e-01 5.165570306958092162e-02 3.931207860475905314e+00 1.587911762222176185e-02 4.625805290037379613e+00 -7.123966145741246203e-01 1.587440525560390725e-02 1.779918501265026834e-02 3.868258538525687655e-04
4.955418550925357879e-01 5.371062188899591860e-02 3.799057002536903038e+00 1.482789188804818810e-02 4.485926229900219830e+00 -7.049500085567880214e-01 1.482271866881744796e-02 1.808078119347125354e-02 3.916492164373012314e-04
5.501936650259612316e-01 5.555774480621227668e-02 3.684035412250193708e+00 1.434798328210550034e-02 4.361491387581196477e+00 -6.951873966216755019e-01 1.434260640948391459e-02 1.773142129067313555e-02 3.927666561838411095e-04
6.065856881024348501e-01 5.718992564772815146e-02 3.574368609722965218e+00 1.370570435324093735e-02 4.211310344491791646e+00 -6.543396809183420482e-01 1.369973437762764604e-02 1.739794614951569590e-02 4.044870837181493615e-04
6.644997545805626515e-01 5.860084981322221526e-02 3.402848038740741377e+00 1.318884753316554477e-02 4.001463361327027179e+00 -6.159005519974828369e-01 1.318253717648554084e-02 1.728522941119713455e-02 4.079373035939486266e-04
7.237118062204680458e-01 5.978505870426522456e-02 3.164928663695833588e+00 1.234917801219727329e-02 3.713983344466033731e+00 -5.670883693996853214e-01 1.234245302798365335e-02 1.803368862948534490e-02 4.074933483552049623e-04
7.839927631239582695e-01 6.073797084176991296e-02 2.866728680544807339e+00 1.140243429875170862e-02 3.350052858879718709e+00 -5.015856876800024455e-01 1.139502566640601504e-02 1.826150934509108287e-02 4.109720176575956088e-04
8.451094100018541333e-01 6.145589959031640820e-02 2.521160793975170566e+00 9.743639474638358250e-03 2.927563358212801337e+00 -4.250039524174736849e-01 9.734998055576205012e-03 1.860138817984284543e-02 4.102719459802012117e-04
9.068252984399138850e-01 6.193606742068297893e-02 2.149104877533434266e+00 8.548348047016710721e-03 2.474828840163677768e+00 -3.448040348398217492e-01 8.538434015504225635e-03 1.908007220957797997e-02 4.115809711524444727e-04
9.689016616728111098e-01 6.217661665534700288e-02 1.765327244160169062e+00 7.621821330907086432e-03 2.023049079753169277e+00 -2.770445676187229811e-01 7.610406181772092285e-03 1.932273202572274556e-02 4.169869886643863565e-04
1.031098338327188779e+00 6.217661665534700288e-02 1.410958138981063037e+00 6.395038093400747664e-03 1.599818006497305767e+00 -2.089846821390054510e-01 6.380653201053456021e-03 2.012481462276258237e-02 4.286921318766659405e-04
1.093174701560086115e+00 6.193606742068297893e-02 1.095975358611255945e+00 5.453428285263304913e-03 1.225030631218794852e+00 -1.494915277161469325e-01 5.433609133596521701e-03 2.043625510860802574e-02 4.645124818627933603e-04
1.154890589998145867e+00 6.145589959031640820e-02 8.302858372839403422e-01 4.399882730914420059e-03 9.094865123187310108e-01 -1.007109048436906629e-01 4.373161131095363273e-03 2.151022980890009151e-02 4.841794783710460636e-04
1.216007236876041731e+00 6.073797084176991296e-02 6.188652036345045904e-01 3.643967354344042949e-03 6.556655611559405461e-01 -5.885676893449356961e-02 3.610498982800018630e-03 2.205641141305755837e-02 4.927425034692605376e-04
1.276288193779532065e+00 5.978505870426522456e-02 4.495798803392063170e-01 2.888026180519136232e-03 4.597705198822022998e-01 -3.312338465532178172e-02 2.844054560740094922e-03 2.293274511232580234e-02 5.020446941233577430e-04
1.335500245419437348e+00 5.860084981322221526e-02 3.201059676944757459e-01 2.262680162698350005e-03 3.141674524872912766e-01 -1.788381809631542363e-02 2.199762819423770662e-03 2.382233330349994849e-02 5.298726799424696493e-04
1.393414311897565039e+00 5.718992564772815146e-02 2.267152321441695262e-01 1.787473750850148042e-03 2.095904695537504914e-01 -7.288101214938180056e-03 1.705236882769540357e-03 2.441286380535719405e-02 5.359380408412136752e-04
1.449806334974038879e+00 5.555774480621227668e-02 1.610564004261521576e-01 1.500633313968390481e-03 1.367846383316815018e-01 -5.322063605506399285e-04 1.413367732217723095e-03 2.480396845502130104e-02 5.042737317345458549e-04
1.504458144907464323e+00 5.371062188899591860e-02 1.150392505529122811e-01 1.193990578959788123e-03 8.751143704688500724e-02 2.315929240375835547e-03 1.077978828351410521e-03 2.521188426565142832e-02 5.133957034012364947e-04
1.557158304514649982e+00 5.165570306958092162e-02 8.445866484177291800e-02 9.565482969195555560e-04 5.500618466734336770e-02 2.907643399891560090e-03 8.000480452873720864e-04 2.654483677453799845e-02 5.243164784474710263e-04
1.607702927184950337e+00 4.940093844946613633e-02 6.361825711192262145e-02 7.976251755526910306e-04 3.404921020756185301e-02 2.887136657036222520e-03 6.022119154262246896e-04 2.668191024732454938e-02 5.230169496241386098e-04
1.655896465685439356e+00 4.695505130394826698e-02 4.986169108728978616e-02 7.031748375667290669e-04 2.081085296805310417e-02 2.959902642832283864e-03 4.632169580032367080e-04 2.609093547640440117e-02 5.290414936517016074e-04
1.701552468706822197e+00 4.432750433880310037e-02 4.074105824541719711e-02 6.298664578296567576e-04 1.259712359248963548e-02 2.244955763702090150e-03 3.479310184058527966e-04 2.589897888922546715e-02 5.250483417076420726e-04
1.744494302226068605e+00 4.152846309014739806e-02 3.422259808968005496e-02 5.869649824105179934e-04 7.579473491701026883e-03 1.396847233528854346e-03 2.589391479441092970e-04 2.524627736445017590e-02 5.267621932505770627e-04
1.784555832900399208e+00 3.856875661258784421e-02 3.051723528740060004e-02 5.553500137875542423e-04 4.554199319063390386e-03 1.023976742736863992e-03 1.935425958140462644e-04 2.493905922560034349e-02 5.205332856017926479e-04
1.821582070859335989e+00 3.545983561514602644e-02 2.826050974122595871e-02 5.186794576385435687e-04 2.749540934227516498e-03 8.080715541882655317e-04 1.502213966566333446e-04 2.470289725281017701e-02 4.964493043229531661e-04
1.855429769429945974e+00 3.221372822357789628e-02 2.663642693427060310e-02 5.012330794401568352e-04 1.681774788242074940e-03 5.789217071305091319e-04 1.144853895758655304e-04 2.437573043889802032e-02 4.879832942824219918e-04
1.885967979523613058e+00 2.884299358053492301e-02 2.567498822336740372e-02 4.760202817293606651e-04 1.053539353819420415e-03 3.479939124702860162e-04 8.878459837960790333e-05 2.427345495707769821e-02 4.676671933204975293e-04
1.913078556655791740e+00 2.536067357001258946e-02 2.485586689897317791e-02 4.636185448361253313e-04 6.850228786821531629e-04 2.379871477162227953e-04 6.918964171630477349e-05 2.393285687257480296e-02 4.584266010989499168e-04
1.936656618944877950e+00 2.178024317012458230e-02 2.281034713489570737e-02 4.599686347839965239e-04 4.689932359757701882e-04 2.445588017449218886e-04 5.502595372028975000e-05 2.209679509717501697e-02 4.566654020201509805e-04
1.956610955242807925e+00 1.811556071348956881e-02 2.231411655289803134e-02 4.519516109875336483e-04 3.422453685407955649e-04 1.866062843470492111e-04 4.533690743392222803e-05 2.178526490001018653e-02 4.496719065035694862e-04
1.972864385106692042e+00 1.438082276148570926e-02 2.303190244954391244e-02 4.553093812052524101e-04 2.679068686075193454e-04 4.327797938699543912e-05 4.077616992659938649e-05 2.272071760154939848e-02 4.534798083483177118e-04
1.985354084048005952e+00 1.059054838365166944e-02 2.277822755047453906e-02 4.501121748975509939e-04 2.247011719283608733e-04 3.295911122859644307e-05 3.656389981278740652e-05 2.252056726731758302e-02 4.486246217289951706e-04
1.994031969432090712e+00 6.759799195745505238e-03 2.241795281625884664e-02 4.328539137380334493e-04 2.005633395896409506e-04 6.803730426789253753e-05 3.172484213691922331e-05 2.214935217240131260e-02 4.316897555301960976e-04
1.998866404420071019e+00 2.908622553157868499e-03 2.232664166409236567e-02 4.309724011008273631e-04 1.889371351010618724e-04 6.411480091191582497e-05 3.058866476902467098e-05 2.207358972807938954e-02 4.298855011491556160e-04
2.004534382319715924e+00 1.163449021263147400e-02 2.300104477495801963e-02 4.278866996072044600e-04 1.768002736865610864e-04 8.620200221601195952e-05 2.977818133564978220e-05 2.273804249905544625e-02 4.268492563154903494e-04
2.023872122271637153e+00 2.703919678298202095e-02 2.263498312821887737e-02 4.205555118392884833e-04 1.456682330558774956e-04 6.851074655818441945e-05 2.640159376247219018e-05 2.242080414860481499e-02 4.197259753520233465e-04
2.058583663807976638e+00 4.236219353460667775e-02 2.147302697880318009e-02 4.077754696057336176e-04 1.178433465844681729e-04 2.946266596538579395e-05 2.359942134522216274e-05 2.132572096625332675e-02 4.070920054783036947e-04
2.108542459573231831e+00 5.752329104594283704e-02 2.057965064406266920e-02 3.866593507327296692e-04 1.087225465148237324e-04 3.096038880156961568e-05 2.140091312459682123e-05 2.043996770874627680e-02 3.860666450581939934e-04
2.173556179028768298e+00 7.246224285395827525e-02 1.971398439514890008e-02 3.650677797098601600e-04 1.077431534237062363e-04 3.315403748153208707e-05 1.980910998506649792e-05 1.957308720424366308e-02 3.645299479382818988e-04
2.253373524220488200e+00 8.712097268049832921e-02 1.820206376600313342e-02 3.329772671326750098e-04 9.460864920463339699e-05 5.452001896522718172e-05 1.701488372233891521e-05 1.805293509783327185e-02 3.325422592078487770e-04
2.347685773376832596e+00 1.014426942800503578e-01 1.563571868681777610e-02 2.869541084955782076e-04 6.450366377240381098e-05 4.072628083808049542e-05 1.186790940195999667e-05 1.553048874220729243e-02 2.867085856909746622e-04
2.456128081905547766e+00 1.153719743221396921e-01 1.360952169129589148e-02 2.469173587555279241e-04 3.139792004849031306e-05 2.368524805134983367e-05 6.818935349965004582e-06 1.355443852319605097e-02 2.468231840316040477e-04
2.578280922280215659e+00 1.288549128943115851e-01 1.172712151832394287e-02 2.015612225605344858e-04 9.936487576704912996e-06 9.875056766366827721e-06 2.919388556179875011e-06 1.170730997398087073e-02 2.015400794148780735e-04
2.713671716562656044e+00 1.418393424605841058e-01 9.795913654084045449e-03 1.641742543947667307e-04 1.937406722450850547e-06 1.412955667184402116e-06 9.795014015701289857e-07 9.792563291694410602e-03 1.641713324033215672e-04
2.861776668398403167e+00 1.542750264503513768e-01 8.002066106033500076e-03 1.289244632262818372e-04 6.060113023395780725e-07 -6.687764381188037095e-07 3.118801416228044725e-07 8.002128871169279789e-03 1.289240859923472906e-04
3.022022791095725580e+00 1.661138523605895922e-01 6.424590565041129325e-03 1.003582148408621453e-04 4.782948162286879670e-07 -5.483007186295040505e-07 1.911205751025806941e-07 6.424660570943529873e-03 1.003580328572178454e-04
3.193790125172711214e+00 1.773100173552124015e-01 5.188849362222328239e-03 7.834766982433124171e-05 2.181429114735092761e-07 -3.759184390114073063e-07 8.197449323383413063e-08 5.189007137749866022e-03 7.834762693971581370e-05
3.376414137258242576e+00 1.878202052157930679e-01 4.046590677268476627e-03 5.848192256492998629e-05 4.567575387276835808e-08 -1.348946540670559523e-07 2.423539713132228658e-08 4.046679896168670597e-03 5.848191754325428408e-05
3.569188291260199097e+00 1.976037537978645453e-01 3.137902581549994064e-03 4.358131842287301814e-05 7.112317825172920693e-09 1.939655927142551067e-08 5.183950458303699119e-09 3.137876072672897594e-03 4.358131811456038437e-05
3.771366781941400070e+00 2.066228122783236865e-01 2.342043457729809167e-03 3.105119972403311344e-05 3.962589002449119826e-09 3.967838048852660475e-08 2.392089237746485060e-09 2.341999816760318223e-03 3.105119963189350641e-05
3.982167420370143152e+00 2.148424875559836744e-01 1.674561787473771279e-03 2.152610071980397085e-05 1.514885026106662601e-09 1.379697385497692423e-08 5.326347185023926911e-10 1.674546475614890201e-03 2.152610071321430185e-05
4.200774660103844482e+00 2.222309792248491067e-01 1.194717771293845503e-03 1.463548329247840744e-05 2.712521737740047392e-10 1.770456720316332451e-09 9.267649214631982446e-11 1.194715729584951321e-03 1.463548329218497829e-05
4.426342752409739845e+00 2.287597025909126058e-01 8.317378642897380134e-04 9.898307433354055454e-06 6.329586150043975890e-11 2.289637360704726879e-12 1.398173684566106525e-11 8.317377987042391761e-04 9.898307433344180744e-06
4.657999018322250606e+00 2.344033992528888610e-01 5.626668995032601487e-04 6.411544117429751685e-06 2.804372852176763389e-11 3.277788791531215458e-11 3.389589500914620645e-12 5.626668386816437422e-04 6.411544117428855524e-06
4.894847224881871739e+00 2.391402348170608982e-01 3.655602525964587405e-04 4.170554426371761061e-06 8.350237620482103893e-12 1.359190504705877148e-11 6.590873155221235887e-13 3.655602306543160847e-04 4.170554426371709392e-06
5.135971052495833078e+00 2.429518833670796518e-01 2.334482074292552553e-04 2.557355292834495900e-06 1.214130288582398509e-12 1.097624941695965690e-12 1.028262336715778924e-13 2.334482051175000301e-04 2.557355292834493782e-06
5.380437640007416533e+00 2.458235983612656328e-01 1.444139300318861405e-04 1.542548313255163461e-06 3.795833872999126342e-13 1.835226309299690402e-13 1.522292891997126656e-14 1.444139294687801279e-04 1.542548313255163249e-06
5.627301193759655540e+00 2.477442696827319157e-01 8.651759459031281596e-05 8.889994977900372201e-07 4.362471229124670380e-13 1.719179627699418643e-13 8.592844418892248591e-15 8.651759398214772703e-05 8.889994977900372201e-07
5.875606646691243995e+00 2.487064666213880115e-01 5.044402941897197195e-05 5.133928314919666545e-07 1.881325396417542555e-13 3.503149132514163106e-14 2.187804283981559065e-15 5.044402919580794184e-05 5.133928314919666545e-07
6.124393353308755117e+00 2.487064666213880115e-01 2.784881163433907463e-05 2.751503704070687789e-07 5.305538558378418872e-14 2.127231382591485189e-15 4.110650128370710968e-16 2.784881157915645699e-05 2.751503704070687789e-07
6.372698806240344460e+00 2.477442696827319157e-01 1.455472523615277194e-05 1.435406840503994859e-07 8.365914749862484413e-14 3.807199089094598488e-15 1.996800092543026257e-16 1.455472514868642525e-05 1.435406840503994859e-07
6.619562359992583467e+00 2.458235983612656328e-01 7.220293361855228930e-06 6.927624441718155667e-08 5.330670455271721934e-14 7.588550938831806896e-16 6.482864425687903261e-17 7.220293307789669019e-06 6.927624441718155667e-08
6.864028947504166922e+00 2.429518833670796518e-01 3.373836494363995285e-06 3.236023887915693948e-08 1.036515812601483576e-14 3.739885520335748010e-17 8.409772856867800667e-18 3.373836483961438393e-06 3.236023887915693948e-08
7.105152775118128261e+00 2.391402348170608982e-01 1.440402351241709493e-06 1.354475148355759170e-08 1.667772514003219876e-14 1.325868417659037934e-16 6.681305927204657719e-18 1.440402334431397483e-06 1.354475148355759170e-08
7.342000981677749394e+00 2.344033992528888610e-01 5.708522037411308039e-07 5.330848299130157886e-09 1.315128307938478673e-14 4.509058797696529156e-17 2.112571910071250432e-18 5.708521905447571794e-07 5.330848299130157886e-09
7.573657247590260155e+00 2.287597025909126058e-01 2.475049766041639950e-07 3.440382855231670608e-09 4.028658389082261080e-15 5.631681464865526600e-19 4.700135380675655071e-19 2.475049725749424556e-07 3.440382855231670608e-09
7.799225339896155518e+00 2.222309792248491067e-01 1.695165059590698359e-07 2.033741116865160091e-09 6.651105595467447537e-15 2.385822774189600479e-18 2.991737308122347678e-19 1.695164993055784161e-07 2.033741116865160091e-09
8.017832579629857293e+00 2.148424875559836744e-01 1.833177845351980438e-07 2.604391252261767729e-09 6.137735715779477603e-15 1.831658112149836298e-18 1.992891000507016963e-19 1.833177783956306827e-07 2.604391252261767729e-09
8.228633218058600818e+00 2.066228122783236865e-01 2.158398915666629050e-07 2.368455821583950266e-09 1.859362754257585057e-15 6.004417506463002317e-19 5.971309548230387635e-20 2.158398897066997051e-07 2.368455821583950266e-09
8.430811708739801347e+00 1.976037537978645453e-01 2.458074996437010296e-07 2.642044402711521483e-09 1.262080528260357283e-15 6.316841459448012056e-20 4.341062513113857136e-20 2.458074983815573519e-07 2.642044402711521483e-09
8.623585862741757424e+00 1.878202052157930679e-01 2.612862746109982325e-07 2.661732190396460745e-09 2.082687648256609467e-15 -1.180595979304717906e-20 4.902710903252591510e-20 2.612862725283224098e-07 2.661732190396460745e-09
8.806209874827288786e+00 1.773100173552124015e-01 2.620880250275654386e-07 2.617228498438746230e-09 1.418272293580541289e-15 -1.786306591418295853e-21 4.314239286041823927e-20 2.620880236092949541e-07 2.617228498438746230e-09
8.977977208904274420e+00 1.661138523605895922e-01 2.582473356717610721e-07 2.464808237364548293e-09 5.900558613231238789e-16 1.159318166143004331e-19 1.902945740432155797e-20 2.582473350815892779e-07 2.464808237364548293e-09
9.138223331601597721e+00 1.542750264503513768e-01 2.428537365633336418e-07 2.282047651579508896e-09 6.555404941208102890e-16 2.530223704833023813e-19 2.896237627907651399e-20 2.428537359075401406e-07 2.282047651579508896e-09
9.286328283437343956e+00 1.418393424605841058e-01 2.226208918471409907e-07 2.136034030986925399e-09 9.732862579350571521e-16 4.182867395192012720e-19 2.869163528287153179e-20 2.226208908734364367e-07 2.136034030986925399e-09
9.421719077719783897e+00 1.288549128943115851e-01 2.037184725336574811e-07 1.934005281707754171e-09 9.234432961299808001e-16 4.462681007514724787e-19 2.839736088531314200e-20 2.037184716097679141e-07 1.934005281707754171e-09
9.543871918094453122e+00 1.153719743221396921e-01 1.830685610446721789e-07 1.683774224824238151e-09 5.994735184708440304e-16 4.086314865332561733e-19 2.181522251901773824e-20 1.830685604447900254e-07 1.683774224824238151e-09
9.652314226623166959e+00 1.014426942800503578e-01 1.672476952998844399e-07 1.525523004913602606e-09 3.101096385764457594e-16 2.954314393752861682e-19 1.515645493199312729e-20 1.672476949894793696e-07 1.525523004913602606e-09
9.746626475779510912e+00 8.712097268049832921e-02 1.549704481231192312e-07 1.408551631131134212e-09 1.847157633022779705e-16 1.672461664613859034e-19 9.383788380321210096e-21 1.549704479382362116e-07 1.408551631131134212e-09
9.826443820971231702e+00 7.246224285395827525e-02 1.435962053512563444e-07 1.297663292863700127e-09 1.837769030732686622e-16 1.003173026207941677e-19 1.085800180119084540e-20 1.435962051673791235e-07 1.297663292863700127e-09
9.891457540426767281e+00 5.752329104594283704e-02 1.346841777377971932e-07 1.202188677762304674e-09 2.295099673609985788e-16 7.964767110325282512e-20 1.253060262882248211e-20 1.346841775082075893e-07 1.202188677762304674e-09
9.941416336192023806e+00 4.236219353460667775e-02 1.279045308824085854e-07 1.137327422847463716e-09 2.738979193824321578e-16 6.405961296005411997e-20 1.480921742263794420e-20 1.279045306084466047e-07 1.137327422847463716e-09
9.976127877728362847e+00 2.703919678298202095e-02 1.245294726762987208e-07 1.095828129405310361e-09 3.020328279078431911e-16 6.029648406974573581e-20 1.579900673241434765e-20 1.245294723742055849e-07 1.095828129405310361e-09
9.995465617680284964e+00 1.163449021263147400e-02 1.219693570568643623e-07 1.071848354800215190e-09 3.152036748458887776e-16 5.919851102494705210e-20 1.632849920409719161e-20 1.219693567416014786e-07 1.071848354800215190e-09
