# q, q weight, n(q), n(q) error, I, \delta U + \delta U^\dagger, \delta U + \delta U^\dagger error, \delta U^2, \delta U^2 error
# 
1.133595579928980968e-03 2.908622553157862861e-03 9.008621951969235653e-01 2.851631922918722219e-03 1.040812242297886492e+00 -1.412929251692699451e-01 2.851056392450079628e-03 1.342878068306977086e-03 5.728936095529375084e-05
5.968030567909288209e-03 6.759799195745510442e-03 9.059880333725813806e-01 2.574679216267007631e-03 1.040723404629217086e+00 -1.361569364699055651e-01 2.574590884272050847e-03 1.421565213269909179e-03 2.132710248840618707e-05
1.464591595199415952e-02 1.059054838365161913e-02 9.105358469148606693e-01 2.740305219175728519e-03 1.040260672987659563e+00 -1.311784706996258487e-01 2.740225069183640366e-03 1.453644626826977289e-03 2.095863686529989854e-05
2.713561489330795773e-02 1.438082276148573875e-02 9.086911616956722115e-01 2.352096879729512896e-03 1.038912207242207453e+00 -1.316576258216122786e-01 2.351987857971835332e-03 1.436580275077020859e-03 2.264613844276781865e-05
4.338904475719207454e-02 1.811556071348957575e-02 9.128623384942607943e-01 2.087875511850091712e-03 1.035957480380784723e+00 -1.245390687972360161e-01 2.087739593908745882e-03 1.443926910712058824e-03 2.382311921281128947e-05
6.334338105512204997e-02 2.178024317012464822e-02 9.079501014485966692e-01 1.903887375661444600e-03 1.030494093167668934e+00 -1.239517799976497803e-01 1.903748929888267110e-03 1.407788278577448314e-03 2.295977247928613935e-05
8.692144334420814911e-02 2.536067357001257558e-02 8.976101474936540869e-01 1.902194440849936698e-03 1.021481353367697409e+00 -1.252878979324328068e-01 1.902071041320917578e-03 1.416692058389485516e-03 2.166666953557264990e-05
1.140320204763869416e-01 2.884299358053495077e-02 8.873139302424319919e-01 2.322425782191384937e-03 1.007804917379196752e+00 -1.218880020458594782e-01 2.322325038903828593e-03 1.397014909094720968e-03 2.163163118207546762e-05
1.445702305700539148e-01 3.221372822357801424e-02 8.696422139412263164e-01 1.747965841058212854e-03 9.883645975423004382e-01 -1.201286502611990381e-01 1.747823703106745046e-03 1.406266660124938853e-03 2.229090317977782876e-05
1.784179291406640111e-01 3.545983561514577664e-02 8.393566667176269869e-01 3.963642383398727556e-03 9.621833557719995378e-01 -1.242182573711065330e-01 3.963583517261210984e-03 1.391568316733888828e-03 2.160197143757442689e-05
2.154441670996006808e-01 3.856875661258732380e-02 8.140476378621107623e-01 1.907871630732325963e-03 9.285296597498307047e-01 -1.158242056170082218e-01 1.907758925469432276e-03 1.342183729288256352e-03 2.073744547772410091e-05
2.555056977739315061e-01 4.152846309014763398e-02 7.819470073115514230e-01 1.649270376655449875e-03 8.870389348043540290e-01 -1.064012455664270218e-01 1.649144260542505496e-03 1.309318073624482232e-03 2.039566701341140973e-05
2.984475312931776925e-01 4.432750433880294771e-02 7.348129531781586454e-01 1.517527190515344671e-03 8.378140035209642456e-01 -1.042808327087691583e-01 1.517341948766072176e-03 1.279782365963617842e-03 2.371042952317349657e-05
3.441035343145606440e-01 4.695505130394832943e-02 6.878454403956175689e-01 1.254686899460649490e-03 7.814828761865225681e-01 -9.481916244362588453e-02 1.254541915218362761e-03 1.181726652720898729e-03 1.907350619105162466e-05
3.922970728150497743e-01 4.940093844946620572e-02 6.302635815401558261e-01 1.832479061607928316e-03 7.191961207391949218e-01 -9.011155234644388501e-02 1.832327612776094537e-03 1.179013147404744466e-03 2.355908932305823670e-05
4.428416954853499066e-01 5.165570306958086610e-02 5.734244629806546367e-01 1.423519586943810004e-03 6.525553943642276034e-01 -8.023265354885147915e-02 1.423389911493657626e-03 1.101722165278480429e-03 1.921390826336896837e-05
4.955418550925357879e-01 5.371062188899597412e-02 5.125654262574432796e-01 1.357116082346328549e-03 5.834783609621447820e-01 -7.194553983076995562e-02 1.356943680390442332e-03 1.032605126068457781e-03 2.163120920077057468e-05
5.501936650259612316e-01 5.555774480621230443e-02 4.508250056906629721e-01 1.275776336227858439e-03 5.140197282216191210e-01 -6.416456440288095808e-02 1.275638203645087067e-03 9.698418719248322892e-04 1.877321176871544258e-05
6.065856881024348501e-01 5.718992564772815146e-02 3.894128759818132335e-01 1.074341451696529930e-03 4.461785246097130231e-01 -5.765346434183400703e-02 1.074204417787950980e-03 8.878157139342166730e-04 1.715877729491498442e-05
6.644997545805626515e-01 5.860084981322224301e-02 3.332996512684756052e-01 1.141696748763998057e-03 3.817234586802489282e-01 -4.929304132994964671e-02 1.141574091377536631e-03 8.692339181763339721e-04 1.673499428848164951e-05
7.237118062204679347e-01 5.978505870426521762e-02 2.831200131006559317e-01 1.003585465374303527e-03 3.220625954577265304e-01 -3.976963473798243026e-02 1.003439462094475165e-03 8.270523809118571733e-04 1.711818396055969069e-05
7.839927631239582695e-01 6.073797084176998928e-02 2.348210957340382266e-01 7.939908827426067194e-04 2.681718266344546020e-01 -3.419942841035379655e-02 7.937268239616169499e-04 8.486975099374186081e-04 2.047561481832069118e-05
8.451094100018541333e-01 6.145589959031647065e-02 1.955237016453853227e-01 5.986437898889856481e-04 2.205841780666104313e-01 -2.584295963493467990e-02 5.983828436601545996e-04 7.824832137095705980e-04 1.767369757111022488e-05
9.068252984399138850e-01 6.193606742068302057e-02 1.591629471896676973e-01 5.036806974385823121e-04 1.794296983199198947e-01 -2.106346539436934270e-02 5.033510575588910022e-04 7.967142641171513426e-04 1.821970983749934310e-05
9.689016616728111098e-01 6.217661665534702370e-02 1.293811996074922255e-01 3.858433245004594609e-04 1.445087434232762702e-01 -1.592578197851343691e-02 3.854722066678374507e-04 7.982381627293880667e-04 1.691889323197202666e-05
1.031098338327188779e+00 6.217661665534702370e-02 1.041269465090715329e-01 3.647334815965588080e-04 1.153809034154641699e-01 -1.212037313756401599e-02 3.641901401447065708e-04 8.664162311713799513e-04 1.990111602213037427e-05
1.093174701560086115e+00 6.193606742068302057e-02 8.332115318333048470e-02 2.659746444400210258e-04 9.145404174433743871e-02 -9.001468098996122380e-03 2.654315258621621379e-04 8.685795379891733583e-04 1.698871871213175405e-05
1.154890589998145867e+00 6.145589959031647065e-02 6.676029452894464977e-02 2.409338685651357540e-04 7.206282187382068161e-02 -6.234484591598466602e-03 2.397714304171202177e-04 9.319572467224258774e-04 2.363874314531521278e-05
1.216007236876041731e+00 6.073797084176998928e-02 5.299528879572917850e-02 2.953811252758325643e-04 5.653070581001331391e-02 -4.495177680315647940e-03 2.948747217501593494e-04 9.597606660315142688e-04 1.728894565851753798e-05
1.276288193779532065e+00 5.978505870426521762e-02 4.221283330278317869e-02 2.609405400914548818e-04 4.421380712102238736e-02 -3.025568831262046791e-03 2.602215003121037453e-04 1.024595013022837472e-03 1.935810524142192750e-05
1.335500245419437348e+00 5.860084981322224301e-02 3.402537572730426896e-02 1.745667580373760832e-04 3.452817456486081266e-02 -1.578380116172543261e-03 1.734484778987635414e-04 1.075581278615998695e-03 1.972760822507243179e-05
1.393414311897565039e+00 5.718992564772815146e-02 2.770237531717291771e-02 1.402671543223034075e-04 2.696351073299013690e-02 -4.333125154165005911e-04 1.389742775445114767e-04 1.172177099599281671e-03 1.900065163771955432e-05
1.449806334974038879e+00 5.555774480621230443e-02 2.208247872638278639e-02 1.087232355741651646e-04 2.108685654777676596e-02 -2.175457184123339674e-04 1.068306325794141082e-04 1.213167897018353498e-03 2.019796763037406086e-05
1.504458144907464323e+00 5.371062188899597412e-02 1.815626502102070383e-02 7.714019056267788462e-05 1.653954525404445486e-02 3.478139116900490148e-04 7.465658402090978314e-05 1.268905855286198711e-03 1.941657699943780067e-05
1.557158304514650204e+00 5.165570306958086610e-02 1.482167683564234242e-02 4.691204455031555194e-05 1.303020206256145196e-02 5.163890446445343991e-04 4.253868976876616414e-05 1.275085728436357478e-03 1.977877136344570856e-05
1.607702927184950337e+00 4.940093844946620572e-02 1.234371237215961190e-02 4.098909658164519819e-05 1.032588849679223070e-02 7.073497948942636046e-04 3.701407690033922725e-05 1.310474080473116726e-03 1.760863849919158303e-05
1.655896465685439356e+00 4.695505130394832943e-02 1.033560300475111146e-02 3.659755939765492255e-05 8.242820058330097358e-03 7.246909843491489058e-04 3.054352162675231283e-05 1.368091962071864114e-03 2.016121624557888660e-05
1.701552468706822197e+00 4.432750433880294771e-02 8.762379721449322853e-03 3.310660788257056516e-05 6.637542369591780539e-03 7.584656313390450042e-04 2.868547570611856408e-05 1.366371720518496551e-03 1.652848961653680950e-05
1.744494302226068605e+00 4.152846309014763398e-02 7.448952023825779895e-03 2.753225755062708579e-05 5.399045962793538357e-03 6.878894976824124390e-04 2.182165738651179341e-05 1.362016563349829207e-03 1.678810515632295577e-05
1.784555832900399430e+00 3.856875661258732380e-02 6.545524064737105047e-03 2.535927923329404831e-05 4.442020037665005312e-03 6.984887303246570169e-04 1.985946986731814329e-05 1.405015296747442717e-03 1.577005072348410143e-05
1.821582070859335989e+00 3.545983561514577664e-02 5.764436291282574835e-03 2.546943763180377780e-05 3.701260753120939797e-03 6.718060573337782939e-04 1.989675959980275293e-05 1.391369480827856419e-03 1.590003807253301100e-05
1.855429769429945974e+00 3.221372822357801424e-02 5.168199110366184998e-03 2.542509284650010899e-05 3.127148624331942649e-03 6.473544663179596655e-04 2.015606905966798259e-05 1.393696019716283117e-03 1.549736191469522492e-05
1.885967979523613058e+00 2.884299358053495077e-02 4.661152559644223328e-03 2.297263019048855135e-05 2.682060475462868729e-03 5.796303595173831272e-04 1.614182225576026557e-05 1.399461724663971039e-03 1.634574293607936947e-05
1.913078556655791740e+00 2.536067357001257558e-02 4.255272367703884749e-03 2.045258435789625611e-05 2.337567672760046487e-03 5.666140141703316898e-04 1.242235000211669611e-05 1.351090680773506898e-03 1.624787454843783420e-05
1.936656618944877950e+00 2.178024317012464822e-02 4.017132906472636183e-03 2.041480248084724669e-05 2.072277785807262549e-03 5.291979951243859113e-04 1.147439659508194221e-05 1.415657125540987398e-03 1.688497506988916966e-05
1.956610955242807925e+00 1.811556071348957575e-02 3.743225729034573360e-03 1.944956472076552807e-05 1.870191653977112695e-03 4.964544807280820305e-04 1.207484382627450850e-05 1.376579594329378200e-03 1.524741664670862982e-05
1.972864385106692042e+00 1.438082276148573875e-02 3.567401767372624204e-03 2.053650398227039076e-05 1.719468244904137156e-03 4.689552127826745217e-04 1.076847075724081402e-05 1.378978309685812472e-03 1.748679597194000319e-05
1.985354084048005952e+00 1.059054838365161913e-02 3.459689531343745211e-03 1.897410767924208091e-05 1.611509959354715145e-03 4.761705340385746364e-04 9.604064612222134432e-06 1.372009037950455050e-03 1.636394528063864513e-05
1.994031969432090712e+00 6.759799195745510442e-03 3.365311929317670297e-03 2.182241337187306308e-05 1.540299394816152826e-03 4.575677086129428242e-04 1.027222564401235815e-05 1.367444825888574755e-03 1.925354787283110406e-05
1.998866404420071019e+00 2.908622553157862861e-03 3.312817120957364369e-03 1.978133376544066911e-05 1.501926279381797643e-03 4.456155912079306017e-04 9.910745311693753415e-06 1.365275250367636124e-03 1.711952957608658612e-05
2.004534382319715924e+00 1.163449021263145144e-02 3.278548159554621304e-03 2.105381296257319580e-05 1.458085526089388656e-03 4.588736836096124353e-04 1.340384298390828450e-05 1.361588949855620104e-03 1.623576402654792634e-05
2.023872122271637153e+00 2.703919678298204177e-02 3.071282115689555857e-03 1.862290043925172764e-05 1.317424596634887528e-03 4.102265368632321729e-04 9.803064078970864643e-06 1.343630982191435994e-03 1.583389893342360835e-05
2.058583663807976638e+00 4.236219353460647652e-02 2.829824965809193352e-03 1.701715881626537203e-05 1.096492615314899419e-03 3.975295485778812359e-04 8.080123898056640265e-06 1.335802801916412697e-03 1.497649131038549287e-05
2.108542459573231831e+00 5.752329104594295500e-02 2.489167648660427050e-03 1.785952969352602005e-05 8.390994501635166492e-04 3.167802142495347389e-04 8.416982920502713133e-06 1.333287984247375716e-03 1.575173639285216192e-05
2.173556179028768298e+00 7.246224285395830300e-02 2.137484259136931790e-03 1.567767806130206527e-05 5.888174707587023621e-04 2.538994731748843415e-04 4.923687333427336247e-06 1.294767315203344815e-03 1.488445136498081728e-05
2.253373524220488200e+00 8.712097268049859289e-02 1.807303601849461448e-03 1.541899147219341539e-05 3.775080332239671749e-04 1.896140804154660385e-04 3.755849806833063828e-06 1.240181488210028316e-03 1.495456085106096637e-05
2.347685773376832596e+00 1.014426942800503023e-01 1.524592761252384441e-03 1.184650848223862279e-05 2.200789905612735931e-04 1.319044481637484788e-04 2.387383819215923168e-06 1.172609322527362261e-03 1.160345473208292501e-05
2.456128081905547766e+00 1.153719743221398031e-01 1.252268554889875542e-03 1.102112486885474119e-05 1.159421221466725598e-04 7.904510387236638271e-05 1.719796596143363471e-06 1.057281328870836572e-03 1.088611468995169750e-05
2.578280922280215659e+00 1.288549128943120570e-01 1.035721274901276953e-03 8.657392487949645764e-06 5.474574750251186598e-05 3.958277281048300120e-05 8.909818060408833041e-07 9.413927545882821470e-04 8.611422420930882278e-06
2.713671716562656044e+00 1.418393424605831066e-01 8.317623502559132447e-04 5.376212930958552860e-06 2.291067278874554808e-05 1.840484645856621201e-05 5.398638797280700886e-07 7.904468310086014372e-04 5.349038462225796033e-06
2.861776668398402723e+00 1.542750264503492952e-01 7.129091448272627729e-04 4.200925671967691451e-06 8.361933032437274732e-06 6.661979041498568262e-06 2.848834073763836079e-07 6.978852327533268968e-04 4.191254936841568749e-06
3.022022791095726024e+00 1.661138523605905359e-01 5.898243340785137368e-04 3.808439292806064558e-06 2.596949809819896784e-06 1.585457210199720947e-06 1.011052039073525983e-07 5.856419270584941250e-04 3.807097002275094564e-06
3.193790125172710770e+00 1.773100173552117909e-01 4.849702822695513608e-04 3.490925810884492272e-06 6.586522161409786054e-07 5.578739934061382536e-08 3.446635903830481280e-08 4.842558426540697898e-04 3.490755661342425445e-06
3.376414137258242576e+00 1.878202052157933177e-01 3.939063322689643153e-04 3.041202731649454097e-06 1.260804033467674874e-07 -1.201731843219413473e-07 1.223367127171360605e-08 3.939004250499395063e-04 3.041178125707094581e-06
3.569188291260199097e+00 1.976037537978648229e-01 2.986098991531070863e-04 1.957238497720968050e-06 1.503813250446820760e-08 -7.013053107504559762e-08 1.438913961950889974e-09 2.986649915516776505e-04 1.957237968793687827e-06
3.771366781941399626e+00 2.066228122783234644e-01 2.255442557159886884e-04 1.549111627888616394e-06 4.909421875615455843e-10 -9.168251385422962182e-09 1.663258423391858492e-10 2.255529330251865555e-04 1.549111618959535571e-06
3.982167420370143152e+00 2.148424875559838965e-01 1.640129527600047083e-04 1.196717203373084929e-06 9.322380286194153343e-11 2.790366139365272389e-09 2.853914259569486276e-11 1.640100691700624696e-04 1.196717203032786055e-06
4.200774660103844482e+00 2.222309792248492177e-01 1.184609581498167856e-04 8.557081633662256904e-07 1.341253912154494932e-10 1.969820403730588130e-09 1.038355783051761638e-11 1.184588542040218437e-04 8.557081633032263444e-07
4.426342752409739845e+00 2.287597025909126058e-01 7.971430684592523130e-05 5.031881577777199561e-07 1.918672613021341240e-11 3.718939283789781619e-10 1.404581232044137375e-12 7.971391576527071723e-05 5.031881577757596042e-07
4.657999018322250606e+00 2.344033992528889720e-01 5.378600258622289203e-05 3.716248281666352884e-07 7.591257289917650775e-12 -1.053736812103740978e-10 3.816696141733452896e-13 5.378610036864681424e-05 3.716248281664393062e-07
4.894847224881871739e+00 2.391402348170608705e-01 3.454677824354604752e-05 2.475330385395732778e-07 4.934208802075998881e-11 -1.121895038948460997e-10 4.077403680565087666e-13 3.454684109096192442e-05 2.475330385392374822e-07
5.135971052495833078e+00 2.429518833670799571e-01 2.261327056041432184e-05 1.717276320419641060e-07 7.255479683910279287e-11 -5.201481650035580549e-11 2.423431528206935691e-13 2.261325002043398447e-05 1.717276320417931112e-07
5.380437640007416533e+00 2.458235983612658826e-01 1.373115353432369209e-05 1.187821416795635285e-07 6.752476265902943678e-11 -1.799533833372811799e-11 9.566759878136843164e-14 1.373110400489936628e-05 1.187821416795250018e-07
5.627301193759655540e+00 2.477442696827320823e-01 8.281758387145457564e-06 5.785400144278645342e-08 5.008045992120635867e-11 -5.009592390180251005e-12 2.540768416379778422e-14 8.281713316277926194e-06 5.785400144278087491e-08
5.875606646691243995e+00 2.487064666213880948e-01 4.751023483173985303e-06 3.434976112860180933e-08 3.286421911131646346e-11 -1.292997660718046072e-12 9.341411547159421716e-15 4.750991911952535035e-06 3.434976112860053878e-08
6.124393353308755117e+00 2.487064666213880948e-01 2.610388226433376242e-06 1.924110322696369231e-08 2.033052783322321509e-11 -3.503786470533804529e-13 1.966792745998121303e-15 2.610368246284189967e-06 1.924110322696359304e-08
6.372698806240344460e+00 2.477442696827320823e-01 1.371047004483821536e-06 1.113708393243836187e-08 1.236784240942247101e-11 -1.266605028960952594e-13 8.329854660170165191e-16 1.371034763301915029e-06 1.113708393243833044e-08
6.619562359992583467e+00 2.458235983612658826e-01 6.716511705385484892e-07 4.919370148607765474e-09 7.598752504364234334e-12 -6.009376336887714986e-14 3.525464763999390121e-16 6.716436318798074449e-07 4.919370148607753066e-09
6.864028947504166922e+00 2.429518833670799571e-01 3.067788497076442577e-07 2.467009693434571578e-09 4.779274439006771916e-12 -3.195252781504917341e-14 1.333186246711789028e-16 3.067741023857330775e-07 2.467009693434567856e-09
7.105152775118128261e+00 2.391402348170608705e-01 1.339511218704669294e-07 1.086534872636492569e-09 3.087939158770179800e-12 -1.648617428299935196e-14 6.140770856008877697e-17 1.339480504174824480e-07 1.086534872636490708e-09
7.342000981677749394e+00 2.344033992528889720e-01 5.313799589224926417e-08 4.132091420027731193e-10 2.045047467823689796e-12 -7.711295022700660381e-15 2.579369939039569777e-17 5.313595855607646150e-08 4.132091420027722922e-10
7.573657247590260155e+00 2.287597025909126058e-01 2.283140833891067582e-08 1.916046189643449227e-10 1.382983138395058520e-12 -3.217621511748836129e-15 1.384976298774669715e-17 2.283002857339379099e-08 1.916046189643444315e-10
7.799225339896155518e+00 2.222309792248492177e-01 1.474346702297224660e-08 1.370868308304243567e-10 9.523901980239930049e-13 -1.098163032668567670e-15 8.365441989128236107e-18 1.474251573093725590e-08 1.370868308304240982e-10
8.017832579629857293e+00 2.148424875559838965e-01 1.641995321644120639e-08 1.542321875257918465e-10 6.673897573014445109e-13 -1.652393909957199663e-16 5.452083362927438226e-18 1.641928599192329749e-08 1.542321875257917431e-10
8.228633218058600818e+00 2.066228122783234644e-01 1.969543405301262709e-08 1.650950186596804001e-10 4.764253947446226754e-13 1.928703517142292620e-16 2.173713927597225939e-18 1.969495743474752984e-08 1.650950186596803742e-10
8.430811708739801347e+00 1.976037537978648229e-01 2.201794407281386486e-08 1.503289565572367896e-10 3.472308344945426969e-13 2.971281485003585041e-16 1.882070332815318547e-18 2.201759654485122284e-08 1.503289565572367896e-10
8.623585862741757424e+00 1.878202052157933177e-01 2.365848754258187890e-08 1.877969545362709619e-10 2.589956073292329507e-13 2.955659027054406659e-16 1.285587538280860032e-18 2.365822825140864552e-08 1.877969545362709619e-10
8.806209874827288786e+00 1.773100173552117909e-01 2.352652186284690912e-08 1.635946758430673317e-10 1.980732514119236360e-13 2.579472895455008221e-16 8.657250927542159034e-19 2.352632353164820875e-08 1.635946758430673317e-10
8.977977208904274420e+00 1.661138523605905359e-01 2.285437563235888998e-08 1.509190728871500839e-10 1.554572566757181224e-13 2.156689933196370522e-16 6.944168358299311226e-19 2.285421995943322114e-08 1.509190728871500839e-10
9.138223331601597721e+00 1.542750264503492952e-01 2.124052320932004410e-08 1.469957203949971675e-10 1.251966129256113096e-13 1.750671222474334394e-16 4.927987860722670942e-19 2.124039783763999485e-08 1.469957203949971675e-10
9.286328283437343956e+00 1.418393424605831066e-01 1.979616990294413129e-08 1.448493739819256479e-10 1.033600599441155058e-13 1.423476706166765669e-16 4.566074879813625826e-19 1.979606640053651799e-08 1.448493739819256479e-10
9.421719077719783897e+00 1.288549128943120570e-01 1.799099929297981761e-08 1.582207006217898708e-10 8.734884098245226429e-14 1.167448232667132598e-16 3.855738945477802896e-19 1.799091182739401210e-08 1.582207006217898708e-10
9.543871918094453122e+00 1.153719743221398031e-01 1.648617743075341364e-08 1.206009128535486090e-10 7.544049278186211049e-14 9.605382831421652564e-17 2.762791511277293531e-19 1.648610189420680476e-08 1.206009128535486090e-10
9.652314226623166959e+00 1.014426942800503023e-01 1.526178372347424112e-08 1.178451353884250438e-10 6.648781607143549929e-14 8.081441453925307487e-17 2.530961852603967424e-19 1.526171715484375421e-08 1.178451353884250438e-10
9.746626475779510912e+00 8.712097268049859289e-02 1.386397413711491509e-08 1.158027871834385096e-10 5.972180302399694099e-14 7.052091432805511495e-17 3.265750759077008028e-19 1.386391434479097660e-08 1.158027871834385096e-10
9.826443820971231702e+00 7.246224285395830300e-02 1.286546292627769507e-08 1.157276800470298989e-10 5.462345371599371140e-14 6.277670236216485701e-17 2.256853416437849197e-19 1.286540824004727684e-08 1.157276800470298989e-10
9.891457540426767281e+00 5.752329104594295500e-02 1.191137317799406891e-08 1.142433890446087480e-10 5.084093808697097065e-14 5.697363428801138671e-17 2.307131621264087934e-19 1.191132228008234790e-08 1.142433890446087480e-10
9.941416336192023806e+00 4.236219353460647652e-02 1.138539647581914632e-08 9.002414994434097574e-11 4.813644755926728026e-14 5.162440712210514077e-17 1.842670223057464881e-19 1.138534828774717961e-08 9.002414994434097574e-11
9.976127877728362847e+00 2.703919678298204177e-02 1.094614347286873428e-08 7.982752980800284270e-11 4.635245913466189342e-14 4.914073996224236041e-17 2.004540770614171703e-19 1.094609707126885954e-08 7.982752980800284270e-11
9.995465617680284964e+00 1.163449021263145144e-02 1.083864360362607445e-08 9.244040250641420648e-11 4.539053363387921693e-14 4.769289958176590365e-17 1.521843035909965743e-19 1.083859816539954083e-08 9.244040250641420648e-11
