# q, q weight, n(q), n(q) error, I, \delta U + \delta U^\dagger, \delta U + \delta U^\dagger error, \delta U^2, \delta U^2 error
# 
2.267191159857961935e-03 5.817245106315725722e-03 1.453363535237633730e+00 1.166569880269268506e-04 1.602398241262106726e+00 -1.504875108905147640e-01 1.165967640298513821e-04 1.452804866041783674e-03 3.747995902039950423e-06
1.193606113581857642e-02 1.351959839149102088e-02 1.452517052754160209e+00 9.125820027374467692e-05 1.601619828754422548e+00 -1.505614178581505813e-01 9.121006248494467053e-05 1.458641857888404733e-03 2.963717040370337285e-06
2.929183190398831904e-02 2.118109676730323826e-02 1.449101951339195615e+00 9.253959664284042890e-05 1.597835274271592887e+00 -1.501864042814091416e-01 9.249051929493600844e-05 1.453081349011814839e-03 3.013434481231449907e-06
5.427122978661591546e-02 2.876164552297147750e-02 1.438485112575348168e+00 9.123294250046573074e-05 1.586545082817860219e+00 -1.495127493270471397e-01 9.118193519053905619e-05 1.452779084535139268e-03 3.050326572946235412e-06
8.677808951438414908e-02 3.623112142697915150e-02 1.416595372718058909e+00 8.989659113953727147e-05 1.562525526362133821e+00 -1.473630758497662119e-01 8.984741711050665206e-05 1.432922205691266422e-03 2.973001358856957853e-06
1.266867621102440999e-01 4.356048634024929644e-02 1.377185510867623419e+00 8.904195004422551683e-05 1.519681261102876935e+00 -1.439068205297240610e-01 8.899388028909685836e-05 1.411070294470624480e-03 2.925429672415564144e-06
1.738428866884162982e-01 5.072134714002515116e-02 1.313516027956626031e+00 8.618362181039561126e-05 1.450443862682610163e+00 -1.383041787771319697e-01 8.613101345821187293e-05 1.376344051147813463e-03 3.010845233256720556e-06
2.280640409527738832e-01 5.768598716106990154e-02 1.222534505899040447e+00 8.292399626252299144e-05 1.351449526432238146e+00 -1.302345600725330343e-01 8.286684166735278632e-05 1.319539539335183283e-03 3.078263832878913482e-06
2.891404611401078295e-01 6.442745644715602849e-02 1.104497815624715829e+00 7.854662394692993343e-05 1.222401499328095609e+00 -1.191561455837423372e-01 7.848755251194588578e-05 1.252461880362681695e-03 3.045691078386668367e-06
3.568358582813280222e-01 7.091967123029155329e-02 9.625650562043318592e-01 7.223248512339603994e-05 1.067199307517839424e+00 -1.057980508854429319e-01 7.217517545385278722e-05 1.163799571935331860e-03 2.876796014179023244e-06
4.308883341992013616e-01 7.713751322517464759e-02 8.050058656584703209e-01 6.518074701148170722e-05 8.941358519545427042e-01 -9.019009596898097669e-02 6.511002160633917301e-05 1.060109672908544258e-03 3.035600006066016073e-06
5.110113955478630121e-01 8.305692618029526797e-02 6.441621331434003173e-01 5.757572226895248845e-05 7.167791680955384326e-01 -7.357456184905049323e-02 5.749859270554015593e-05 9.575268969124250745e-04 2.979199837868505590e-06
5.968950625863553849e-01 8.865500867760589543e-02 4.923120204816864298e-01 4.881328389439238471e-05 5.483418526056695885e-01 -5.688831199176427184e-02 4.871220625179331751e-05 8.584798677811054284e-04 3.139688939575842632e-06
6.882070686291212880e-01 9.391010260789665887e-02 3.588689109618966588e-01 4.001465830231913710e-05 3.996649544113764496e-01 -4.159850349678179127e-02 3.987738938929337657e-05 8.024600473020059108e-04 3.311599997890722136e-06
7.845941456300995487e-01 9.880187689893241143e-02 2.498034458466054930e-01 3.174030519211567695e-05 2.774276408441141983e-01 -2.839726057401946099e-02 3.154049798532843578e-05 7.730655765107590253e-04 3.555834715806973102e-06
8.856833909706998131e-01 1.033114061391617322e-01 1.664635721520786593e-01 2.503881270085895133e-05 1.835256431271445887e-01 -1.786646697016899127e-02 2.472735294611487543e-05 8.043959951030636019e-04 3.937023970838835449e-06
9.910837101850715758e-01 1.074212437779919482e-01 1.065588594913239873e-01 1.886092369838167761e-05 1.158532187781617512e-01 -1.019366491720973163e-02 1.836873856474356080e-05 8.993056303719664142e-04 4.280640874481093514e-06
1.100387330051922463e+00 1.111154896124246089e-01 6.594391658321104022e-02 1.397247636618627322e-05 6.988899063554801505e-02 -4.973481299594066651e-03 1.326932051431580335e-05 1.028407247257101791e-03 4.376668697993002360e-06
1.213171376204869700e+00 1.143798512954563029e-01 3.966905029409045075e-02 1.029802030926609985e-05 4.032590109396218953e-02 -1.852270334385870817e-03 9.269053974152193209e-06 1.195419534514132690e-03 4.487077079158602010e-06
1.328999509161125303e+00 1.172016996264444860e-01 2.341159260688594965e-02 7.689275793211709084e-06 2.224257867228191660e-02 -2.024456300333985978e-04 6.230999113952052111e-06 1.371459564637431431e-03 4.505509101755349443e-06
1.447423612440935869e+00 1.195701174085304352e-01 1.384386496382616731e-02 6.072865528466972877e-06 1.183843868635508709e-02 4.981203144855009084e-04 4.143409857479905654e-06 1.507305962985579532e-03 4.439802977585919303e-06
1.567985526247916539e+00 1.214759416835399786e-01 8.285581560690778724e-03 5.210264183138506930e-06 6.026711376467934651e-03 6.571720523713448121e-04 2.667845174164567352e-06 1.601698131851498393e-03 4.475427910801692315e-06
1.690218820003708267e+00 1.229117991806329413e-01 5.151047454428686265e-03 4.439300948109454919e-06 2.957671782030552553e-03 5.701991750622042825e-04 1.663856308946616466e-06 1.623176497335929213e-03 4.115698615188440260e-06
1.813650596879827770e+00 1.238721348413660411e-01 3.387505051800056288e-03 3.696738770368295364e-06 1.397190355575589566e-03 4.124491173349799562e-04 9.929364787830701327e-07 1.577865578889486821e-03 3.560892400149992630e-06
1.937803323345622220e+00 1.243532333106940474e-01 2.393182818747922533e-03 3.247121259640743092e-06 6.353354427100574168e-04 2.641269959906310597e-04 5.805318972285073309e-07 1.493720380047233948e-03 3.194805031783810864e-06
2.062196676654377558e+00 1.243532333106940474e-01 1.796563548748698110e-03 2.805834380028791158e-06 2.794192750681184995e-04 1.540116062482699689e-04 3.213329225054921017e-07 1.363132667432309696e-03 2.787373624232250315e-06
2.186349403120172230e+00 1.238721348413660411e-01 1.418989625467564951e-03 2.420279555832213250e-06 1.183545735725543055e-04 8.193317077762003525e-05 1.854072755040758239e-07 1.218701881117390624e-03 2.413167476693139136e-06
2.309781179996291733e+00 1.229117991806329413e-01 1.154510451102004577e-03 2.082092364544112979e-06 4.824757594907897758e-05 3.993554436778055147e-05 1.004515566757681619e-07 1.066327330785145095e-03 2.079667785790391535e-06
2.432014473752083461e+00 1.214759416835399786e-01 9.670846882420257610e-04 1.840510128548263141e-06 1.911762524507247269e-05 1.793913707926559083e-05 5.160558000626916626e-08 9.300279259176877280e-04 1.839786508647392070e-06
2.552576387559064131e+00 1.195701174085304352e-01 8.185475041482203305e-04 1.570928136401576269e-06 7.269241790695774015e-06 7.334152572307093831e-06 2.536232536555497198e-08 8.039441097852174966e-04 1.570723388184622670e-06
2.671000490838874697e+00 1.172016996264444860e-01 6.993833541113595202e-04 1.391682669551646591e-06 2.618447602731964667e-06 2.538026752324898697e-06 1.189684403717775389e-08 6.942268797563026827e-04 1.391631818345769389e-06
2.786828623795130078e+00 1.143798512954563029e-01 5.997927619287542807e-04 1.186141873146327612e-06 8.919444051405363412e-07 6.786711440198945762e-07 5.369477760923930863e-09 5.982221463795938093e-04 1.186129719693277707e-06
2.899612669948077759e+00 1.111154896124246089e-01 5.173258623541540256e-04 1.030551608985620385e-06 2.812919464133316613e-07 6.628111835095124139e-08 2.320067721670045820e-09 5.169782892893897211e-04 1.030548997412843952e-06
3.008916289814928646e+00 1.074212437779919482e-01 4.492167146358888260e-04 8.863768269745164888e-07 7.739348502835089021e-08 -7.081836782075822390e-08 9.267531104184359600e-10 4.492101395186812391e-04 8.863763424900758383e-07
3.114316609029300409e+00 1.033114061391617322e-01 3.916203565264972570e-04 7.951960525731082086e-07 1.663351107795651340e-08 -6.008615678532058471e-08 3.264746905814236670e-10 3.916638091722046038e-04 7.951959855545863196e-07
3.215405854369900673e+00 9.880187689893241143e-02 3.424900777918515556e-04 7.021688815433310949e-07 3.657490763273992886e-09 -3.377088458060972646e-08 1.165260323156938887e-10 3.425201911856688795e-04 7.021688718744917183e-07
3.311792931370878712e+00 9.391010260789665887e-02 3.012766127102313538e-04 5.951636655070868062e-07 2.803132746355986573e-10 -9.603295100733186225e-09 2.476124840298276201e-11 3.012859356920574586e-04 5.951636649920020475e-07
3.403104937413644393e+00 8.865500867760589543e-02 2.651371304333121335e-04 5.315154471898657558e-07 2.631679352385725221e-11 2.785342200695668509e-09 5.903819921922137820e-12 2.651343187743179092e-04 5.315154471570773222e-07
3.488988604452137210e+00 8.305692618029526797e-02 2.358692982998658887e-04 4.653125552080960695e-07 1.423605842890510413e-10 5.846698731186461974e-09 1.081284112230852599e-11 2.358633092405504046e-04 4.653125550824627134e-07
3.569111665800798860e+00 7.713751322517464759e-02 2.112622101622459343e-04 4.185753645037070924e-07 2.281716303934542967e-10 6.488597935383749469e-09 1.096706156241107002e-11 2.112554933926801557e-04 4.185753643600335227e-07
3.643164141718671978e+00 7.091967123029155329e-02 1.896497617018168139e-04 3.696878569719637707e-07 1.805278664249413617e-10 5.026032723955708365e-09 7.795932171837076136e-12 1.896445551412264340e-04 3.696878568897639348e-07
3.710859538859891948e+00 6.442745644715602849e-02 1.718318387854198665e-04 3.381609305601676544e-07 1.210794550113917883e-10 3.541883525489269538e-09 5.260446695575916562e-12 1.718281758224393533e-04 3.381609305192517808e-07
3.771935959047226117e+00 5.768598716106990154e-02 1.572626304150688342e-04 2.984469604701608437e-07 7.278975477464186274e-11 2.382185020946325398e-09 3.372535193801112268e-12 1.572601754402931206e-04 2.984469604511055140e-07
3.826157113311583480e+00 5.072134714002515116e-02 1.448534988408560367e-04 2.775304560341932749e-07 3.444719115348368106e-11 1.430052797327173579e-09 1.957658898895434519e-12 1.448520343408675535e-04 2.775304560272887388e-07
3.873313237889755900e+00 4.356048634024929644e-02 1.353055533361818667e-04 2.535660328974476791e-07 1.262794136344542179e-11 7.627609083757562981e-10 1.019537282351143156e-12 1.353047779473321409e-04 2.535660328953980182e-07
3.913221910485615851e+00 3.623112142697915150e-02 1.276642586114371317e-04 2.347968137669742962e-07 2.540436250831651229e-12 3.065643343320985468e-10 3.908793270849677641e-13 1.276639495066665437e-04 2.347968137666489296e-07
3.945728770213384085e+00 2.876164552297147750e-02 1.213500189565108761e-04 2.190477221374394745e-07 5.564926112996785269e-14 4.132024142135143441e-11 5.149197900018962990e-14 1.213499775806201931e-04 2.190477221374334130e-07
3.970708168096011903e+00 2.118109676730323826e-02 1.168946033421214444e-04 2.122852741150231958e-07 4.831675531543875817e-13 -1.132916838413238625e-10 1.358993855084064494e-13 1.168947161506377297e-04 2.122852741149797059e-07
3.988063938864181424e+00 1.351959839149102088e-02 1.139189234708794262e-04 2.031663403277734777e-07 1.800875311796912652e-12 -2.074424357494594459e-10 2.389849374913072125e-13 1.139191291124398605e-04 2.031663403276329231e-07
3.997732808840142038e+00 5.817245106315725722e-03 1.119571423386660534e-04 1.990914499840872523e-07 2.897941056705430451e-12 -2.555711594640206449e-10 2.936025936221868769e-13 1.119573950118844612e-04 1.990914499838707824e-07
4.003400786739787165e+00 8.725867659473588583e-03 1.109374405535692369e-04 1.983924673395143574e-07 3.661805188912848491e-12 -2.832959740241210609e-10 3.051734167279266556e-13 1.109377201877380712e-04 1.983924673392796498e-07
4.017904091703727865e+00 2.027939758723653133e-02 1.088358102134803968e-04 1.948327596676449026e-07 6.022778362991959787e-12 -3.466232031270234139e-10 3.662874911795256588e-13 1.088361508139051598e-04 1.948327596673005837e-07
4.043937747855982145e+00 3.177164515095486086e-02 1.043045366373834251e-04 1.850468655797186822e-07 1.172673153330730757e-11 -4.473228525836338551e-10 4.437764613184660283e-13 1.043049722335044746e-04 1.850468655791865603e-07
4.081406844679923651e+00 4.314246828445721799e-02 9.893837655609387632e-05 1.739742362626064741e-07 2.324143183016824436e-11 -5.589841518366860457e-10 5.265810073110017507e-13 9.893891229881387941e-05 1.739742362618095484e-07
4.130167134271576224e+00 5.434668214046872725e-02 9.106771471365754747e-05 1.605382884060965434e-07 3.871482581980160056e-11 -6.172317223655908212e-10 5.759660431125836841e-13 9.106829323055409884e-05 1.605382884050633220e-07
4.190030143165365928e+00 6.534072951037395161e-02 8.294349180468028177e-05 1.459160003795621021e-07 5.515790956134624595e-11 -6.047702179100802256e-10 5.652816696204902067e-13 8.294404141698862401e-05 1.459160003784671532e-07
4.260764330032624336e+00 7.608202071003772327e-02 7.421504820510636314e-05 1.305132628579657037e-07 7.832829460588080854e-11 -5.666107510468247777e-10 5.246791467524530248e-13 7.421553648756280960e-05 1.305132628569110682e-07
4.342096061429161047e+00 8.652898074160485231e-02 6.517561011526189945e-05 1.131951315762934117e-07 9.554493400260864853e-11 -4.688609136463546144e-10 4.342711476630518314e-13 6.517598343124153700e-05 1.131951315754603812e-07
4.433710691710161633e+00 9.664118467073404273e-02 5.576741444119759085e-05 9.543619251304658897e-08 1.067801802621389830e-10 -3.538104481517904770e-10 3.300927656446792055e-13 5.576766147146548211e-05 9.543619251247572847e-08
4.535253787421991589e+00 1.063795068454373299e-01 4.706583744085107111e-05 7.944498032954642795e-08 1.098740654819369107e-10 -2.438377188930873612e-10 2.305966267880412330e-13 4.706597140450448065e-05 7.944498032921177052e-08
4.646332501298801709e+00 1.157062698377619714e-01 3.889273293501699916e-05 6.608767646704617693e-08 1.038400775933664184e-10 -1.522008753689136056e-10 1.468317120278951426e-13 3.889278129581477385e-05 6.608767646688307015e-08
4.766517093321794185e+00 1.245853892704429089e-01 3.145974813912164232e-05 5.219452767966028570e-08 9.025661870085699469e-11 -8.605818440526476879e-11 8.484596939979211873e-14 3.145974394068734462e-05 5.219452767959132530e-08
4.895342593879533410e+00 1.329825130164088431e-01 2.493274507526489715e-05 4.058413375856458515e-08 7.413106367122821259e-11 -4.475512163073119173e-11 4.528440838580342452e-14 2.493271569932285639e-05 4.058413375853931974e-08
5.032310602943681488e+00 1.408651539118449814e-01 1.938505312829311779e-05 2.923294843332558607e-08 5.695025764975967775e-11 -2.133976949747571959e-11 2.141156337575136217e-14 1.938501751780496402e-05 2.923294843331774440e-08
5.176891218445149434e+00 1.482028153483986310e-01 1.466774047456996619e-05 2.087817653803180424e-08 4.207244137297411310e-11 -9.507385815513802622e-12 8.635159828774306296e-15 1.466770790951440817e-05 2.087817653803002084e-08
5.328525086456050275e+00 1.549671092087425983e-01 1.083902348058631149e-05 1.400934651391934323e-08 2.985568168218723989e-11 -4.060930570905441501e-12 4.633026300868821567e-15 1.083899768583520061e-05 1.400934651391857726e-08
5.486625565277607919e+00 1.611318656669879223e-01 7.828094490693578299e-06 9.925210465844472201e-09 2.054146283855893580e-11 -1.739998828069598576e-12 1.866181549208821028e-15 7.828075689229567813e-06 9.925210465844296839e-09
5.650580995077883806e+00 1.666732344186369064e-01 5.511667256382754614e-06 6.930583809902154131e-09 1.421981563767187039e-11 -8.114891761636806917e-13 9.312191629878788428e-16 5.511653848056293360e-06 6.930583809902091265e-09
5.819757064307304439e+00 1.715697769431844544e-01 3.780388229752610181e-06 4.699088745946866044e-09 9.787224895353170711e-12 -4.254780633047662726e-13 4.012395027931314717e-16 3.780378868005778297e-06 4.699088745946848673e-09
5.993499263741687955e+00 1.758025494396667221e-01 2.511865888289590789e-06 3.161458838307969964e-09 6.724792119461391762e-12 -2.475736452878255500e-13 2.290520301162617028e-16 2.511859411071116756e-06 3.161458838307961693e-09
6.171135418661403804e+00 1.793551761127956667e-01 1.616050859407381781e-06 2.006570821093026083e-09 4.635273040714034539e-12 -1.512327184498458291e-13 1.159977211393604857e-16 1.616046375367059452e-06 2.006570821093022774e-09
6.351978289371874808e+00 1.822139125253099678e-01 1.001668466023767999e-06 1.252440730503202519e-09 3.211392230788587493e-12 -9.235860775418627990e-14 6.527851557552023431e-17 1.001665346990145041e-06 1.252440730503200865e-09
6.535328230005562844e+00 1.843676987709494119e-01 5.950260955214985163e-07 7.432211890938751006e-10 2.235759687558794425e-12 -5.497113765640955177e-14 3.671590811950613744e-17 5.950239147329485684e-07 7.432211890938741701e-10
6.720475895319741433e+00 1.858082022620490548e-01 3.370604915472244805e-07 4.242981836549117350e-10 1.564342721472928459e-12 -3.158484629446186625e-14 2.008204128230493895e-17 3.370589587893493226e-07 4.242981836549112697e-10
6.906704985018433440e+00 1.865298499660410780e-01 1.793336236049393291e-07 2.266378830488915745e-10 1.104845658482404568e-12 -1.752761022207084824e-14 1.087160930723115041e-17 1.793325362868910580e-07 2.266378830488913160e-10
7.093295014981566560e+00 1.865298499660410780e-01 8.986187274817718763e-08 1.134125515905155846e-10 7.834092469013686646e-13 -9.342675754387976233e-15 5.786312657331723795e-18 8.986109868160603416e-08 1.134125515905154424e-10
7.279524104680258567e+00 1.858082022620490548e-01 4.217095081335105087e-08 5.418334353940713806e-11 5.595325990173109734e-13 -4.741769713464430764e-15 3.180471542366151428e-18 4.217039602252174606e-08 5.418334353940704112e-11
7.464671769994437156e+00 1.843676987709494119e-01 1.971795805742742244e-08 2.897189432253483227e-11 4.041377719116005800e-13 -2.281679946900967074e-15 1.737276547961604337e-18 1.971755620133545903e-08 2.897189432253478057e-11
7.648021710628125192e+00 1.822139125253099678e-01 1.134736517824656229e-08 1.936771368018306139e-11 2.963663424748319064e-13 -9.983686330465768126e-16 9.645588162427895019e-19 1.134706981027272100e-08 1.936771368018303554e-11
7.828864581338596196e+00 1.793551761127956667e-01 1.012768201490617446e-08 1.836054657559561669e-11 2.213760799948062769e-13 -3.601825747610162623e-16 4.711481235276986288e-19 1.012746099900875473e-08 1.836054657559561023e-11
8.006500736258312045e+00 1.758025494396667221e-01 1.189611335256399191e-08 1.785089379667133540e-11 1.687511522554758303e-13 -5.408105051472629033e-17 3.206866844683563162e-19 1.189594465549278616e-08 1.785089379667133217e-11
8.180242935692694672e+00 1.715697769431844544e-01 1.438419735943621256e-08 1.839881545070938366e-11 1.313022171504968684e-13 8.130724797711368709e-17 2.022685639405149134e-19 1.438406597591181349e-08 1.839881545070938366e-11
8.349419004922117082e+00 1.666732344186369064e-01 1.657437896551997053e-08 1.910484490462552533e-11 1.041479746103920071e-13 1.322540817348422044e-16 1.491479771233980438e-19 1.657427468529127942e-08 1.910484490462552533e-11
8.513374434722393858e+00 1.611318656669879223e-01 1.795455630108876174e-08 2.006575149258218501e-11 8.402174200906997568e-14 1.424748560739880128e-16 1.160518896419093172e-19 1.795447213687189653e-08 2.006575149258218501e-11
8.671474913543949725e+00 1.549671092087425983e-01 1.854513792595554879e-08 1.999202941835881047e-11 6.876146186067017892e-14 1.345509722517323678e-16 9.237113982856575192e-20 1.854506902994271440e-08 1.999202941835881047e-11
8.823108781554850566e+00 1.482028153483986310e-01 1.848173049278673172e-08 1.975486144033439104e-11 5.694478882526605748e-14 1.197256098918923584e-16 7.314411984459373602e-20 1.848167342827229692e-08 1.975486144033439104e-11
8.967689397056318512e+00 1.408651539118449814e-01 1.786588127995782687e-08 1.849122707391141142e-11 4.763451683768290311e-14 1.032253349694810471e-16 5.880450300953479105e-20 1.786583354221565308e-08 1.849122707391141142e-11
9.104657406120466590e+00 1.329825130164088431e-01 1.699653355541882641e-08 1.748965040568682564e-11 4.020540575184438386e-14 8.760998056732376488e-17 5.029947938007476305e-20 1.699649326240309487e-08 1.748965040568682564e-11
9.233482906678204927e+00 1.245853892704429089e-01 1.592332358561800620e-08 1.617080123566559616e-11 3.422969351040326848e-14 7.376815122013200167e-17 4.084690617051887700e-20 1.592328928215634532e-08 1.617080123566559616e-11
9.353667498701199179e+00 1.157062698377619714e-01 1.475678985489043512e-08 1.516672968498609044e-11 2.940388613960264498e-14 6.210812683144928649e-17 3.421427222153871252e-20 1.475676038889616811e-08 1.516672968498609044e-11
9.464746212578008411e+00 1.063795068454373299e-01 1.363562329556355195e-08 1.374726259389554038e-11 2.550361192892926325e-14 5.249880136005342678e-17 2.883628438629150499e-20 1.363559773945282230e-08 1.374726259389554038e-11
9.566289308289837479e+00 9.664118467073404273e-02 1.259129047435951860e-08 1.266541966562792065e-11 2.235670641633525380e-14 4.463448342192938713e-17 2.484173134402828068e-20 1.259126807301861860e-08 1.266541966562792065e-11
9.657903938570839841e+00 8.652898074160485231e-02 1.161934778002921936e-08 1.176732263220037286e-11 1.982750408259337755e-14 3.839410740056642474e-17 2.127573585109939941e-20 1.161932791413102914e-08 1.176732263220037286e-11
9.739235669967374776e+00 7.608202071003772327e-02 1.079840005674991567e-08 1.087481823923342654e-11 1.780761817637289168e-14 3.344265661009865613e-17 1.854604260898667634e-20 1.079838221568908295e-08 1.087481823923342654e-11
9.809969856834634072e+00 6.534072951037395161e-02 1.007016622060586668e-08 1.005636556386756760e-11 1.621027359464987194e-14 2.957620437417181681e-17 1.652343939596456825e-20 1.007014998075606823e-08 1.005636556386756760e-11
9.869832865728422888e+00 5.434668214046872725e-02 9.481183147920407039e-09 9.438914552061773947e-12 1.496652103960016732e-14 2.659842044848035264e-17 1.484576127105894902e-20 9.481168154800946841e-09 9.438914552061773947e-12
9.918593155320076349e+00 4.314246828445721799e-02 9.010512217444078190e-09 9.048846865824335450e-12 1.402246884306720821e-14 2.436522106523865292e-17 1.369773459173583738e-20 9.010498170610014034e-09 9.048846865824335450e-12
9.956062252144018743e+00 3.177164515095486086e-02 8.674488351676830540e-09 8.693535440732963049e-12 1.333713266461608916e-14 2.274748196697987836e-17 1.289996576681726306e-20 8.674474991796684090e-09 8.693535440732963049e-12
9.982095908296273024e+00 2.027939758723653133e-02 8.424372107601832205e-09 8.424332834484315100e-12 1.288073738929739079e-14 2.169744626197983349e-17 1.231519353097720991e-20 8.424359205166997144e-09 8.424332834484315100e-12
9.996599213260212835e+00 8.725867659473588583e-03 8.285555757036997903e-09 8.302503852213854413e-12 1.263335456803253755e-14 2.114010828010037904e-17 1.198431698403368744e-20 8.285543102542321897e-09 8.302503852213854413e-12
