# q, q weight, n(q), n(q) error, I, \delta U + \delta U^\dagger, \delta U + \delta U^\dagger error, \delta U^2, \delta U^2 error
# 
1.133595579928980968e-03 2.908622553157862861e-03 1.558000362725616483e+00 1.999747933827152827e-03 1.897085204742049225e+00 -3.460398006004038463e-01 1.994820219183005526e-03 6.954958583971298201e-03 1.403000070728186441e-04
5.968030567909288209e-03 6.759799195745510442e-03 1.558323429122250303e+00 2.007415659288565388e-03 1.897427455992409362e+00 -3.460602858591273479e-01 2.002510619868939044e-03 6.956258988968241387e-03 1.402456647068404288e-04
1.464591595199415952e-02 1.059054838365161913e-02 1.560005201931076391e+00 2.042869660797365285e-03 1.899208450228322853e+00 -3.461609264329718050e-01 2.038055298920110007e-03 6.957678135725410204e-03 1.401679333870727527e-04
2.713561489330795773e-02 1.438082276148573875e-02 1.564891281144798585e+00 2.139898696179342794e-03 1.904382094399883485e+00 -3.464484636939836881e-01 2.135307551893770184e-03 6.957650438898812378e-03 1.401002809971641666e-04
4.338904475719207454e-02 1.811556071348957575e-02 1.575521728604027949e+00 2.336107116181483298e-03 1.915633025842549353e+00 -3.470652435162794314e-01 2.331902946916399304e-03 6.953946277758070796e-03 1.400896300101391707e-04
6.334338105512204997e-02 2.178024317012464822e-02 1.593554482468872768e+00 2.476571516369908098e-03 1.936127722392594119e+00 -3.491603230857144302e-01 2.472403721312242328e-03 6.587083161993109552e-03 1.436186427178655887e-04
8.692144334420814911e-02 2.536067357001257558e-02 1.624756544008788994e+00 2.595692113261544812e-03 1.969064021943762288e+00 -3.508660345107964540e-01 2.591695281459332600e-03 6.558556575823058614e-03 1.439899819765792267e-04
1.140320204763869416e-01 2.884299358053495077e-02 1.670240111543459749e+00 2.762657211242444504e-03 2.016976885417680609e+00 -3.532537993194464487e-01 2.758866633340321169e-03 6.517025445225582171e-03 1.446712351206059794e-04
1.445702305700539148e-01 3.221372822357801424e-02 1.730989065963429940e+00 2.976524096822256733e-03 2.080824629929199254e+00 -3.562950367265870777e-01 2.972951960400746930e-03 6.459472760817858324e-03 1.457818236712249676e-04
1.784179291406640111e-01 3.545983561514577664e-02 1.805596590881766605e+00 3.231492474084678504e-03 2.158987652470080398e+00 -3.597740962568155565e-01 3.228125680581631508e-03 6.383034668501857273e-03 1.474727108155694094e-04
2.154441670996006808e-01 3.856875661258732380e-02 1.892238061925693327e+00 3.314973484348495911e-03 2.246435591715599145e+00 -3.607355710254614989e-01 3.311552820797447963e-03 6.538041235555824490e-03 1.505560261234081647e-04
2.555056977739315061e-01 4.152846309014763398e-02 1.977110393057944560e+00 3.447230730870394066e-03 2.334406294712529029e+00 -3.636923442210689417e-01 3.443901564307943770e-03 6.396442566484379817e-03 1.514652673537045377e-04
2.984475312931776925e-01 4.432750433880294771e-02 2.052203750389657966e+00 3.577129143250656201e-03 2.410911251512417586e+00 -3.649355536404320088e-01 3.573841966076039822e-03 6.228052517672567553e-03 1.533183257374035470e-04
3.441035343145606440e-01 4.695505130394832943e-02 2.105032232956955074e+00 3.699342722417079711e-03 2.462200947762624992e+00 -3.632049590843786091e-01 3.696030876809237517e-03 6.036244278708914959e-03 1.565002733957627980e-04
3.922970728150497743e-01 4.940093844946620572e-02 2.123621731313585226e+00 3.808591978662704321e-03 2.475018660964721118e+00 -3.572246725265677547e-01 3.805166865080134714e-03 5.827742875431643314e-03 1.614868069847010326e-04
4.428416954853499066e-01 5.165570306958086610e-02 2.104146332635523198e+00 3.408888669640588748e-03 2.439144449590352259e+00 -3.408949999071229087e-01 3.405971220193146094e-03 5.896882952293725638e-03 1.410035787488947065e-04
4.955418550925357879e-01 5.371062188899597412e-02 2.031315488543566694e+00 3.297341404503874914e-03 2.349547376681639932e+00 -3.239446634599713604e-01 3.294337244710139785e-03 5.712775321898201468e-03 1.407211994377251610e-04
5.501936650259612316e-01 5.555774480621230443e-02 1.911688360778846851e+00 3.162545290490429567e-03 2.207517024843669073e+00 -3.013839003007264261e-01 3.159295820290754925e-03 5.555236235904107735e-03 1.433270187248824625e-04
6.065856881024348501e-01 5.718992564772815146e-02 1.752363488497366228e+00 3.004721722313348151e-03 2.020467992470678098e+00 -2.735437175114498465e-01 3.000989603853686152e-03 5.439213538138050648e-03 1.497131460620202477e-04
6.644997545805626515e-01 5.860084981322224301e-02 1.564393836262792048e+00 2.826913522166650972e-03 1.800526317464284043e+00 -2.415111537359304339e-01 2.822347877522051341e-03 5.378672534438461508e-03 1.606004983038137668e-04
7.237118062204679347e-01 5.978505870426521762e-02 1.358075275385265179e+00 2.409309364774684954e-03 1.562342880970861270e+00 -2.097353925408484698e-01 2.405107417660186896e-03 5.467786955252399404e-03 1.422319398269698972e-04
7.839927631239582695e-01 6.073797084176998928e-02 1.152357047827313963e+00 2.139386940195376046e-03 1.320732033755326551e+00 -1.738709873100933723e-01 2.134633481927560722e-03 5.496001382080906335e-03 1.425355314030600951e-04
8.451094100018541333e-01 6.145589959031647065e-02 9.549716400361768498e-01 1.888823628225136603e-03 1.088681452921099746e+00 -1.393035711797340759e-01 1.883016307010981685e-03 5.593758294811184903e-03 1.480009664572961561e-04
9.068252984399138850e-01 6.193606742068302057e-02 7.741040371296612488e-01 1.659613535650042004e-03 8.760676833347833536e-01 -1.077233694722916912e-01 1.652048211945077952e-03 5.759723267169601993e-03 1.582839003875772426e-04
9.689016616728111098e-01 6.217661665534702370e-02 6.148799411425668326e-01 1.450673114296486318e-03 6.891540342391125895e-01 -8.026170905875147643e-02 1.440366278983007484e-03 5.987615962205734312e-03 1.726194279660065952e-04
1.031098338327188779e+00 6.217661665534702370e-02 4.788741731920244660e-01 1.158804618491132048e-03 5.307562984994140809e-01 -5.816725641912035699e-02 1.146982692020960884e-03 6.285131111730755081e-03 1.651025379596807955e-04
1.093174701560086115e+00 6.193606742068302057e-02 3.675296683511388163e-01 9.636312195665231155e-04 4.008523260063004412e-01 -3.991903916315418105e-02 9.490107558180825142e-04 6.596381507992567401e-03 1.672235410008306221e-04
1.154890589998145867e+00 6.145589959031647065e-02 2.784539840924957765e-01 8.044775428042576530e-04 2.973971719930624813e-01 -2.586330954157844975e-02 7.854912256955586284e-04 6.920121641011751923e-03 1.737459387486947973e-04
1.216007236876041731e+00 6.073797084176998928e-02 2.088707715837208878e-01 6.763060892282418734e-04 2.171420267681522798e-01 -1.551250633695464530e-02 6.509147525051108994e-04 7.241251152523244666e-03 1.835753559125212736e-04
1.276288193779532065e+00 5.978505870426521762e-02 1.556270121990549482e-01 5.746186706711242610e-04 1.563267855991995747e-01 -8.245900718692050768e-03 5.402990518365983260e-04 7.546127318547425113e-03 1.956107135826734794e-04
1.335500245419437348e+00 5.860084981322224301e-02 1.157968989748174166e-01 4.563541848609162493e-04 1.111908719434583637e-01 -3.560937658635392015e-03 4.218528858288160739e-04 8.166964689994452714e-03 1.740668973641202504e-04
1.393414311897565039e+00 5.718992564772815146e-02 8.611932986460223149e-02 3.786715797698436453e-04 7.829810956065928751e-02 -6.220808345382809355e-04 3.344805938019237111e-04 8.443301138481231968e-03 1.775243580337683533e-04
1.449806334974038879e+00 5.555774480621230443e-02 6.440174437793569351e-02 3.230932524711350811e-04 5.470399230099087795e-02 1.030652486923659553e-03 2.674128220201832254e-04 8.667099590021152752e-03 1.813274177050411089e-04
1.504458144907464323e+00 5.371062188899597412e-02 4.867032201582301848e-02 2.842779069959893703e-04 3.800622203166161006e-02 1.829438625918195166e-03 2.157078256566151669e-04 8.834661358243211735e-03 1.851595591821164708e-04
1.557158304514650204e+00 5.165570306958086610e-02 3.736288254671875364e-02 2.578037754634547054e-04 2.632010629336922411e-02 2.096804007663601813e-03 1.755321323786245274e-04 8.945972245685929886e-03 1.888154049483897897e-04
1.607702927184950337e+00 4.940093844946620572e-02 2.954098339624463762e-02 2.299431262971512622e-04 1.821371744052339287e-02 2.182875044334755404e-03 1.337360637247148173e-04 9.144390911386489351e-03 1.870521493881497157e-04
1.655896465685439356e+00 4.695505130394832943e-02 2.376306742942153535e-02 2.147803509138847288e-04 1.262771290419701514e-02 1.970824433598643895e-03 1.065131939500443402e-04 9.164530091625875882e-03 1.865088165563539972e-04
1.701552468706822197e+00 4.432750433880294771e-02 1.963404724453328420e-02 2.043159148666977775e-04 8.795586355922408936e-03 1.700198355187800383e-03 8.569512357623523509e-05 9.138262533423072501e-03 1.854759792077385438e-04
1.744494302226068605e+00 4.152846309014763398e-02 1.667253657228381231e-02 1.968059612387351037e-04 6.172827175111540374e-03 1.426232144110121556e-03 6.968647284213023356e-05 9.073477253062151027e-03 1.840553772154607704e-04
1.784555832900399430e+00 3.856875661258732380e-02 1.453434986439667946e-02 1.911404615727867629e-04 4.378419300104043760e-03 1.177008110344045320e-03 5.730974084665102410e-05 8.978922453948590815e-03 1.823465646902832813e-04
1.821582070859335989e+00 3.545983561514577664e-02 1.292612787079272518e-02 1.709668185304371853e-04 3.148973489504681804e-03 9.184808679461605287e-04 4.493603388451777538e-05 8.858673513341883826e-03 1.649557695176161816e-04
1.855429769429945974e+00 3.221372822357801424e-02 1.179512884202253004e-02 1.661879620917740188e-04 2.304142401959947874e-03 7.568132588883186122e-04 3.709586472898088785e-05 8.734173181174262682e-03 1.619948627710955278e-04
1.885967979523613058e+00 2.884299358053495077e-02 1.095362247262721134e-02 1.622202011707010033e-04 1.721326181209347026e-03 6.258725157333963921e-04 3.111566986365180089e-05 8.606423775684468244e-03 1.592080674991029979e-04
1.913078556655791740e+00 2.536067357001257558e-02 1.032171329892126767e-02 1.588873490287223721e-04 1.317618374337000634e-03 5.223496986915329840e-04 2.655146080804439209e-05 8.481745225892733941e-03 1.566531506556249442e-04
1.936656618944877950e+00 2.178024317012464822e-02 9.844708855060566380e-03 1.560921748210174805e-04 1.037171239636283833e-03 4.421517005668713354e-04 2.307879119426175355e-05 8.365385914857411537e-03 1.543766058616613914e-04
1.956610955242807925e+00 1.811556071348957575e-02 9.417400445419972857e-03 1.545506086639802359e-04 8.424935718527068289e-04 4.055217571122127088e-04 2.059316486905620993e-05 8.169385116455053428e-03 1.531724916526548978e-04
1.972864385106692042e+00 1.438082276148573875e-02 9.142201738275103351e-03 1.521475213025642588e-04 7.085389743971574547e-04 3.586333156493840923e-04 1.851171900209686017e-05 8.075029448228561099e-03 1.510171662364966083e-04
1.985354084048005952e+00 1.059054838365161913e-02 8.948457283041921437e-03 1.503488068709391944e-04 6.187429706578883009e-04 3.254122657019083587e-04 1.704251220365655747e-05 8.004302046682124777e-03 1.493797727448505238e-04
1.994031969432090712e+00 6.759799195745510442e-03 8.813113243727979662e-03 1.490448555820661372e-04 5.624096429824906439e-04 3.037163351567667507e-04 1.608383232591066578e-05 7.946987265588721996e-03 1.481744894143082283e-04
1.998866404420071019e+00 2.908622553157862861e-03 8.746898520079092118e-03 1.483768969066951034e-04 5.330281570637549664e-04 2.921090958970023934e-04 1.557079317301676678e-05 7.921761267118335517e-03 1.475576292016890522e-04
2.004534382319715924e+00 1.163449021263145144e-02 8.746303917078031981e-03 1.432843817495112399e-04 5.003082045745198487e-04 2.713242943966408336e-04 1.462096687421859821e-05 7.974671418106871190e-03 1.425364563225937442e-04
2.023872122271637153e+00 2.703919678298204177e-02 8.491576669597700883e-03 1.405730943166325856e-04 4.015699156434258303e-04 2.295306311550635221e-04 1.279885947953192276e-05 7.860476122799211693e-03 1.399892283062381768e-04
2.058583663807976638e+00 4.236219353460647652e-02 8.079862347218217875e-03 1.357795169458279839e-04 2.665142650352090876e-04 1.665804558582995346e-04 1.002328012678301371e-05 7.646767626324708737e-03 1.354090509439543407e-04
2.108542459573231831e+00 5.752329104594295500e-02 7.564906802945058246e-03 1.290114929337335468e-04 1.421423214812375137e-04 9.964191284254281039e-05 6.945824175907073798e-06 7.323122568621278153e-03 1.288243798180614815e-04
2.173556179028768298e+00 7.246224285395830300e-02 6.985822713033035432e-03 1.203916842754688542e-04 5.803484372978441700e-05 4.527114652503392813e-05 4.174144587042567261e-06 6.882516722778217466e-03 1.203193008608786614e-04
2.253373524220488200e+00 8.712097268049859289e-02 6.385595872163046631e-03 1.064005854645332154e-04 1.728949164970360815e-05 1.612763669020083942e-05 1.803986108692437165e-06 6.352178743823141960e-03 1.063852913767456942e-04
2.347685773376832596e+00 1.014426942800503023e-01 5.700457768524400289e-03 9.399406984922550597e-05 5.076273329092388556e-06 1.541749506153571315e-06 8.229551980128469519e-07 5.693839745689154540e-03 9.399046713131680917e-05
2.456128081905547766e+00 1.153719743221398031e-01 4.980303215882480455e-03 8.121697893169501346e-05 4.019100702386467665e-06 -1.097216458557671077e-06 7.350548959654818522e-07 4.977381331638651776e-03 8.121365255356582631e-05
2.578280922280215659e+00 1.288549128943120570e-01 4.251212299501102611e-03 6.888460766895850051e-05 4.037694838193010453e-06 -7.828176880727998832e-08 6.499941979704871954e-07 4.247252886431717063e-03 6.888154093259631636e-05
2.713671716562656044e+00 1.418393424605831066e-01 3.548992824105502535e-03 5.765471963811224447e-05 2.791603436174597902e-06 4.190571721098171402e-07 4.445565980380905944e-07 3.545782163497218295e-03 5.765300569771246897e-05
2.861776668398402723e+00 1.542750264503492952e-01 2.923010137261951562e-03 4.546015607710955137e-05 1.283302987964054142e-06 5.003982905045354381e-07 1.365932338881769729e-07 2.921226435983483114e-03 4.545995086714917170e-05
3.022022791095726024e+00 1.661138523605905359e-01 2.349745246504515456e-03 3.511016168275623466e-05 3.818275019406949514e-07 -2.971198801801495260e-08 4.941592492952328189e-08 2.349393130990592906e-03 3.511012690742725591e-05
3.193790125172710770e+00 1.773100173552117909e-01 1.860908285724525730e-03 2.694575331190363692e-05 6.840148509535651142e-08 -9.759623642045359423e-08 1.401587659255270926e-08 1.860937480475850737e-03 2.694574966671309984e-05
3.376414137258242576e+00 1.878202052157933177e-01 1.450200560292723472e-03 2.056642668758208281e-05 1.174763939149065861e-08 1.287278573186715299e-08 3.726265836087209338e-09 1.450175939867600142e-03 2.056642635001597696e-05
3.569188291260199097e+00 1.976037537978648229e-01 1.109088918402036973e-03 1.554980684307182598e-05 7.779336413965895190e-09 5.549470251812681717e-08 1.852296212193716873e-09 1.109025644363104786e-03 1.554980673274887118e-05
3.771366781941399626e+00 2.066228122783234644e-01 8.282405432847146859e-04 9.897649766182274088e-06 4.479126537370578858e-09 3.459462664954703658e-08 5.504420366261441103e-10 8.282014695315277879e-04 9.897649750876295557e-06
3.982167420370143152e+00 2.148424875559838965e-01 6.049371484840445571e-04 6.909921748560823286e-06 1.390952839994867629e-09 1.100306467271848666e-08 1.485013022996880978e-10 6.049247544665318490e-04 6.909921746965101305e-06
4.200774660103844482e+00 2.222309792248492177e-01 4.308935587997921469e-04 4.744222009629065895e-06 2.181433773202132087e-10 1.874394510980930542e-09 2.707394365182081853e-11 4.308914662619038475e-04 4.744222009551813949e-06
4.426342752409739845e+00 2.287597025909126058e-01 2.989951511184716650e-04 3.195989453575801716e-06 9.556683050050501811e-12 1.162467564712015496e-10 2.430209173957584740e-12 2.989950253150321677e-04 3.195989453574877603e-06
4.657999018322250606e+00 2.344033992528889720e-01 2.019067402758233489e-04 2.108184686303345077e-06 1.546429158592216050e-12 -7.184976217070203763e-12 3.743253811430367629e-13 2.019067459143704054e-04 2.108184686303312043e-06
4.894847224881871739e+00 2.391402348170608705e-01 1.349540864216056395e-04 1.327916472377379286e-06 4.975358965919242467e-12 1.897703254960112752e-12 1.214500572057176182e-13 1.349540795485434073e-04 1.327916472377373780e-06
5.135971052495833078e+00 2.429518833670799571e-01 8.605864662338048626e-05 8.186364176909321367e-07 4.643682992861335565e-12 1.208646635036547672e-12 5.680198270546344354e-14 8.605864077105085191e-05 8.186364176909301250e-07
5.380437640007416533e+00 2.458235983612658826e-01 5.317428420728889763e-05 4.916070239293513613e-07 3.077865363725882717e-12 1.337687249907806678e-13 2.594941548730716842e-14 5.317428099565480717e-05 4.916070239293507260e-07
5.627301193759655540e+00 2.477442696827320823e-01 3.175561602534368838e-05 2.868454813161772522e-07 1.777758735485341809e-12 -8.811116177986917080e-15 9.504455254215439070e-15 3.175561425639606978e-05 2.868454813161770934e-07
5.875606646691243995e+00 2.487064666213880948e-01 1.826619978900178353e-05 1.621242220870363554e-07 1.049695455338570823e-12 1.453038497048903455e-14 3.330990991555067240e-15 1.826619872477594459e-05 1.621242220870363024e-07
6.124393353308755117e+00 2.487064666213880948e-01 9.985249660763166374e-06 8.829116687183892875e-08 6.776960157984057657e-13 1.625037472340410418e-14 5.777615633849649298e-16 9.985248966816775748e-06 8.829116687183892875e-08
6.372698806240344460e+00 2.477442696827320823e-01 5.234465419103956829e-06 4.514291534824026386e-08 4.450448000914086923e-13 5.243020105220216564e-15 2.188879606444571462e-16 5.234464968816137001e-06 4.514291534824026386e-08
6.619562359992583467e+00 2.458235983612658826e-01 2.586738890279484011e-06 2.200895022475424614e-08 2.756596017798012465e-13 4.380699593434423534e-16 9.030427763419278547e-17 2.586738614181812064e-06 2.200895022475424614e-08
6.864028947504166922e+00 2.429518833670799571e-01 1.189792459159041541e-06 1.016718311200325405e-08 1.703233353046292402e-13 -1.774393472260002078e-16 3.824956964985271907e-17 1.189792289013145641e-06 1.016718311200325405e-08
7.105152775118128261e+00 2.391402348170608705e-01 5.033222060615209475e-07 4.423453147957762032e-09 1.179110816645024239e-13 -2.186814420564816025e-17 1.704503697145831628e-17 5.033220881723074527e-07 4.423453147957762032e-09
7.342000981677749394e+00 2.344033992528889720e-01 2.016593466817941078e-07 1.672996935072945757e-09 8.907206356701426737e-14 8.434245115043564539e-18 5.004503945747557453e-18 2.016592576012963000e-07 1.672996935072945757e-09
7.573657247590260155e+00 2.287597025909126058e-01 8.579239141852772132e-08 1.020093296152111463e-09 6.726156739582037253e-14 2.353093998913215512e-18 2.560993840877191952e-18 8.579232415460723203e-08 1.020093296152111463e-09
7.799225339896155518e+00 2.222309792248492177e-01 5.751445716762110170e-08 1.336953687457169164e-09 5.111693749667328517e-14 5.549380138691897416e-19 1.604354226823369357e-18 5.751440605012866557e-08 1.336953687457169164e-09
8.017832579629857293e+00 2.148424875559838965e-01 6.282016713634508001e-08 1.717457026754581048e-09 4.035810306590065614e-14 2.211359724584566448e-18 1.227763099891289454e-18 6.282012677603065844e-08 1.717457026754581048e-09
8.228633218058600818e+00 2.066228122783234644e-01 7.617273349929059930e-08 1.954536648200521022e-09 3.211079417612844159e-14 2.972644932775793028e-18 1.002972160644635234e-18 7.617270138552378077e-08 1.954536648200521022e-09
8.430811708739801347e+00 1.976037537978648229e-01 8.914002170381435292e-08 8.389987414576341726e-10 2.464994333898679509e-14 2.932248627610253716e-18 4.028038504682109649e-19 8.913999705093876664e-08 8.389987414576341726e-10
8.623585862741757424e+00 1.878202052157933177e-01 9.474179206468446724e-08 8.706599836807163085e-10 1.838509666841983145e-14 1.731756829388888651e-18 3.193573289403153530e-19 9.474177367785603546e-08 8.706599836807163085e-10
8.806209874827288786e+00 1.773100173552117909e-01 9.520886788360066624e-08 8.652150389149268758e-10 1.398575824470907738e-14 7.570916561604366314e-19 2.633831959035812008e-19 9.520885389708532704e-08 8.652150389149268758e-10
8.977977208904274420e+00 1.661138523605905359e-01 9.193295711660989717e-08 8.322601674293512795e-10 1.127389776604660705e-14 1.664111334198819759e-19 2.213331920105357339e-19 9.193294584254571650e-08 8.322601674293512795e-10
9.138223331601597721e+00 1.542750264503492952e-01 8.639664792046001591e-08 7.822570418743001674e-10 9.576811285782232180e-15 -8.565293606279856521e-20 1.884277726443425639e-19 8.639663834373438713e-08 7.822570418743001674e-10
9.286328283437343956e+00 1.418393424605831066e-01 8.041084153558559976e-08 6.649645737475432501e-10 8.343307662133729819e-15 8.277405744900994840e-21 1.392348139458429631e-19 8.041083319226965733e-08 6.649645737475432501e-10
9.421719077719783897e+00 1.288549128943120570e-01 7.357194011742151663e-08 6.013771029627335327e-10 7.332541597349504998e-15 -2.293672812092334320e-21 1.187906862086569105e-19 7.357193278488221920e-08 6.013771029627335327e-10
9.543871918094453122e+00 1.153719743221398031e-01 6.708482758970441989e-08 5.435006760159581620e-10 6.494958809458231975e-15 2.853828950112665328e-20 1.031838750285488372e-19 6.708482109471707112e-08 5.435006760159581620e-10
9.652314226623166959e+00 1.014426942800503023e-01 6.126030767863035246e-08 4.929264400661138944e-10 5.828651226080201768e-15 7.099226700947017804e-20 9.142748747425980737e-20 6.126030184990813504e-08 4.929264400661138944e-10
9.746626475779510912e+00 8.712097268049859289e-02 5.624839549895647575e-08 4.502138879348489906e-10 5.319201374228544406e-15 1.118186974243846328e-19 8.270786305716146271e-20 5.624839017964328080e-08 4.502138879348489906e-10
9.826443820971231702e+00 7.246224285395830300e-02 5.189853090438748979e-08 4.112598294460794872e-10 4.938485297495146104e-15 1.752774812637475957e-19 7.436056699268307740e-20 5.189852596572691762e-08 4.112598294460794872e-10
9.891457540426767281e+00 5.752329104594295500e-02 4.861769403381683160e-08 3.833339295503444023e-10 4.658150331110584524e-15 2.012483772171484504e-19 6.878783808537248723e-20 4.861768937546524987e-08 3.833339295503444023e-10
9.941416336192023806e+00 4.236219353460647652e-02 4.615992781228466233e-08 3.626162656818618260e-10 4.457448380553442900e-15 2.186292155818300490e-19 6.487956799445988591e-20 4.615992335461765202e-08 3.626162656818618260e-10
9.976127877728362847e+00 2.703919678298204177e-02 4.448804271348380477e-08 3.486166800974813514e-10 4.323981042923236414e-15 2.290491523125614855e-19 6.233787076271052488e-20 4.448803838927371083e-08 3.486166800974813514e-10
9.995465617680284964e+00 1.163449021263145144e-02 4.357008671627737778e-08 3.409612035811157652e-10 4.251366730566907881e-15 2.341835668163625648e-19 6.097954949270819690e-20 4.357008246467646347e-08 3.409612035811157652e-10
