0.00100
0.01917
0.03734
0.05552
0.07369
0.09186
0.11003
0.12820
0.14637
0.16455
0.18272
0.20089
0.21906
0.23723
0.25540
0.27358
0.29175
0.30992
0.32809
0.34626
0.36443
0.38261
0.40078
0.41895
0.43712
0.45529
0.47346
0.49164
0.50981
0.52798
0.54615
0.56432
0.58249
0.60067
0.61884
0.63701
0.65518
0.67335
0.69153
0.70970
0.72787
0.74604
0.76421
0.78238
0.80056
0.81873
0.83690
0.85507
0.87324
0.89141
0.90959
0.92776
0.94593
0.96410
0.98227
1.00044
1.01862
1.03679
1.05496
1.07313
1.09130
1.10947
1.12765
1.14582
1.16399
1.18216
1.20033
1.21851
1.23668
1.25485
1.27302
1.29119
1.30936
1.32754
1.34571
1.36388
1.38205
1.40022
1.41839
1.43657
1.45474
1.47291
1.49108
1.50925
1.52742
1.54560
1.56377
1.58194
1.60011
1.61828
1.63645
1.65463
1.67280
1.69097
1.70914
1.72731
1.74548
1.76366
1.78183
1.80000
