6.75077e+04
6.75077e+04
6.75076e+04
6.35465e+04
4.22421e+04
2.96964e+04
2.12922e+04
1.57669e+04
1.16004e+04
9.00995e+03
6.83700e+03
5.41204e+03
4.20024e+03
3.31808e+03
2.56896e+03
2.03847e+03
1.67096e+03
1.35055e+03
1.07392e+03
8.93284e+02
7.84925e+02
6.39388e+02
5.53131e+02
4.75031e+02
4.04661e+02
3.41654e+02
3.12807e+02
2.60038e+02
2.13581e+02
1.92640e+02
1.54906e+02
1.38082e+02
1.22536e+02
9.49972e+01
8.29516e+01
6.19924e+01
5.30092e+01
3.77242e+01
3.13380e+01
2.57134e+01
1.65998e+01
9.97873e+00
7.46445e+00
2.61289e+00
1.07208e+00
3.04341e-01
2.84983e-01
2.67409e-01
2.51667e-01
2.37723e-01
2.25501e-01
2.14892e-01
2.05786e-01
1.98061e-01
1.91619e-01
1.86358e-01
1.82205e-01
1.79088e-01
1.76963e-01
1.75793e-01
1.74433e-01
1.69880e-01
1.62053e-01
1.51532e-01
1.39069e-01
1.25474e-01
1.11505e-01
9.77765e-02
8.47182e-02
7.25894e-02
6.15208e-02
5.15602e-02
4.27065e-02
3.49312e-02
2.81896e-02
2.24256e-02
1.75722e-02
1.35525e-02
1.02811e-02
7.66695e-03
5.61712e-03
4.04056e-03
2.85169e-03
1.97305e-03
1.33691e-03
8.85998e-04
5.73312e-04
3.61407e-04
2.21265e-04
1.31001e-04
7.45392e-05
4.03840e-05
2.05301e-05
9.55490e-06
3.89055e-06
1.26152e-06
2.66400e-07
7.66600e-08
2.26772e-07
4.72759e-07
6.99988e-07
8.65210e-07
9.61536e-07
9.98293e-07
9.90125e-07
9.51619e-07
8.95038e-07
8.29714e-07
7.62233e-07
6.96924e-07
6.36409e-07
5.82095e-07
5.34575e-07
4.93928e-07
4.59941e-07
4.32257e-07
4.10478e-07
3.63955e-07
2.26984e-07
0.00000e+00
