#        q              total               1              \delta U         \delta U^2    

     0.001185        2.938163e+08      2.938229e+08     -6.780791e+03      1.541002e+02   
     0.006239        1.507445e+08      1.507492e+08     -4.825023e+03      1.094480e+02   
     0.015318        8.330378e+07      8.330726e+07     -3.578314e+03      1.005559e+02   
     0.028399        1.927683e+07      1.927845e+07     -1.717520e+03      9.794386e+01   
     0.045447        1.370666e+07      1.370800e+07     -1.443910e+03      9.654087e+01   
     0.066417        1.028186e+07      1.028301e+07     -1.244934e+03      9.548206e+01   
     0.091251        7.601966e+06      7.602935e+06     -1.063120e+03      9.421948e+01   
     0.119882        5.531308e+06      5.532113e+06     -8.975843e+02      9.248484e+01   
     0.152235        4.307533e+06      4.308224e+06     -7.805012e+02      9.009197e+01   
     0.188220        3.318224e+06      3.318808e+06     -6.711916e+02      8.689299e+01   
     0.227742        2.525978e+06      2.526465e+06     -5.697972e+02      8.278063e+01   
     0.270694        2.090952e+06      2.091374e+06     -5.002224e+02      7.769765e+01   
     0.316959        1.720239e+06      1.720601e+06     -4.335148e+02      7.165434e+01   
     0.366414        1.556528e+06      1.556853e+06     -3.895511e+02      6.474884e+01   
     0.418925        1.267815e+06      1.268086e+06     -3.278352e+02      5.717839e+01   
     0.474351        1.025181e+06      1.025403e+06     -2.709285e+02      4.925331e+01   
     0.532541        9.192276e+05      9.194182e+05     -2.320451e+02      4.139188e+01   
     0.593339        7.345060e+05      7.346564e+05     -1.844671e+02      3.409605e+01   
     0.656582        5.818138e+05      5.819294e+05     -1.435346e+02      2.791009e+01   
     0.722098        5.160259e+05      5.161189e+05     -1.163288e+02      2.334739e+01   
     0.789711        4.029033e+05      4.029699e+05     -8.739290e+01      2.079957e+01   
     0.859239        3.546211e+05      3.546700e+05     -6.935065e+01      2.043114e+01   
     0.930495        2.724021e+05      2.724317e+05     -5.170202e+01      2.209121e+01   
     1.003286        2.067244e+05      2.067381e+05     -3.903871e+01      2.526888e+01   
     1.077416        1.548111e+05      1.548121e+05     -3.018160e+01      2.912986e+01   
     1.152685        9.756344e+04      9.755295e+04     -2.215480e+01      3.265259e+01   
     1.228890        5.916634e+04      5.914790e+04     -1.641163e+01      3.484936e+01   
     1.305826        3.379501e+03      3.348255e+03     -3.770707e+00      3.501645e+01   
     1.383286        3.317597e+01      2.842446e-01     -3.356287e-02      3.292528e+01   
     1.461060        2.887452e+01      0.000000e+00      0.000000e+00      2.887452e+01   
     1.538940        2.357233e+01      0.000000e+00      0.000000e+00      2.357233e+01   
     1.616714        1.789541e+01      0.000000e+00      0.000000e+00      1.789541e+01   
     1.694174        1.262712e+01      0.000000e+00      0.000000e+00      1.262712e+01   
     1.771110        8.277564e+00      0.000000e+00      0.000000e+00      8.277564e+00   
     1.847315        5.035898e+00      0.000000e+00      0.000000e+00      5.035898e+00   
     1.922584        2.835192e+00      0.000000e+00      0.000000e+00      2.835192e+00   
     1.996714        1.468156e+00      0.000000e+00      0.000000e+00      1.468156e+00   
     2.069505        6.931460e-01      0.000000e+00      0.000000e+00      6.931460e-01   
     2.140761        2.994317e-01      0.000000e+00      0.000000e+00      2.994317e-01   
     2.210289        1.312373e-01      0.000000e+00      0.000000e+00      1.312373e-01   
     2.277902        8.561381e-02      0.000000e+00      0.000000e+00      8.561381e-02   
     2.343418        9.987994e-02      0.000000e+00      0.000000e+00      9.987994e-02   
     2.406661        1.383231e-01      0.000000e+00      0.000000e+00      1.383231e-01   
     2.467459        1.819119e-01      0.000000e+00      0.000000e+00      1.819119e-01   
     2.525649        2.214098e-01      0.000000e+00      0.000000e+00      2.214098e-01   
     2.581075        2.530961e-01      0.000000e+00      0.000000e+00      2.530961e-01   
     2.633586        2.762067e-01      0.000000e+00      0.000000e+00      2.762067e-01   
     2.683041        2.914410e-01      0.000000e+00      0.000000e+00      2.914410e-01   
     2.729306        3.001123e-01      0.000000e+00      0.000000e+00      3.001123e-01   
     2.772258        3.036848e-01      0.000000e+00      0.000000e+00      3.036848e-01   
     2.811780        3.035395e-01      0.000000e+00      0.000000e+00      3.035395e-01   
     2.847765        3.008718e-01      0.000000e+00      0.000000e+00      3.008718e-01   
     2.880118        2.966624e-01      0.000000e+00      0.000000e+00      2.966624e-01   
     2.908749        2.916861e-01      0.000000e+00      0.000000e+00      2.916861e-01   
     2.933583        2.865366e-01      0.000000e+00      0.000000e+00      2.865366e-01   
     2.954553        2.816574e-01      0.000000e+00      0.000000e+00      2.816574e-01   
     2.971601        2.773716e-01      0.000000e+00      0.000000e+00      2.773716e-01   
     2.984682        2.739080e-01      0.000000e+00      0.000000e+00      2.739080e-01   
     2.993761        2.714218e-01      0.000000e+00      0.000000e+00      2.714218e-01   
     2.998815        2.700102e-01      0.000000e+00      0.000000e+00      2.700102e-01   
     3.004739        2.683318e-01      0.000000e+00      0.000000e+00      2.683318e-01   
     3.024957        2.624235e-01      0.000000e+00      0.000000e+00      2.624235e-01   
     3.061273        2.512139e-01      0.000000e+00      0.000000e+00      2.512139e-01   
     3.113597        2.340906e-01      0.000000e+00      0.000000e+00      2.340906e-01   
     3.181789        2.108856e-01      0.000000e+00      0.000000e+00      2.108856e-01   
     3.265666        1.823175e-01      0.000000e+00      0.000000e+00      1.823175e-01   
     3.365002        1.501567e-01      0.000000e+00      0.000000e+00      1.501567e-01   
     3.479529        1.169922e-01      0.000000e+00      0.000000e+00      1.169922e-01   
     3.608938        8.565889e-02      0.000000e+00      0.000000e+00      8.565889e-02   
     3.752880        5.855288e-02      0.000000e+00      0.000000e+00      5.855288e-02   
     3.910968        3.711077e-02      0.000000e+00      0.000000e+00      3.711077e-02   
     4.082775        2.163689e-02      0.000000e+00      0.000000e+00      2.163689e-02   
     4.267838        1.148818e-02      0.000000e+00      0.000000e+00      1.148818e-02   
     4.465657        5.475762e-03      0.000000e+00      0.000000e+00      5.475762e-03   
     4.675701        2.290463e-03      0.000000e+00      0.000000e+00      2.290463e-03   
     4.897402        8.074173e-04      0.000000e+00      0.000000e+00      8.074173e-04   
     5.130163        2.203773e-04      0.000000e+00      0.000000e+00      2.203773e-04   
     5.373356        3.709927e-05      0.000000e+00      0.000000e+00      3.709927e-05   
     5.626327        1.960212e-06      0.000000e+00      0.000000e+00      1.960212e-06   
     5.888392        4.900497e-06      0.000000e+00      0.000000e+00      4.900497e-06   
     6.158845        9.664531e-06      0.000000e+00      0.000000e+00      9.664531e-06   
     6.436958        9.822465e-06      0.000000e+00      0.000000e+00      9.822465e-06   
     6.721980        7.303770e-06      0.000000e+00      0.000000e+00      7.303770e-06   
     7.013143        4.455266e-06      0.000000e+00      0.000000e+00      4.455266e-06   
     7.309662        2.342318e-06      0.000000e+00      0.000000e+00      2.342318e-06   
     7.610739        1.087631e-06      0.000000e+00      0.000000e+00      1.087631e-06   
     7.915560        4.515707e-07      0.000000e+00      0.000000e+00      4.515707e-07   
     8.223305        1.684480e-07      0.000000e+00      0.000000e+00      1.684480e-07   
     8.533144        5.637317e-08      0.000000e+00      0.000000e+00      5.637317e-08   
     8.844241        1.677681e-08      0.000000e+00      0.000000e+00      1.677681e-08   
     9.155759        4.349180e-09      0.000000e+00      0.000000e+00      4.349180e-09   
     9.466856        9.390758e-10      0.000000e+00      0.000000e+00      9.390758e-10   
     9.776695        1.514953e-10      0.000000e+00      0.000000e+00      1.514953e-10   
    10.084440        1.268495e-11      0.000000e+00      0.000000e+00      1.268495e-11   
    10.389261        1.178644e-13      0.000000e+00      0.000000e+00      1.178644e-13   
    10.690338        1.919674e-12      0.000000e+00      0.000000e+00      1.919674e-12   
    10.986857        2.261492e-12      0.000000e+00      0.000000e+00      2.261492e-12   
    11.278020        1.529892e-12      0.000000e+00      0.000000e+00      1.529892e-12   
    11.563042        7.992651e-13      0.000000e+00      0.000000e+00      7.992651e-13   
    11.841155        3.542278e-13      0.000000e+00      0.000000e+00      3.542278e-13   
    12.111608        1.641609e-13      0.000000e+00      0.000000e+00      1.641609e-13   
    12.373673        7.262710e-14      0.000000e+00      0.000000e+00      7.262710e-14   
    12.626644        2.206108e-14      0.000000e+00      0.000000e+00      2.206108e-14   
    12.869837        5.694352e-15      0.000000e+00      0.000000e+00      5.694352e-15   
    13.102598        1.099124e-15      0.000000e+00      0.000000e+00      1.099124e-15   
    13.324299        1.528194e-16      0.000000e+00      0.000000e+00      1.528194e-16   
    13.534343        1.266716e-16      0.000000e+00      0.000000e+00      1.266716e-16   
    13.732162        2.187103e-16      0.000000e+00      0.000000e+00      2.187103e-16   
    13.917225        2.704321e-16      0.000000e+00      0.000000e+00      2.704321e-16   
    14.089032        2.555002e-16      0.000000e+00      0.000000e+00      2.555002e-16   
    14.247120        2.343688e-16      0.000000e+00      0.000000e+00      2.343688e-16   
    14.391062        1.951472e-16      0.000000e+00      0.000000e+00      1.951472e-16   
    14.520471        1.604530e-16      0.000000e+00      0.000000e+00      1.604530e-16   
    14.634998        1.324668e-16      0.000000e+00      0.000000e+00      1.324668e-16   
    14.734334        1.050261e-16      0.000000e+00      0.000000e+00      1.050261e-16   
    14.818211        9.015600e-17      0.000000e+00      0.000000e+00      9.015600e-17   
    14.886403        7.575068e-17      0.000000e+00      0.000000e+00      7.575068e-17   
    14.938727        6.613747e-17      0.000000e+00      0.000000e+00      6.613747e-17   
    14.975043        6.337325e-17      0.000000e+00      0.000000e+00      6.337325e-17   
    14.995261        3.001461e-12      0.000000e+00      0.000000e+00      3.001461e-12   