#        q              total               1              \delta U         \delta U^2    

     0.001185        2.938164e+08      2.938229e+08     -7.007266e+03      5.115762e+02   
     0.006239        1.507446e+08      1.507492e+08     -4.794689e+03      1.860540e+02   
     0.015318        8.330386e+07      8.330726e+07     -3.516454e+03      1.224196e+02   
     0.028399        1.927688e+07      1.927845e+07     -1.678530e+03      1.053749e+02   
     0.045447        1.370669e+07      1.370800e+07     -1.407004e+03      9.846112e+01   
     0.066417        1.028189e+07      1.028301e+07     -1.211492e+03      9.572123e+01   
     0.091251        7.601995e+06      7.602935e+06     -1.034171e+03      9.389882e+01   
     0.119882        5.531332e+06      5.532113e+06     -8.733513e+02      9.197936e+01   
     0.152235        4.307553e+06      4.308224e+06     -7.599777e+02      8.954179e+01   
     0.188220        3.318241e+06      3.318808e+06     -6.543282e+02      8.636137e+01   
     0.227742        2.525991e+06      2.526465e+06     -5.564549e+02      8.230617e+01   
     0.270694        2.090962e+06      2.091374e+06     -4.896884e+02      7.730739e+01   
     0.316959        1.720246e+06      1.720601e+06     -4.257560e+02      7.136835e+01   
     0.366414        1.556534e+06      1.556853e+06     -3.842067e+02      6.458104e+01   
     0.418925        1.267818e+06      1.268086e+06     -3.251332e+02      5.713495e+01   
     0.474351        1.025182e+06      1.025403e+06     -2.706350e+02      4.933100e+01   
     0.532541        9.192259e+05      9.194182e+05     -2.339627e+02      4.157621e+01   
     0.593339        7.345025e+05      7.346564e+05     -1.882438e+02      3.436061e+01   
     0.656582        5.818089e+05      5.819294e+05     -1.487614e+02      2.821859e+01   
     0.722098        5.160196e+05      5.161189e+05     -1.229719e+02      2.365572e+01   
     0.789711        4.028963e+05      4.029699e+05     -9.469125e+01      2.105947e+01   
     0.859239        3.546132e+05      3.546700e+05     -7.739991e+01      2.059667e+01   
     0.930495        2.723942e+05      2.724317e+05     -5.965279e+01      2.212375e+01   
     1.003286        2.067167e+05      2.067381e+05     -4.658859e+01      2.514124e+01   
     1.077416        1.548038e+05      1.548121e+05     -3.711623e+01      2.882802e+01   
     1.152685        9.755724e+04      9.755295e+04     -2.787829e+01      3.217390e+01   
     1.228890        5.916112e+04      5.914790e+04     -2.097778e+01      3.419885e+01   
     1.305826        3.377584e+03      3.348255e+03     -4.874410e+00      3.420331e+01   
     1.383286        3.220199e+01      2.842446e-01     -4.387286e-02      3.196161e+01   
     1.461060        2.777862e+01      0.000000e+00      0.000000e+00      2.777862e+01   
     1.538940        2.237455e+01      0.000000e+00      0.000000e+00      2.237455e+01   
     1.616714        1.664247e+01      0.000000e+00      0.000000e+00      1.664247e+01   
     1.694174        1.138085e+01      0.000000e+00      0.000000e+00      1.138085e+01   
     1.771110        7.106728e+00      0.000000e+00      0.000000e+00      7.106728e+00   
     1.847315        4.003822e+00      0.000000e+00      0.000000e+00      4.003822e+00   
     1.922584        1.988592e+00      0.000000e+00      0.000000e+00      1.988592e+00   
     1.996714        8.314542e-01      0.000000e+00      0.000000e+00      8.314542e-01   
     2.069505        2.693020e-01      0.000000e+00      0.000000e+00      2.693020e-01   
     2.140761        7.519283e-02      0.000000e+00      0.000000e+00      7.519283e-02   
     2.210289        8.371203e-02      0.000000e+00      0.000000e+00      8.371203e-02   
     2.277902        1.878898e-01      0.000000e+00      0.000000e+00      1.878898e-01   
     2.343418        3.248276e-01      0.000000e+00      0.000000e+00      3.248276e-01   
     2.406661        4.607344e-01      0.000000e+00      0.000000e+00      4.607344e-01   
     2.467459        5.794926e-01      0.000000e+00      0.000000e+00      5.794926e-01   
     2.525649        6.751016e-01      0.000000e+00      0.000000e+00      6.751016e-01   
     2.581075        7.470412e-01      0.000000e+00      0.000000e+00      7.470412e-01   
     2.633586        7.975309e-01      0.000000e+00      0.000000e+00      7.975309e-01   
     2.683041        8.299472e-01      0.000000e+00      0.000000e+00      8.299472e-01   
     2.729306        8.479384e-01      0.000000e+00      0.000000e+00      8.479384e-01   
     2.772258        8.549579e-01      0.000000e+00      0.000000e+00      8.549579e-01   
     2.811780        8.540474e-01      0.000000e+00      0.000000e+00      8.540474e-01   
     2.847765        8.477641e-01      0.000000e+00      0.000000e+00      8.477641e-01   
     2.880118        8.381876e-01      0.000000e+00      0.000000e+00      8.381876e-01   
     2.908749        8.269653e-01      0.000000e+00      0.000000e+00      8.269653e-01   
     2.933583        8.153737e-01      0.000000e+00      0.000000e+00      8.153737e-01   
     2.954553        8.043820e-01      0.000000e+00      0.000000e+00      8.043820e-01   
     2.971601        7.947101e-01      0.000000e+00      0.000000e+00      7.947101e-01   
     2.984682        7.868782e-01      0.000000e+00      0.000000e+00      7.868782e-01   
     2.993761        7.812467e-01      0.000000e+00      0.000000e+00      7.812467e-01   
     2.998815        7.780455e-01      0.000000e+00      0.000000e+00      7.780455e-01   
     3.004739        7.742355e-01      0.000000e+00      0.000000e+00      7.742355e-01   
     3.024957        7.607888e-01      0.000000e+00      0.000000e+00      7.607888e-01   
     3.061273        7.351165e-01      0.000000e+00      0.000000e+00      7.351165e-01   
     3.113597        6.954473e-01      0.000000e+00      0.000000e+00      6.954473e-01   
     3.181789        6.407007e-01      0.000000e+00      0.000000e+00      6.407007e-01   
     3.265666        5.715004e-01      0.000000e+00      0.000000e+00      5.715004e-01   
     3.365002        4.907545e-01      0.000000e+00      0.000000e+00      4.907545e-01   
     3.479529        4.035175e-01      0.000000e+00      0.000000e+00      4.035175e-01   
     3.608938        3.161239e-01      0.000000e+00      0.000000e+00      3.161239e-01   
     3.752880        2.348798e-01      0.000000e+00      0.000000e+00      2.348798e-01   
     3.910968        1.647756e-01      0.000000e+00      0.000000e+00      1.647756e-01   
     4.082775        1.086446e-01      0.000000e+00      0.000000e+00      1.086446e-01   
     4.267838        6.698343e-02      0.000000e+00      0.000000e+00      6.698343e-02   
     4.465657        3.837553e-02      0.000000e+00      0.000000e+00      3.837553e-02   
     4.675701        2.026019e-02      0.000000e+00      0.000000e+00      2.026019e-02   
     4.897402        9.737915e-03      0.000000e+00      0.000000e+00      9.737915e-03   
     5.130163        4.179952e-03      0.000000e+00      0.000000e+00      4.179952e-03   
     5.373356        1.549243e-03      0.000000e+00      0.000000e+00      1.549243e-03   
     5.626327        4.632605e-04      0.000000e+00      0.000000e+00      4.632605e-04   
     5.888392        9.415008e-05      0.000000e+00      0.000000e+00      9.415008e-05   
     6.158845        6.620456e-06      0.000000e+00      0.000000e+00      6.620456e-06   
     6.436958        3.775884e-06      0.000000e+00      0.000000e+00      3.775884e-06   
     6.721980        1.309415e-05      0.000000e+00      0.000000e+00      1.309415e-05   
     7.013143        1.646026e-05      0.000000e+00      0.000000e+00      1.646026e-05   
     7.309662        1.416520e-05      0.000000e+00      0.000000e+00      1.416520e-05   
     7.610739        9.830150e-06      0.000000e+00      0.000000e+00      9.830150e-06   
     7.915560        5.866784e-06      0.000000e+00      0.000000e+00      5.866784e-06   
     8.223305        3.104898e-06      0.000000e+00      0.000000e+00      3.104898e-06   
     8.533144        1.479787e-06      0.000000e+00      0.000000e+00      1.479787e-06   
     8.844241        6.393455e-07      0.000000e+00      0.000000e+00      6.393455e-07   
     9.155759        2.503573e-07      0.000000e+00      0.000000e+00      2.503573e-07   
     9.466856        8.815809e-08      0.000000e+00      0.000000e+00      8.815809e-08   
     9.776695        2.737178e-08      0.000000e+00      0.000000e+00      2.737178e-08   
    10.084440        7.174839e-09      0.000000e+00      0.000000e+00      7.174839e-09   
    10.389261        1.428193e-09      0.000000e+00      0.000000e+00      1.428193e-09   
    10.690338        1.512493e-10      0.000000e+00      0.000000e+00      1.512493e-10   
    10.986857        6.372742e-13      0.000000e+00      0.000000e+00      6.372742e-13   
    11.278020        3.329307e-11      0.000000e+00      0.000000e+00      3.329307e-11   
    11.563042        5.280612e-11      0.000000e+00      0.000000e+00      5.280612e-11   
    11.841155        4.811677e-11      0.000000e+00      0.000000e+00      4.811677e-11   
    12.111608        3.460860e-11      0.000000e+00      0.000000e+00      3.460860e-11   
    12.373673        2.181618e-11      0.000000e+00      0.000000e+00      2.181618e-11   
    12.626644        1.265299e-11      0.000000e+00      0.000000e+00      1.265299e-11   
    12.869837        6.937744e-12      0.000000e+00      0.000000e+00      6.937744e-12   
    13.102598        3.657966e-12      0.000000e+00      0.000000e+00      3.657966e-12   
    13.324299        1.876032e-12      0.000000e+00      0.000000e+00      1.876032e-12   
    13.534343        9.434866e-13      0.000000e+00      0.000000e+00      9.434866e-13   
    13.732162        4.918628e-13      0.000000e+00      0.000000e+00      4.918628e-13   
    13.917225        2.632661e-13      0.000000e+00      0.000000e+00      2.632661e-13   
    14.089032        1.400859e-13      0.000000e+00      0.000000e+00      1.400859e-13   
    14.247120        6.858011e-14      0.000000e+00      0.000000e+00      6.858011e-14   
    14.391062        3.378686e-14      0.000000e+00      0.000000e+00      3.378686e-14   
    14.520471        1.666633e-14      0.000000e+00      0.000000e+00      1.666633e-14   
    14.634998        8.206996e-15      0.000000e+00      0.000000e+00      8.206996e-15   
    14.734334        4.067490e-15      0.000000e+00      0.000000e+00      4.067490e-15   
    14.818211        2.047518e-15      0.000000e+00      0.000000e+00      2.047518e-15   
    14.886403        1.084703e-15      0.000000e+00      0.000000e+00      1.084703e-15   
    14.938727        6.142851e-16      0.000000e+00      0.000000e+00      6.142851e-16   
    14.975043        4.160425e-16      0.000000e+00      0.000000e+00      4.160425e-16   
    14.995261        2.742810e-12      0.000000e+00      0.000000e+00      2.742810e-12   