#        q              total               1              \delta U         \delta U^2    

     0.001185        2.475465e+04      2.475535e+04     -7.729028e-01      7.110173e-02   
     0.006239        1.324541e+04      1.324611e+04     -7.707315e-01      7.110318e-02   
     0.015318        9.020823e+03      9.021523e+03     -7.717253e-01      7.111215e-02   
     0.028399        6.846941e+03      6.847642e+03     -7.720064e-01      7.114018e-02   
     0.045447        5.421209e+03      5.421911e+03     -7.732906e-01      7.120390e-02   
     0.066417        4.534273e+03      4.534977e+03     -7.750145e-01      7.132167e-02   
     0.091251        3.898764e+03      3.899470e+03     -7.781264e-01      7.151516e-02   
     0.119882        3.325582e+03      3.326293e+03     -7.827757e-01      7.180255e-02   
     0.152235        2.934662e+03      2.935379e+03     -7.889892e-01      7.220946e-02   
     0.188220        2.575632e+03      2.576357e+03     -7.979442e-01      7.275019e-02   
     0.227742        2.353322e+03      2.354058e+03     -8.100585e-01      7.341370e-02   
     0.270694        2.144177e+03      2.144929e+03     -8.255434e-01      7.419190e-02   
     0.316959        1.947797e+03      1.948567e+03     -8.445702e-01      7.504774e-02   
     0.366414        1.763778e+03      1.764570e+03     -8.678025e-01      7.591285e-02   
     0.418925        1.591718e+03      1.592536e+03     -8.951725e-01      7.670261e-02   
     0.474351        1.431215e+03      1.432064e+03     -9.261574e-01      7.731278e-02   
     0.532541        1.355151e+03      1.356037e+03     -9.635469e-01      7.763092e-02   
     0.593339        1.211229e+03      1.212152e+03     -1.000376e+00      7.754123e-02   
     0.656582        1.143225e+03      1.144193e+03     -1.045396e+00      7.693231e-02   
     0.722098        1.014984e+03      1.015991e+03     -1.082673e+00      7.577552e-02   
     0.789711        8.967016e+02      8.977415e+02     -1.113919e+00      7.402007e-02   
     0.859239        8.411348e+02      8.422233e+02     -1.160187e+00      7.171758e-02   
     0.930495        7.370411e+02      7.381486e+02     -1.176475e+00      6.898131e-02   
     1.003286        6.419101e+02      6.430212e+02     -1.176991e+00      6.595535e-02   
     1.077416        5.553422e+02      5.564389e+02     -1.159438e+00      6.275253e-02   
     1.152685        4.407045e+02      4.417079e+02     -1.063061e+00      5.960071e-02   
     1.228890        3.430633e+02      3.439416e+02     -9.348939e-01      5.663798e-02   
     1.305826        5.968335e+01      5.981592e+01     -1.866018e-01      5.402679e-02   
     1.383286        5.201823e-02      0.000000e+00      0.000000e+00      5.201823e-02   
     1.461060        5.075356e-02      0.000000e+00      0.000000e+00      5.075356e-02   
     1.538940        5.035772e-02      0.000000e+00      0.000000e+00      5.035772e-02   
     1.616714        5.086307e-02      0.000000e+00      0.000000e+00      5.086307e-02   
     1.694174        5.222616e-02      0.000000e+00      0.000000e+00      5.222616e-02   
     1.771110        5.433914e-02      0.000000e+00      0.000000e+00      5.433914e-02   
     1.847315        5.705818e-02      0.000000e+00      0.000000e+00      5.705818e-02   
     1.922584        6.006638e-02      0.000000e+00      0.000000e+00      6.006638e-02   
     1.996714        6.298524e-02      0.000000e+00      0.000000e+00      6.298524e-02   
     2.069505        6.552471e-02      0.000000e+00      0.000000e+00      6.552471e-02   
     2.140761        6.746953e-02      0.000000e+00      0.000000e+00      6.746953e-02   
     2.210289        6.868764e-02      0.000000e+00      0.000000e+00      6.868764e-02   
     2.277902        6.911259e-02      0.000000e+00      0.000000e+00      6.911259e-02   
     2.343418        6.876290e-02      0.000000e+00      0.000000e+00      6.876290e-02   
     2.406661        6.770279e-02      0.000000e+00      0.000000e+00      6.770279e-02   
     2.467459        6.605828e-02      0.000000e+00      0.000000e+00      6.605828e-02   
     2.525649        6.397377e-02      0.000000e+00      0.000000e+00      6.397377e-02   
     2.581075        6.159347e-02      0.000000e+00      0.000000e+00      6.159347e-02   
     2.633586        5.904349e-02      0.000000e+00      0.000000e+00      5.904349e-02   
     2.683041        5.643587e-02      0.000000e+00      0.000000e+00      5.643587e-02   
     2.729306        5.386036e-02      0.000000e+00      0.000000e+00      5.386036e-02   
     2.772258        5.139014e-02      0.000000e+00      0.000000e+00      5.139014e-02   
     2.811780        4.907471e-02      0.000000e+00      0.000000e+00      4.907471e-02   
     2.847765        4.694842e-02      0.000000e+00      0.000000e+00      4.694842e-02   
     2.880118        4.503643e-02      0.000000e+00      0.000000e+00      4.503643e-02   
     2.908749        4.335096e-02      0.000000e+00      0.000000e+00      4.335096e-02   
     2.933583        4.189888e-02      0.000000e+00      0.000000e+00      4.189888e-02   
     2.954553        4.068311e-02      0.000000e+00      0.000000e+00      4.068311e-02   
     2.971601        3.970321e-02      0.000000e+00      0.000000e+00      3.970321e-02   
     2.984682        3.895660e-02      0.000000e+00      0.000000e+00      3.895660e-02   
     2.993761        3.844214e-02      0.000000e+00      0.000000e+00      3.844214e-02   
     2.998815        3.815674e-02      0.000000e+00      0.000000e+00      3.815674e-02   
     3.004739        3.782320e-02      0.000000e+00      0.000000e+00      3.782320e-02   
     3.024957        3.669462e-02      0.000000e+00      0.000000e+00      3.669462e-02   
     3.061273        3.470669e-02      0.000000e+00      0.000000e+00      3.470669e-02   
     3.113597        3.194204e-02      0.000000e+00      0.000000e+00      3.194204e-02   
     3.181789        2.853610e-02      0.000000e+00      0.000000e+00      2.853610e-02   
     3.265666        2.468052e-02      0.000000e+00      0.000000e+00      2.468052e-02   
     3.365002        2.060809e-02      0.000000e+00      0.000000e+00      2.060809e-02   
     3.479529        1.656959e-02      0.000000e+00      0.000000e+00      1.656959e-02   
     3.608938        1.279795e-02      0.000000e+00      0.000000e+00      1.279795e-02   
     3.752880        9.477104e-03      0.000000e+00      0.000000e+00      9.477104e-03   
     3.910968        6.716540e-03      0.000000e+00      0.000000e+00      6.716540e-03   
     4.082775        4.548342e-03      0.000000e+00      0.000000e+00      4.548342e-03   
     4.267838        2.938602e-03      0.000000e+00      0.000000e+00      2.938602e-03   
     4.465657        1.808865e-03      0.000000e+00      0.000000e+00      1.808865e-03   
     4.675701        1.058961e-03      0.000000e+00      0.000000e+00      1.058961e-03   
     4.897402        5.881853e-04      0.000000e+00      0.000000e+00      5.881853e-04   
     5.130163        3.087338e-04      0.000000e+00      0.000000e+00      3.087338e-04   
     5.373356        1.522462e-04      0.000000e+00      0.000000e+00      1.522462e-04   
     5.626327        6.982772e-05      0.000000e+00      0.000000e+00      6.982772e-05   
     5.888392        2.930493e-05      0.000000e+00      0.000000e+00      2.930493e-05   
     6.158845        1.095386e-05      0.000000e+00      0.000000e+00      1.095386e-05   
     6.436958        3.508492e-06      0.000000e+00      0.000000e+00      3.508492e-06   
     6.721980        9.666791e-07      0.000000e+00      0.000000e+00      9.666791e-07   
     7.013143        3.674666e-07      0.000000e+00      0.000000e+00      3.674666e-07   
     7.309662        3.802213e-07      0.000000e+00      0.000000e+00      3.802213e-07   
     7.610739        4.847866e-07      0.000000e+00      0.000000e+00      4.847866e-07   
     7.915560        5.260691e-07      0.000000e+00      0.000000e+00      5.260691e-07   
     8.223305        4.918209e-07      0.000000e+00      0.000000e+00      4.918209e-07   
     8.533144        4.115931e-07      0.000000e+00      0.000000e+00      4.115931e-07   
     8.844241        3.165043e-07      0.000000e+00      0.000000e+00      3.165043e-07   
     9.155759        2.273281e-07      0.000000e+00      0.000000e+00      2.273281e-07   
     9.466856        1.540809e-07      0.000000e+00      0.000000e+00      1.540809e-07   
     9.776695        9.918348e-08      0.000000e+00      0.000000e+00      9.918348e-08   
    10.084440        6.086235e-08      0.000000e+00      0.000000e+00      6.086235e-08   
    10.389261        3.566421e-08      0.000000e+00      0.000000e+00      3.566421e-08   
    10.690338        1.995597e-08      0.000000e+00      0.000000e+00      1.995597e-08   
    10.986857        1.064131e-08      0.000000e+00      0.000000e+00      1.064131e-08   
    11.278020        5.382715e-09      0.000000e+00      0.000000e+00      5.382715e-09   
    11.563042        2.561843e-09      0.000000e+00      0.000000e+00      2.561843e-09   
    11.841155        1.132458e-09      0.000000e+00      0.000000e+00      1.132458e-09   
    12.111608        4.562858e-10      0.000000e+00      0.000000e+00      4.562858e-10   
    12.373673        1.647957e-10      0.000000e+00      0.000000e+00      1.647957e-10   
    12.626644        5.638892e-11      0.000000e+00      0.000000e+00      5.638892e-11   
    12.869837        2.710990e-11      0.000000e+00      0.000000e+00      2.710990e-11   
    13.102598        2.698036e-11      0.000000e+00      0.000000e+00      2.698036e-11   
    13.324299        3.409142e-11      0.000000e+00      0.000000e+00      3.409142e-11   
    13.534343        4.021449e-11      0.000000e+00      0.000000e+00      4.021449e-11   
    13.732162        4.321030e-11      0.000000e+00      0.000000e+00      4.321030e-11   
    13.917225        4.331330e-11      0.000000e+00      0.000000e+00      4.331330e-11   
    14.089032        4.144239e-11      0.000000e+00      0.000000e+00      4.144239e-11   
    14.247120        3.852016e-11      0.000000e+00      0.000000e+00      3.852016e-11   
    14.391062        3.526876e-11      0.000000e+00      0.000000e+00      3.526876e-11   
    14.520471        3.215735e-11      0.000000e+00      0.000000e+00      3.215735e-11   
    14.634998        2.944260e-11      0.000000e+00      0.000000e+00      2.944260e-11   
    14.734334        2.725397e-11      0.000000e+00      0.000000e+00      2.725397e-11   
    14.818211        2.558925e-11      0.000000e+00      0.000000e+00      2.558925e-11   
    14.886403        2.435849e-11      0.000000e+00      0.000000e+00      2.435849e-11   
    14.938727        2.346980e-11      0.000000e+00      0.000000e+00      2.346980e-11   
    14.975043        2.287741e-11      0.000000e+00      0.000000e+00      2.287741e-11   
    14.995261        2.260282e-11      0.000000e+00      0.000000e+00      2.260282e-11   