# E' [MeV], f_L (IA) [fm], f_L (FSI) [fm]
# 
1.000000000000000000e+01 6.799856337830576969e+00 5.143884258064765902e+01
1.101010101010101039e+01 6.713178565805597131e+00 4.547320541389402848e+01
1.202020202020202078e+01 6.611276716433000189e+00 4.046797332452277374e+01
1.303030303030303116e+01 6.487086990983691237e+00 3.648763664251950445e+01
1.404040404040404155e+01 6.346097525732523614e+00 3.302872259926741805e+01
1.505050505050505194e+01 6.192357667123486564e+00 2.990948020171048682e+01
1.606060606060606233e+01 6.028815914369432427e+00 2.712930663591294689e+01
1.707070707070707272e+01 5.858657324403805156e+00 2.477320710155227701e+01
1.808080808080808310e+01 5.683601047616654078e+00 2.279102666126791732e+01
1.909090909090909349e+01 5.505365615058006590e+00 2.097531457129981192e+01
2.010101010101010388e+01 5.325795592799289047e+00 1.924756267919937613e+01
2.111111111111111427e+01 5.145560236775758689e+00 1.777243159527211347e+01
2.212121212121212110e+01 4.985951043087364809e+00 1.649638356561757391e+01
2.313131313131313149e+01 4.837044387792833966e+00 1.535663705577103144e+01
2.414141414141414188e+01 4.688449894335304791e+00 1.430696019197870683e+01
2.515151515151515227e+01 4.541018453341850503e+00 1.332206595824766104e+01
2.616161616161616266e+01 4.394955714376610700e+00 1.243719613802479351e+01
2.717171717171717304e+01 4.250667420735916302e+00 1.164117091382948388e+01
2.818181818181818343e+01 4.108477621367086385e+00 1.091297944616097126e+01
2.919191919191919382e+01 3.968501775367424766e+00 1.024924949113872152e+01
3.020202020202020421e+01 3.831166392016362554e+00 9.640455953693029656e+00
3.121212121212121460e+01 3.696521959403177515e+00 9.041445604257667412e+00
3.222222222222222854e+01 3.564616959809622454e+00 8.502560416860569958e+00
3.323232323232323893e+01 3.435687719022727293e+00 8.029014269478849997e+00
3.424242424242424221e+01 3.309690101213131896e+00 7.583954922926245956e+00
3.525252525252525260e+01 3.186774009644302463e+00 7.163330639633535668e+00
3.626262626262626299e+01 3.076763041764989381e+00 6.784236098230305601e+00
3.727272727272727337e+01 2.982951300445060738e+00 6.438120065194064878e+00
3.828282828282828376e+01 2.891117291219083008e+00 6.093779451707264982e+00
3.929292929292929415e+01 2.801232101706035760e+00 5.784711612412920090e+00
4.030303030303030454e+01 2.713307912032626223e+00 5.496812507151489058e+00
4.131313131313131493e+01 2.627389624585519723e+00 5.223413647565280371e+00
4.232323232323232531e+01 2.543413797114806751e+00 4.965609976050618712e+00
4.333333333333333570e+01 2.461452391204159262e+00 4.733667880730266120e+00
4.434343434343434609e+01 2.381470619118832843e+00 4.517940593782046932e+00
4.535353535353535648e+01 2.303434373452418527e+00 4.316212876370957297e+00
4.636363636363636687e+01 2.227375881319247686e+00 4.112968340005728862e+00
4.737373737373737725e+01 2.153218793406881382e+00 3.927722715575534096e+00
4.838383838383838764e+01 2.080993839355528507e+00 3.752177342917371483e+00
4.939393939393939803e+01 2.010669411744958168e+00 3.584749005679046974e+00
5.040404040404040842e+01 1.942183843799427878e+00 3.424793757179336318e+00
5.141414141414141881e+01 1.875553918077728976e+00 3.272186212989343090e+00
5.242424242424242919e+01 1.810707183971614453e+00 3.127293517058718386e+00
5.343434343434343958e+01 1.747631946102591538e+00 2.988470465109083651e+00
5.444444444444444997e+01 1.686310628578595150e+00 2.857873647054719246e+00
5.545454545454546036e+01 1.627486168716604009e+00 2.730375911230884967e+00
5.646464646464647075e+01 1.581717060126080598e+00 2.624172825718843249e+00
5.747474747474748114e+01 1.537004072581528380e+00 2.522457724280079638e+00
5.848484848484848442e+01 1.493333508845323676e+00 2.426531589147912005e+00
5.949494949494949481e+01 1.450701326781363543e+00 2.335804823148845966e+00
6.050505050505050519e+01 1.409079255027368527e+00 2.249161841761250891e+00
6.151515151515151558e+01 1.368475969672122261e+00 2.165955654851117629e+00
6.252525252525252597e+01 1.328852966888165010e+00 2.085938230479573718e+00
6.353535353535353636e+01 1.290192768962851622e+00 2.008926316171657955e+00
6.454545454545454675e+01 1.252489685802536279e+00 1.934755204228759684e+00
6.555555555555555713e+01 1.215715924949789084e+00 1.862038735999894001e+00
6.656565656565656752e+01 1.179862250528254997e+00 1.793746276392065298e+00
6.757575757575757791e+01 1.144902739518234291e+00 1.728867022024700661e+00
6.858585858585858830e+01 1.110816183714895544e+00 1.667165958832502959e+00
6.959595959595959869e+01 1.077591823122075132e+00 1.608189329287231351e+00
7.060606060606060908e+01 1.045206987190954617e+00 1.551374561775496375e+00
7.161616161616161946e+01 1.013651020148008675e+00 1.496617581343593351e+00
7.262626262626262985e+01 9.829018399245711413e-01 1.443839440695737109e+00
7.363636363636364024e+01 9.529409117962056586e-01 1.392993356943291960e+00
7.464646464646465063e+01 9.237646859415080680e-01 1.343993972370718382e+00
7.565656565656566102e+01 8.953419462836378351e-01 1.296891718333572641e+00
7.666666666666667140e+01 8.676589269492827050e-01 1.251503439591569844e+00
7.767676767676768179e+01 8.406990828269124139e-01 1.206350017559540522e+00
7.868686868686869218e+01 8.144454059584808059e-01 1.164528943499137492e+00
7.969696969696970257e+01 7.888952478391385581e-01 1.124171819351839297e+00
8.070707070707071296e+01 7.640195962259433982e-01 1.085281164924263742e+00
8.171717171717172334e+01 7.428440233875731602e-01 1.050757732003215761e+00
8.272727272727273373e+01 7.241541051674384999e-01 1.019328668445055097e+00
8.373737373737374412e+01 7.058839203264982709e-01 9.888988105656986161e-01
8.474747474747475451e+01 6.880247502166747520e-01 9.596041865422554329e-01
8.575757575757576490e+01 6.705683709778906820e-01 9.314585704866791271e-01
8.676767676767677528e+01 6.535092904308484885e-01 9.042605883947336665e-01
8.777777777777778567e+01 6.368401335253098816e-01 8.779330184238913759e-01
8.878787878787879606e+01 6.205511262158456276e-01 8.524212063675675743e-01
8.979797979797980645e+01 6.046340908280160020e-01 8.269039911643654150e-01
9.080808080808081684e+01 5.890808696968053981e-01 8.026629093681473259e-01
9.181818181818182723e+01 5.738860133317121859e-01 7.793049548059424181e-01
9.282828282828283761e+01 5.590429575357761527e-01 7.566768928933087501e-01
9.383838383838384800e+01 5.445415600209180251e-01 7.347551947831483243e-01
9.484848484848485839e+01 5.303756770441725443e-01 7.135032998275432359e-01
9.585858585858586878e+01 5.165376889368047397e-01 6.928969986052262442e-01
9.686868686868687917e+01 5.030221443014687432e-01 6.729165938522547741e-01
9.787878787878788955e+01 4.898231598011251742e-01 6.536553114695090594e-01
9.888888888888889994e+01 4.769313960922634266e-01 6.350912563950424916e-01
9.989898989898991033e+01 4.643370230081377836e-01 6.170477001849328236e-01
1.009090909090909207e+02 4.520373329692944364e-01 5.996357500912328220e-01
1.019191919191919311e+02 4.400274958955482374e-01 5.827676744960383903e-01
1.029292929292929415e+02 4.283020307116126024e-01 5.663959508027112122e-01
1.039393939393939519e+02 4.168524652516339413e-01 5.501107280260236765e-01
1.049494949494949623e+02 4.056728812384712834e-01 5.346210349244950866e-01
1.059595959595959727e+02 3.947574716724488453e-01 5.195996618674495471e-01
1.069696969696969688e+02 3.841010233163853482e-01 5.050235690964931523e-01
1.079797979797979792e+02 3.736975279127814908e-01 4.908693753415638295e-01
1.089898989898989896e+02 3.635414271828375510e-01 4.771230009962467711e-01
1.100000000000000000e+02 3.536274347336232915e-01 4.637760421181740811e-01
