# q [fm^-1], gauss weights [fm^-1], n(q) FULL [fm^3], n(q) IPM [fm^3],n(q) CM corrected FULL [fm^3], n(q) CM corrected IPM [fm^3]
1.133595579928980968e-03 2.908622553157862861e-03 3.606123466631257770e+02 3.974839888324121375e+02 5.744709728136941749e+02 6.119657657218875784e+02
5.968030567909288209e-03 6.759799195745510442e-03 3.605697280047088498e+02 3.974387536275040702e+02 5.746951943481681155e+02 6.118729088562795368e+02
1.464591595199415952e-02 1.059054838365161913e-02 3.603500574057013068e+02 3.972031607708335628e+02 5.744052763254873071e+02 6.113893630781547017e+02
2.713561489330795773e-02 1.438082276148573875e-02 3.597152480738853342e+02 3.965168470003035281e+02 5.727358852087427294e+02 6.099813779620162677e+02
4.338904475719207454e-02 1.811556071348957575e-02 3.583897290509059985e+02 3.950142482106707575e+02 5.700490479610534749e+02 6.069021452879113667e+02
6.334338105512204997e-02 2.178024317012464822e-02 3.558368552191290632e+02 3.922403657758308100e+02 5.643524137785790344e+02 6.012298901891360856e+02
8.692144334420814911e-02 2.536067357001257558e-02 3.516379511693744462e+02 3.876771060772725264e+02 5.557236530323815487e+02 5.919330333109293178e+02
1.140320204763869416e-01 2.884299358053495077e-02 3.452917323724853986e+02 3.807828636304089400e+02 5.424886809006351314e+02 5.779687801349963365e+02
1.445702305700539148e-01 3.221372822357801424e-02 3.361900913476230812e+02 3.710461784464828838e+02 5.240286994027161427e+02 5.584152660202039442e+02
1.784179291406640111e-01 3.545983561514577664e-02 3.242566240724378304e+02 3.580510326283831546e+02 4.996239394808981160e+02 5.326269335365212783e+02
2.154441670996007918e-01 3.856875661258732380e-02 3.091110363040514812e+02 3.415469282398393034e+02 4.688920809085543624e+02 5.003897320137322140e+02
2.555056977739313950e-01 4.152846309014763398e-02 2.907399196041807272e+02 3.215124539351728004e+02 4.325610360235011740e+02 4.620415679587493969e+02
2.984475312931778035e-01 4.432750433880294771e-02 2.692961109168705889e+02 2.981979947781984492e+02 3.916763328135716051e+02 4.185197881951573322e+02
3.441035343145606440e-01 4.695505130394832943e-02 2.454823309922632006e+02 2.721342931190355898e+02 3.467936215004442602e+02 3.713084949343253811e+02
3.922970728150497743e-01 4.940093844946620572e-02 2.199226762562520037e+02 2.440990991606471709e+02 3.007141416062896724e+02 3.222823382425523278e+02
4.428416954853500176e-01 5.165570306958086610e-02 1.935050081517311469e+02 2.150432737233155081e+02 2.547566549786116070e+02 2.734731217903970446e+02
4.955418550925357879e-01 5.371062188899597412e-02 1.672396831523544733e+02 1.859879816740694878e+02 2.110081905138076479e+02 2.268095860759873688e+02
5.501936650259612316e-01 5.555774480621230443e-02 1.418562161949736549e+02 1.579127760824458733e+02 1.709978674271282273e+02 1.838897714156082657e+02
6.065856881024348501e-01 5.718992564772815146e-02 1.181965386345785447e+02 1.316564501744020390e+02 1.354388552184654770e+02 1.458323255872602431e+02
6.644997545805626515e-01 5.860084981322224301e-02 9.682251790183310902e+01 1.078476781479654960e+02 1.051451224100697885e+02 1.132257750559656557e+02
7.237118062204680458e-01 5.978505870426521762e-02 7.806200755116471157e+01 8.687392935724345477e+01 8.017366384049290673e+01 8.616759583033579872e+01
7.839927631239582695e-01 6.073797084176998928e-02 6.202891000830901902e+01 6.888731774175199973e+01 5.989224602706109124e+01 6.436508420599999170e+01
8.451094100018541333e-01 6.145589959031647065e-02 4.865789862225463480e+01 5.383901802427158856e+01 4.416783828906319798e+01 4.726397552875631902e+01
9.068252984399138850e-01 6.193606742068302057e-02 3.774884840748942594e+01 4.152972306369070310e+01 3.211638583208990383e+01 3.417411333392736594e+01
9.689016616728111098e-01 6.217661665534702370e-02 2.905475748748715148e+01 3.166397548047491384e+01 2.312434781007052820e+01 2.437242599092462569e+01
1.031098338327188779e+00 6.217661665534702370e-02 2.218587318810940445e+01 2.389953226747243420e+01 1.650358882012979223e+01 1.717537955888095524e+01
1.093174701560086115e+00 6.193606742068302057e-02 1.686230348524475176e+01 1.788657801250429813e+01 1.172970081401468434e+01 1.198145732259007801e+01
1.154890589998145867e+00 6.145589959031647065e-02 1.278768930375452939e+01 1.329512968114798355e+01 8.334224524508664800e+00 8.289225230284865020e+00
1.216007236876041731e+00 6.073797084176998928e-02 9.687264390855276019e+00 9.831329315219514697e+00 5.922542417310443952e+00 5.698221635543459840e+00
1.276288193779532065e+00 5.978505870426521762e-02 7.367871039398921518e+00 7.244750906347511510e+00 4.238660936101219079e+00 3.899603724843372365e+00
1.335500245419437348e+00 5.860084981322224301e-02 5.634882844900803711e+00 5.329317707049814778e+00 3.072033659238992964e+00 2.661992392696790777e+00
1.393414311897565039e+00 5.718992564772815146e-02 4.344864064438659135e+00 3.920205625810391226e+00 2.252708853900409647e+00 1.816200389717502972e+00
1.449806334974038879e+00 5.555774480621230443e-02 3.393387847221578824e+00 2.888636780722065200e+00 1.698161457904927563e+00 1.241005276876320673e+00
1.504458144907464323e+00 5.371062188899597412e-02 2.679812495315849308e+00 2.135923672993046196e+00 1.299235898400796563e+00 8.510105365522666609e-01
1.557158304514649982e+00 5.165570306958086610e-02 2.148303220884411946e+00 1.587637190466377968e+00 1.035022483723299747e+00 5.868967713372501560e-01
1.607702927184950337e+00 4.940093844946620572e-02 1.751003149964319272e+00 1.188374926793784869e+00 8.368357617027480932e-01 4.079267609658865368e-01
1.655896465685439356e+00 4.695505130394832943e-02 1.452544181706013626e+00 8.973329002622462136e-01 6.993567228961127258e-01 2.863764329449957069e-01
1.701552468706822197e+00 4.432750433880294771e-02 1.227451301176806897e+00 6.847099564035431518e-01 6.016986192699383951e-01 2.035061046436263399e-01
1.744494302226068605e+00 4.152846309014763398e-02 1.056082528697464662e+00 5.288798814552809757e-01 5.290429808995947836e-01 1.467092459453462339e-01
1.784555832900399208e+00 3.856875661258732380e-02 9.246331226208216458e-01 4.142224607877029730e-01 4.761524774263081738e-01 1.075302577966635864e-01
1.821582070859335989e+00 3.545983561514577664e-02 8.194432159590678832e-01 3.294914135191714943e-01 4.340352800223645224e-01 8.030481724755665629e-02
1.855429769429945974e+00 3.221372822357801424e-02 7.403204130934486482e-01 2.666052395813140463e-01 4.011799408005881085e-01 6.123748196659877657e-02
1.885967979523613058e+00 2.884299358053495077e-02 6.785444474283549576e-01 2.197623406020682568e-01 3.761862354530779440e-01 4.778116094782546702e-02
1.913078556655791740e+00 2.536067357001257558e-02 6.302359848699656819e-01 1.847999559792941615e-01 3.555922104075017742e-01 3.822236234584629883e-02
1.936656618944877950e+00 2.178024317012464822e-02 5.922739596748047841e-01 1.587336002515767064e-01 3.393856972878319112e-01 3.140529421559304368e-02
1.956610955242807925e+00 1.811556071348957575e-02 5.633064708445577606e-01 1.394284395949430266e-01 3.311849443011523064e-01 2.654888176832346028e-02
1.972864385106692042e+00 1.438082276148573875e-02 5.414135843353146127e-01 1.253665116675801716e-01 3.193061833748844780e-01 2.312577258756117610e-02
1.985354084048005952e+00 1.059054838365161913e-02 5.255455743067254382e-01 1.154833836302797262e-01 3.106203308931176910e-01 2.078267508742698624e-02
1.994031969432090712e+00 6.759799195745510442e-03 5.179734209442137249e-01 1.090552601949896366e-01 3.087600044961884560e-01 1.928838283646865451e-02
1.998866404420071019e+00 2.908622553157862861e-03 5.064722736067855946e-01 1.056224062224100785e-01 3.040287109157871481e-01 1.850040998544847173e-02
2.004534382319715924e+00 1.163449021263145144e-02 5.061369994775998249e-01 1.017277535292172158e-01 3.023668097419975331e-01 1.761518496902376996e-02
2.023872122271637153e+00 2.703919678298204177e-02 4.820810976429963923e-01 8.943694599607382445e-02 2.915565671324151786e-01 1.488578106682207636e-02
2.058583663807976638e+00 4.236219353460647652e-02 4.459046037070506507e-01 7.081626014953805448e-02 2.752031186217249181e-01 1.095638446986523136e-02
2.108542459573231831e+00 5.752329104594295500e-02 4.030736808123443482e-01 5.033729196096457803e-02 2.582770265270518117e-01 6.976874152841721147e-03
2.173556179028768298e+00 7.246224285395830300e-02 3.571127279527062659e-01 3.196514130774836399e-02 2.330662558497423875e-01 3.802266056883830438e-03
2.253373524220488200e+00 8.712097268049859289e-02 3.117801096610482992e-01 1.800811157120129485e-02 2.081424748918617729e-01 1.743421115039974498e-03
2.347685773376832596e+00 1.014426942800503023e-01 2.697900056354146092e-01 8.912382114093451643e-03 1.819477915265356738e-01 6.543406058904135784e-04
2.456128081905547766e+00 1.153719743221398031e-01 2.308240576960192691e-01 3.820618580737575667e-03 1.568605441418290947e-01 1.916834636510000270e-04
2.578280922280215659e+00 1.288549128943120570e-01 1.954147965027639988e-01 1.389101049302590230e-03 1.330988857187360153e-01 3.987102873714470826e-05
2.713671716562656044e+00 1.418393424605831066e-01 1.634156315419817429e-01 4.140648993977514907e-04 1.109309378363143306e-01 4.603829422113149281e-06
2.861776668398403167e+00 1.542750264503492952e-01 1.333181031068415290e-01 9.518635792111514301e-05 9.068824355937719905e-02 7.435273831051500590e-08
3.022022791095725580e+00 1.661138523605905359e-01 1.082520848517039974e-01 1.478516924236925760e-05 7.317366988142613715e-02 8.019006017408112408e-08
3.193790125172711214e+00 1.773100173552117909e-01 8.636254370406645786e-02 1.024359441099350433e-06 5.833531893793242329e-02 5.967829362515350468e-08
3.376414137258242576e+00 1.878202052157933177e-01 6.755257671285086474e-02 2.307065373805632001e-09 4.486983627813640602e-02 1.911110931093779928e-09
3.569188291260199097e+00 1.976037537978648229e-01 5.216199931190737549e-02 6.158598294082946551e-08 3.418314343552245060e-02 1.450803208970708252e-08
3.771366781941400070e+00 2.066228122783234644e-01 3.901788444116509325e-02 1.813309796705770990e-08 2.554726859753378432e-02 3.896430120248872252e-08
3.982167420370143152e+00 2.148424875559838965e-01 2.847922992786358284e-02 5.160551837581155203e-10 1.845009603819220204e-02 4.176105456539986884e-08
4.200774660103844482e+00 2.222309792248492177e-01 2.026201304018186364e-02 1.596198514781944469e-08 1.291266695139380027e-02 3.061784075606910485e-08
4.426342752409739845e+00 2.287597025909126058e-01 1.402395006645752902e-02 2.736744229625126033e-08 8.947116726348555704e-03 1.840836252662628205e-08
4.657999018322250606e+00 2.344033992528889720e-01 9.449246639654469704e-03 2.582468605329590576e-08 5.934512389004681192e-03 1.006268205947961480e-08
4.894847224881871739e+00 2.391402348170608705e-01 6.187415198686306919e-03 1.841331238959417162e-08 3.818643523989943486e-03 5.358950418487892124e-09
5.135971052495833078e+00 2.429518833670799571e-01 3.931589181722365545e-03 1.132682556811673864e-08 2.399175165825132624e-03 2.895051749480450324e-09
5.380437640007416533e+00 2.458235983612658826e-01 2.415351004849336687e-03 6.508336299678938060e-09 1.454900032801377573e-03 1.608330601124508360e-09
5.627301193759655540e+00 2.477442696827320823e-01 1.435599243845221652e-03 3.682822612747346557e-09 8.524177595059549348e-04 9.151445290557207244e-10
5.875606646691243995e+00 2.487064666213880948e-01 8.210253172032798853e-04 2.117169813550720985e-09 4.772355394134745066e-04 5.288567452632753020e-10
6.124393353308755117e+00 2.487064666213880948e-01 4.493915607817602692e-04 1.251209084215709552e-09 2.548977833280229120e-04 3.094915143895848695e-10
6.372698806240344460e+00 2.477442696827320823e-01 2.337853833318568968e-04 7.591960355882857253e-10 1.276785385932062140e-04 1.844370772642478334e-10
6.619562359992583467e+00 2.458235983612658826e-01 1.140914307850133359e-04 4.701160101199672820e-10 6.010588353009834828e-05 1.131827088721744329e-10
6.864028947504166922e+00 2.429518833670799571e-01 5.148877377723604348e-05 2.957813273720466937e-10 2.559489883732123583e-05 7.228219249793147052e-11
7.105152775118128261e+00 2.391402348170608705e-01 2.112915642524335074e-05 1.890935753119128442e-10 9.585547028592512127e-06 4.823418961168974817e-11
7.342000981677749394e+00 2.344033992528889720e-01 8.024399899798396679e-06 1.233547817204413101e-10 3.164647258278430170e-06 3.347171810591533172e-11
7.573657247590260155e+00 2.287597025909126058e-01 3.353449922260723924e-06 8.262593396573882061e-11 1.344030216237046288e-06 2.389015214750922020e-11
7.799225339896155518e+00 2.222309792248492177e-01 2.462042175258256631e-06 5.714242966649684534e-11 1.386101923787538245e-06 1.732699993900127500e-11
8.017832579629857293e+00 2.148424875559838965e-01 2.942191996310986609e-06 4.091122035329635920e-11 1.973246351665408452e-06 1.265767744761546931e-11
8.228633218058600818e+00 2.066228122783234644e-01 3.724765243724462326e-06 3.029300263846572183e-11 2.567937092491521669e-06 9.279547479226253695e-12
8.430811708739801347e+00 1.976037537978648229e-01 4.286630981871131255e-06 2.310708643375310145e-11 2.930486202041136862e-06 6.835580896689518938e-12
8.623585862741757424e+00 1.878202052157933177e-01 4.558140499437515475e-06 1.806080924418434235e-11 3.087934236921585615e-06 5.082313849949638697e-12
8.806209874827288786e+00 1.773100173552117909e-01 4.572344642574160632e-06 1.439151707696348199e-11 3.052159165339738745e-06 3.836393372052415703e-12
8.977977208904274420e+00 1.661138523605905359e-01 4.423500419114432473e-06 1.164672203260024556e-11 2.896119173149441268e-06 2.956199087364489947e-12
9.138223331601597721e+00 1.542750264503492952e-01 4.145956520629505170e-06 9.552265859786483361e-12 2.684054995183489112e-06 2.334601867561916848e-12
9.286328283437343956e+00 1.418393424605831066e-01 3.820310227374056120e-06 7.935216835341964118e-12 2.451787712535984527e-06 1.893377578021794549e-12
9.421719077719783897e+00 1.288549128943120570e-01 3.487774736818821380e-06 6.680255785746362605e-12 2.222060022472815810e-06 1.577264914808764987e-12
9.543871918094453122e+00 1.153719743221398031e-01 3.175777970200099749e-06 5.705888303479391725e-12 2.008031842886275322e-06 1.348183820425066590e-12
9.652314226623166959e+00 1.014426942800503023e-01 2.895477710790797890e-06 4.951847489962483071e-12 1.827779864638784294e-06 1.180319735959006153e-12
9.746626475779510912e+00 8.712097268049859289e-02 2.654997068312298026e-06 4.372417779459658637e-12 1.664960163989436295e-06 1.056344185918037591e-12
9.826443820971231702e+00 7.246224285395830300e-02 2.456366530863469017e-06 3.932691470248365096e-12 1.539894981171697572e-06 9.646945460055327084e-13
9.891457540426767281e+00 5.752329104594295500e-02 2.296200854272926782e-06 3.606241344212323238e-12 1.431117549746279195e-06 8.976954246187331355e-13
9.941416336192023806e+00 4.236219353460647652e-02 2.178320987215669379e-06 3.373508217962756916e-12 1.355999624883205839e-06 8.502975300593559137e-13
9.976127877728362847e+00 2.703919678298204177e-02 2.099275211803253977e-06 3.220611319532984308e-12 1.295256876079001879e-06 8.192515846166506111e-13
9.995465617680284964e+00 1.163449021263145144e-02 2.054697018982697110e-06 3.138452280320210748e-12 1.276361234529318252e-06 8.025802116508291470e-13
