# q, q weight, overlap, error, I term
# 
7.898767725640354342e-04 2.026811968874553827e-03 1.002332369050828176e-01 1.740994314223424100e-01 2.641343819820254156e-07
4.159474881161862037e-03 4.712729926954788671e-03 2.036466805810508984e-01 1.777836568402793027e-01 3.856912309369832316e-05
1.021210477777834136e-02 7.389931163347146330e-03 1.633788010897403720e-01 1.773688343674516832e-01 5.706263848066501620e-04
1.893279824740179418e-02 1.004755718228764021e-02 1.689949536768589888e-01 1.733463135146921519e-01 3.633333309528749295e-03
3.029821123494724766e-02 1.267816647681607387e-02 2.085217346807773098e-01 1.735048527173533306e-01 1.486456369282307052e-02
4.427774416000385127e-02 1.527461859678459592e-02 2.664237932477012127e-01 1.757250876951376162e-01 4.624276929888850723e-02
6.083372388357677352e-02 1.782990101420800499e-02 2.271104699581911190e-01 1.739300351108265530e-01 1.192792778810965182e-01
7.992152382237249775e-02 2.033712072945731419e-02 4.167642104713273343e-01 1.716144532718255067e-01 2.682236260589428434e-01
1.014896891899540465e-01 2.278951694399772993e-02 3.748596285589320676e-01 1.763710908259040200e-01 5.426425137509149899e-01
1.254800773531017377e-01 2.518047762152112595e-02 9.597860490671440425e-01 1.739689760219121362e-01 1.008555798143432547e+00
1.518280152140702999e-01 2.750355674992454452e-02 1.631683410517934085e+00 1.765902752708820578e-01 1.747237202133112177e+00
1.804624738378541871e-01 2.975249150078879135e-02 2.725909320870425478e+00 1.742472640371641179e-01 2.850905273689985364e+00
2.113062600677360070e-01 3.192121901929622502e-02 4.229238175155050072e+00 1.790682703268399456e-01 4.414912332537634931e+00
2.442762246934143677e-01 3.400389272494652726e-02 6.280001699270711946e+00 1.819688478618012584e-01 6.526688127504832515e+00
2.792834866442696073e-01 3.599489805108439106e-02 8.950770211180191893e+00 1.799795274681765533e-01 9.252507682559580005e+00
3.162336726186445457e-01 3.788886756924329108e-02 1.207319866117007834e+01 1.820863699673605507e-01 1.262392262950619859e+01
3.550271715105229875e-01 3.968069545238078061e-02 1.584584453791684133e+01 1.810507072107214455e-01 1.662616977691877196e+01
3.955594029514896137e-01 4.136555123558455921e-02 2.038199684076963081e+01 1.861930070825069949e-01 2.119085054722664907e+01
4.377210992460554007e-01 4.293889283593546602e-02 2.522845778576824216e+01 1.830238397274990547e-01 2.619460635348534083e+01
4.813985999414301942e-01 4.439647879578687700e-02 3.014784311465395561e+01 1.803190288307876255e-01 3.146452192083621924e+01
5.264741582382929108e-01 4.573437971611435393e-02 3.526213341808472279e+01 1.801796273377676005e-01 3.678982556799502390e+01
5.728262584169215854e-01 4.694898884891196555e-02 4.016967255428454564e+01 1.796758535449644589e-01 4.193840869195484800e+01
6.203299434232020237e-01 4.803703181997100863e-02 4.455603001945652153e+01 1.765478577237865609e-01 4.667597683748005721e+01
6.688571517315518022e-01 4.899557545575666112e-02 4.837168658488791806e+01 1.736809559061745778e-01 5.078537430592923130e+01
7.182770625767382899e-01 4.982203569054995812e-02 5.156519213928968526e+01 1.674421285678558136e-01 5.408377815680353251e+01
7.684564486239706671e-01 5.051418453250917928e-02 5.369905200215110597e+01 1.672139718667906005e-01 5.643593894921744436e+01
8.192600351265746372e-01 5.107015606985539080e-02 5.498116209608995320e+01 1.574449725984571336e-01 5.776232169806809225e+01
8.705508646030549746e-01 5.148845150098073364e-02 5.511552213637917674e+01 1.556223497421817814e-01 5.804173791719265552e+01
9.221906660504634035e-01 5.176794317491002079e-02 5.453859085767469850e+01 1.488223011774535975e-01 5.730874579660063972e+01
9.740402276987522034e-01 5.190787763122046289e-02 5.291698092437525247e+01 1.383198064129269877e-01 5.564664891014127335e+01
1.025959772301247908e+00 5.190787763122046289e-02 5.078465476123525235e+01 1.305533984542530390e-01 5.317729592793997284e+01
1.077809333949536486e+00 5.176794317491002079e-02 4.798978635599708298e+01 1.242401169119330684e-01 5.004905755536154288e+01
1.129449135396944914e+00 5.148845150098073364e-02 4.462592599205951416e+01 1.132189975236946727e-01 4.642434327498790481e+01
1.180739964873425363e+00 5.107015606985539080e-02 4.096396158058210801e+01 1.057710804674189126e-01 4.246785245707812351e+01
1.231543551376029333e+00 5.051418453250917928e-02 3.728146797494684250e+01 9.945220993872036508e-02 3.833647922166394295e+01
1.281722937423261710e+00 4.982203569054995812e-02 3.326329603372347776e+01 9.380983085386385145e-02 3.417146121874737474e+01
1.331142848268448198e+00 4.899557545575666112e-02 2.960466634289032939e+01 8.435772577098893388e-02 3.009302995429797889e+01
1.379670056576797865e+00 4.803703181997100863e-02 2.610728571586203728e+01 7.989067227658183667e-02 2.619752572585265327e+01
1.427173741583078304e+00 4.694898884891196555e-02 2.259191702162198823e+01 7.432459456096617012e-02 2.255671156940173461e+01
1.473525841761706978e+00 4.573437971611435393e-02 1.955474188017612747e+01 6.565696218331468215e-02 1.921887106315354998e+01
1.518601400058569695e+00 4.439647879578687700e-02 1.663807107694599097e+01 6.215117682127119930e-02 1.621120400287719576e+01
1.562278900753944599e+00 4.293889283593546602e-02 1.411859600639077428e+01 5.637015419606554445e-02 1.354303122345154264e+01
1.604440597048510497e+00 4.136555123558455921e-02 1.186182478679809726e+01 5.373749703222212987e-02 1.120936836789650393e+01
1.644972828489477124e+00 3.968069545238078061e-02 9.948240883323311579e+00 4.841091448531519015e-02 9.194509106480525773e+00
1.683766327381355454e+00 3.788886756924329108e-02 8.185140414146710341e+00 4.637267074973195485e-02 7.475353201222839417e+00
1.720716513355730282e+00 3.599489805108439106e-02 6.699906676635250413e+00 4.288534717464972251e-02 6.024309259880344491e+00
1.755723775306585743e+00 3.400389272494652726e-02 5.468654198813714729e+00 4.029567618762365522e-02 4.811685740329408212e+00
1.788693739932263993e+00 3.192121901929622502e-02 4.462281689455653400e+00 3.799787325040209635e-02 3.807550893773527623e+00
1.819537526162145813e+00 2.975249150078879135e-02 3.586225044747326507e+00 3.611878758518751592e-02 2.983090861903585633e+00
1.848171984785929700e+00 2.750355674992454452e-02 2.872567894975868619e+00 3.573182006632725366e-02 2.311525913833271773e+00
1.874519922646898262e+00 2.518047762152112595e-02 2.265892506013563512e+00 3.286023892510475664e-02 1.768660452681323214e+00
1.898510310810046064e+00 2.278951694399772993e-02 1.782553704170241282e+00 3.249708824298105231e-02 1.333146410680604799e+00
1.920078476177627502e+00 2.033712072945731419e-02 1.369124594995186239e+00 3.136111024902303590e-02 9.865355715277450699e-01
1.939166276116423226e+00 1.782990101420800499e-02 1.060155582462941615e+00 3.050789750605327130e-02 7.131874239279701877e-01
1.955722255839996038e+00 1.527461859678459592e-02 8.273313208001858987e-01 2.986609355038962604e-02 5.000879483244670132e-01
1.969701788765052752e+00 1.267816647681607387e-02 6.109297145666872098e-01 2.884201438734261894e-02 3.366231538056760342e-01
1.981067201752598095e+00 1.004755718228764021e-02 4.879624681837680944e-01 2.848926884207811719e-02 2.143404341490864617e-01
1.989787895222221659e+00 7.389931163347146330e-03 3.658589571482775415e-01 2.781869778832575524e-02 1.267215333688646306e-01
1.995840525118838027e+00 4.712729926954788671e-03 2.882895259571391366e-01 2.768429973434198554e-02 6.898297968930287849e-02
1.999210123227435965e+00 2.026811968874553827e-03 2.416401760861862924e-01 2.724255297626054437e-02 3.790686950537610483e-02
2.003159507090256142e+00 8.107247875498215309e-03 2.028954945586859959e-01 2.746505460717474367e-02 2.440250665563276512e-03
2.016637899524647448e+00 1.885091970781915469e-02 9.293664858950832774e-02 2.693415130004566879e-02 1.110231259618687238e-01
2.040848419111113365e+00 2.955972465338858532e-02 1.541783153976132303e-01 2.576211804476402981e-02 2.869141828987679665e-01
2.075731192989607177e+00 4.019022872915056083e-02 4.229262514459954381e-01 2.388957504164371595e-02 4.830974710437155872e-01
2.121192844939788991e+00 5.071266590726429546e-02 6.955060027469377459e-01 2.218174161574330491e-02 6.515819948607030065e-01
2.177110976640015405e+00 6.109847438713838369e-02 8.581738302596580992e-01 2.048447951881372450e-02 7.502317326770776562e-01
2.243334895534307094e+00 7.131960405683201998e-02 9.404464140336812328e-01 1.838243914610392105e-02 7.538924749075882614e-01
2.319686095289489991e+00 8.134848291782925678e-02 9.043831977717642356e-01 1.550713574420525299e-02 6.616789781449688990e-01
2.405958756759816186e+00 9.115806777599091970e-02 7.427964813342774475e-01 1.281287915978592505e-02 4.975117695248340577e-01
2.501920309412406951e+00 1.007219104860845038e-01 5.311869655396128653e-01 1.038700991012632760e-02 3.027926704586762496e-01
2.607312060856281200e+00 1.100142269996981781e-01 3.020172218146436882e-01 7.882257234017621406e-03 1.230488406377831800e-01
2.721849895351416748e+00 1.190099660031551654e-01 1.024423348101477921e-01 6.020966232168010503e-03 6.741766221428346743e-03
2.845225040270944028e+00 1.276848760771849001e-01 2.278721923058071169e-02 4.161874113776576137e-03 7.227907178088457951e-02
2.977104898773657471e+00 1.360155708997861090e-01 7.088466466796981835e-02 2.798190985126436901e-03 8.135538297764850768e-02
3.117133946577078429e+00 1.439795922043375642e-01 6.217842370324994788e-02 1.796086120261389512e-03 5.646936498036236873e-02
3.264934690474578183e+00 1.515554702769731643e-01 2.723714057164526234e-02 1.126598628729203605e-03 2.287278818372604633e-02
3.420108686042091950e+00 1.587227818095231224e-01 3.615285629625618769e-03 7.036282020355489686e-04 1.772272063953776603e-03
3.582237611805958455e+00 1.654622049423382368e-01 1.618485147365116353e-02 4.215883514211537630e-04 1.159776918187683387e-02
3.750884396984221603e+00 1.717555713437418641e-01 1.415926455093245197e-02 2.622664437714040497e-04 1.011440148750278323e-02
3.925594399765720777e+00 1.775859151831475080e-01 6.116605770376109912e-03 1.397572632819544624e-04 4.351202319151129330e-03
4.105896632953172087e+00 1.829375188644574157e-01 1.473517561030794989e-04 7.260165142620500273e-05 2.732931858537932662e-04
4.291305033667686786e+00 1.877959553956478622e-01 2.328885191439630797e-03 3.518849274492730819e-05 1.927160643126064367e-03
4.481319773692808539e+00 1.921481272798840345e-01 1.812728106968290558e-03 1.621226915738936623e-05 1.453384292964571929e-03
4.675428606926207209e+00 1.959823018230266445e-01 5.425929982694954398e-04 7.859594297914583038e-06 4.198463849763247767e-04
4.873108250306953160e+00 1.992881427621998325e-01 2.183072296455610534e-04 3.508235359769101019e-06 2.119032662193355240e-04
5.073825794495882668e+00 2.020567381300367171e-01 3.445067269452271159e-04 1.775224890582100140e-06 3.112920227567723378e-04
5.277040140506298549e+00 2.042806242794215632e-01 1.738632258478719648e-04 8.863897310679956907e-07 1.575314819018999290e-04
5.482203458412220343e+00 2.059538060039229346e-01 9.984358474632828897e-06 4.182970081337786691e-07 8.942023315814138506e-06
5.688762664201853170e+00 2.070717726996400831e-01 5.155163488838223875e-05 2.079124446555470264e-07 4.852985301460253199e-05
5.896160910795009258e+00 2.076315105248818516e-01 4.442756430064393239e-05 9.963491796696060521e-08 4.254603765818404138e-05
6.103839089204991630e+00 2.076315105248818516e-01 1.928350134635588059e-05 4.696148104914455769e-08 1.896433026374990795e-05
6.311237335798145942e+00 2.070717726996400831e-01 1.812902810182632390e-07 2.290297349489969020e-08 4.528086859364050716e-07
6.517796541587779657e+00 2.059538060039229346e-01 9.155529740066348663e-06 1.131290999458773199e-08 8.924322206019995614e-06
6.722959859493701451e+00 2.042806242794215632e-01 1.049874147833695803e-05 5.408305857773803931e-09 1.043992531458662189e-05
6.926174205504117332e+00 2.020567381300367171e-01 6.159096321857140304e-06 2.580231258751243604e-09 6.176467761284975251e-06
7.126891749693046840e+00 1.992881427621998325e-01 3.673603172426469480e-07 1.286642837551514420e-09 3.419492071469916592e-07
7.324571393073792791e+00 1.959823018230266445e-01 4.941442420152010187e-06 6.048228572885399070e-10 4.931502370976011549e-06
7.518680226307191461e+00 1.921481272798840345e-01 5.288938895580405232e-06 3.053620192753672127e-10 5.288475565961015250e-06
7.708694966332313214e+00 1.877959553956478622e-01 2.264021788010535919e-06 1.473489583625335070e-10 2.266261183219748003e-06
7.894103367046827913e+00 1.829375188644574157e-01 1.370708833259432876e-06 7.455328987519296291e-11 1.369115467913519992e-06
8.074405600234278779e+00 1.775859151831475080e-01 3.242094776691091167e-06 3.870984346682845293e-11 3.241540645026322142e-06
8.249115603015777509e+00 1.717555713437418641e-01 2.739317286700602123e-06 2.128026411391463555e-11 2.739302986387441132e-06
8.417762388194041989e+00 1.654622049423382368e-01 8.127410545926768104e-07 1.212522035509666820e-11 8.128472862734496361e-07
8.579891313957908494e+00 1.587227818095231224e-01 1.106394873213868240e-06 7.918689928527809812e-12 1.106305236195961749e-06
8.735065309525420929e+00 1.515554702769731643e-01 2.059036749540417085e-06 5.896169345534889490e-12 2.058985105746453047e-06
8.882866053422921127e+00 1.439795922043375642e-01 1.877935068260045675e-06 4.904087200329830552e-12 1.877912757216610949e-06
9.022895101226342973e+00 1.360155708997861090e-01 9.659774544171864911e-07 4.469303200536724884e-12 9.659711767883939063e-07
9.154774959729056860e+00 1.276848760771849001e-01 1.107859974014977058e-07 4.346488644347537640e-12 1.107810609483333865e-07
9.278150104648583252e+00 1.190099660031551654e-01 9.280584342258479389e-07 4.411267603618537003e-12 9.280454114803731681e-07
9.392687939143719689e+00 1.100142269996981781e-01 1.310468401816080488e-06 4.750805662382468408e-12 1.310440351000445039e-06
9.498079690587593049e+00 1.007219104860845038e-01 1.288556869629985377e-06 5.107252974764018229e-12 1.288517916095608854e-06
9.594041243240184258e+00 9.115806777599091970e-02 9.978998761493314675e-07 5.441141276818778625e-12 9.978647977182385174e-07
9.680313904710509121e+00 8.134848291782925678e-02 5.893785015657791142e-07 5.806027277786412512e-12 5.893385681630652263e-07
9.756665104465692906e+00 7.131960405683201998e-02 1.783569692088337301e-07 6.129888447811891760e-12 1.783197963301095439e-07
9.822889023359984151e+00 6.109847438713838369e-02 1.694693934695753359e-07 6.230793803087446105e-12 1.694983679570980575e-07
9.878807155060211898e+00 5.071266590726429546e-02 4.306823397839698127e-07 6.565078389507965599e-12 4.307067967561831525e-07
9.924268807010392379e+00 4.019022872915056083e-02 6.088383819094992923e-07 6.846573737632408790e-12 6.088531855473159657e-07
9.959151580888885746e+00 2.955972465338858532e-02 7.200298528295739722e-07 6.946851282919796305e-12 7.200437120669383135e-07
9.983362100475352108e+00 1.885091970781915469e-02 7.828449912263076028e-07 6.974083409238646622e-12 7.828589322956971378e-07
9.996840492909743858e+00 8.107247875498215309e-03 8.124839568110186785e-07 7.194846452212368213e-12 8.124971537472741700e-07
