# q, q weight, n(q), n(q) error, I, \delta U + \delta U^\dagger, \delta U + \delta U^\dagger error, \delta U^2, \delta U^2 error
# 
4.586861800799368893e-03 1.176686684088392755e-02 1.659002013954758548e+00 1.031059600550425547e-03 1.897267388632431828e+00 -2.413278170719043436e-01 1.030064615992893652e-03 3.062442394231126765e-03 4.528561324102399200e-05
2.412847111229710073e-02 2.730165669672490400e-02 1.662525003999056228e+00 1.150204703155097456e-03 1.902657324567716079e+00 -2.431028890082785887e-01 1.149491452286030124e-03 2.970568439618956075e-03 4.050012693139703562e-05
5.912476792154031102e-02 4.264595982296705973e-02 1.691424306553984236e+00 1.133888432587730824e-03 1.931035468311622427e+00 -2.426807261169563468e-01 1.132987976288981529e-03 3.069564359318050894e-03 4.517989753042055882e-05
1.093097035843453302e-01 5.765852021778815339e-02 1.761237967143165051e+00 1.411154065154992697e-03 2.006946008817604543e+00 -2.487179821020355230e-01 1.410447402836177829e-03 3.009940427595953014e-03 4.465332502896132016e-05
1.742914772813648483e-01 7.222023172692727810e-02 1.898899895911670299e+00 1.645614837885196009e-03 2.147845641814742468e+00 -2.518671429067919632e-01 1.644952935957342101e-03 2.921397003719829622e-03 4.666940275212628304e-05
2.535617499495552707e-01 8.621684465234018269e-02 2.072577464265267899e+00 1.952244834766371159e-03 2.327470804983821751e+00 -2.576840156363989776e-01 1.951597243178591640e-03 2.790674917845322248e-03 5.028016795613275924e-05
3.465002018155491914e-01 9.953874080270731783e-02 2.212802145777711171e+00 2.226061723150800191e-03 2.460396953512609564e+00 -2.502194462571075140e-01 2.225537084117136088e-03 2.624638522209159046e-03 4.832682998609544756e-05
4.523794954261748380e-01 1.120816324247398549e-01 2.185758751889177010e+00 2.127988722704624372e-03 2.421786839727570140e+00 -2.386062669397076563e-01 2.127403849713580680e-03 2.578179101314307525e-03 4.988851753555732473e-05
5.703709968867425317e-01 1.237473439321604834e-01 1.940106005928412314e+00 1.936680275800227577e-03 2.143698722623967878e+00 -2.058886578951882040e-01 1.936120647105004722e-03 2.295941199632505966e-03 4.655459727399434335e-05
6.995512706682192050e-01 1.344445705381737410e-01 1.500045786153862970e+00 1.694424595344743269e-03 1.658101608849586572e+00 -1.603327421271478204e-01 1.693928887446834912e-03 2.276919431424357688e-03 4.098333298214072506e-05
8.389093105004710171e-01 1.440895895451201891e-01 1.006588857222695088e+00 1.197313095780773917e-03 1.111146419759181381e+00 -1.069885257020120883e-01 1.196170130495771830e-03 2.430963165525684266e-03 5.230361591581322823e-05
9.873544535170228897e-01 1.526069143108841619e-01 5.829032107580489619e-01 8.428142460306554820e-04 6.396564399794741895e-01 -5.948408723106245188e-02 8.420729526786164664e-04 2.730858009637258076e-03 3.534113296625920463e-05
1.143724916964371507e+00 1.599298844846486212e-01 2.918358843654782486e-01 4.705220098027206119e-04 3.149332295760954858e-01 -2.639404174771316919e-02 4.690856458940160048e-04 3.296696537095903778e-03 3.673715455755048479e-05
1.306796891138372052e+00 1.660011874577131397e-01 1.274759862132526789e-01 2.204201123763089491e-04 1.319060070540276630e-01 -8.413027848674682618e-03 2.174438744836056710e-04 3.983007007899691532e-03 3.609968683441174740e-05
1.475294117581408049e+00 1.707733067841982200e-01 4.943818504781929968e-02 1.097790623602938159e-04 4.628365452529918656e-02 -1.490767172404155235e-03 1.013164546443499897e-04 4.645297694924270526e-03 4.226604489427240695e-05
1.647897877668020872e+00 1.742088939943671477e-01 1.907863631265796500e-02 6.628632460598851402e-05 1.344918696968287926e-02 3.818667906839234654e-04 3.913154893274812884e-05 5.247582552291164826e-03 5.350325885303079259e-05
1.823257313448681582e+00 1.762810608605509255e-01 8.805598479175421114e-03 5.028430283827182236e-05 3.105890695554996885e-03 3.017483814818981117e-04 1.310920615219003276e-05 5.397959402138526389e-03 4.854544083629702201e-05
2.000000000000000000e+00 1.769735898142086039e-01 5.965297405692570297e-03 5.490897066101783425e-05 5.263671650446154768e-04 1.099966695589420446e-04 3.405535638292414136e-06 5.328933571089012992e-03 5.480326072478568439e-05
2.176742686551318418e+00 1.762810608605509255e-01 4.885280403623714837e-03 4.941615207833195185e-05 5.545127303420842335e-05 1.720574349395893995e-05 7.433684841794660306e-07 4.812623387095547704e-03 4.941056050608574147e-05
2.352102122331979128e+00 1.742088939943671477e-01 4.302049424405816544e-03 4.087704450283007957e-05 4.983053177839691361e-06 4.415040353135451822e-07 3.388048292433293357e-08 4.296624867192662921e-03 4.087703046209726298e-05
2.524705882418591951e+00 1.707733067841982200e-01 3.713902622597871524e-03 3.320754684550217164e-05 4.040578030802435010e-06 3.474767032179560197e-07 1.024334546046576530e-07 3.709514567863851121e-03 3.320738885976431027e-05
2.693203108861627726e+00 1.660011874577131397e-01 3.004717754402998903e-03 3.073417571978299061e-05 2.950086878741685738e-06 6.792346853658574877e-07 6.460564978738687257e-08 3.001088432838891311e-03 3.073410781663450030e-05
2.856275083035628271e+00 1.599298844846486212e-01 2.468640838998366685e-03 2.496130298236991644e-05 1.333722395494055750e-06 1.458807127003445444e-07 2.577865632432045339e-08 2.467161235890172246e-03 2.496128967097948793e-05
3.012645546482977110e+00 1.526069143108841619e-01 2.006941156401959893e-03 2.010546262179060855e-05 4.282797635673994803e-07 -1.806451949728237220e-07 9.794724696532616980e-09 2.006693521833365513e-03 2.010546023595549117e-05
3.161090689499529205e+00 1.440895895451201891e-01 1.686517043027883564e-03 1.904716347374421108e-05 1.049302165813908054e-07 -1.637164143889829152e-07 3.980840526346301214e-09 1.686575829225691204e-03 1.904716305774810931e-05
3.300448729331781017e+00 1.344445705381737410e-01 1.395193897100368034e-03 1.292627888904400102e-05 2.277604411026141779e-08 -4.941309800763495510e-08 9.373400707154114440e-10 1.395220534154265491e-03 1.292627885505872169e-05
3.429629003113257468e+00 1.237473439321604834e-01 1.170950503201642276e-03 1.137529476877615898e-05 9.392169011185859132e-09 3.097293909244367955e-08 2.315641428144218682e-10 1.170910138093538607e-03 1.137529476641921019e-05
3.547620504573825162e+00 1.120816324247398549e-01 9.824292855546827054e-04 9.670318118901906549e-06 7.440620137562231836e-09 4.888722202215823391e-08 3.520293191259982182e-10 9.823729577125230213e-04 9.670318112494430952e-06
3.653499798184451031e+00 9.953874080270731783e-02 8.494899757804666657e-04 8.702614510401954218e-06 6.232523355811263647e-09 4.621507238279766461e-08 3.143018392463891595e-10 8.494375281847280296e-04 8.702614504726323557e-06
3.746438250050444729e+00 8.621684465234018269e-02 7.500809697855917576e-04 7.762358849630049060e-06 4.911674707326329696e-09 3.660013661442580890e-08 2.813208230596868530e-10 7.500394579742700315e-04 7.762358844532281217e-06
3.825708522718635152e+00 7.222023172692727810e-02 6.626042237036132649e-04 6.535821091785029841e-06 3.457174488176443436e-09 2.530067248394341105e-08 1.918805439078496157e-10 6.625754658566411232e-04 6.535821088968386946e-06
3.890690296415654892e+00 5.765852021778815339e-02 6.029816138480386355e-04 5.458681592545254661e-06 2.461416908058787069e-09 1.838167938823491995e-08 1.619968807912589679e-10 6.029607707517423100e-04 5.458681590141470025e-06
3.940875232078459689e+00 4.264595982296705973e-02 5.707695947115474198e-04 5.842154370310142823e-06 1.847835857482954396e-09 1.363526608886335950e-08 1.260031069628171407e-10 5.707541116096010413e-04 5.842154368951330028e-06
3.975871528887703121e+00 2.730165669672490400e-02 5.322414108897147514e-04 4.850035181638225535e-06 1.497411158915731549e-09 1.102383194714600869e-08 9.553888701017835175e-11 5.322288896466087016e-04 4.850035180697234611e-06
3.995413138199200631e+00 1.176686684088392755e-02 5.171061311010277444e-04 4.641398250106943358e-06 1.318480258812330458e-09 9.626391151563430337e-09 8.862244761643494555e-11 5.170951862296174154e-04 4.641398249260869252e-06
4.006880292701199053e+00 1.765030026132589219e-02 5.065090282025664064e-04 5.859271547145795734e-06 1.219068523871412096e-09 9.086625251026389917e-09 7.426715096561153883e-11 5.064987225087914848e-04 5.859271546675122395e-06
4.036192706668445318e+00 4.095248504508735427e-02 4.803099670342905877e-04 5.205123858929308094e-06 9.837304674911433128e-10 7.335959627840990125e-09 6.440818822334953296e-11 4.803016473441952647e-04 5.205123858530814667e-06
4.088687151882310467e+00 6.396893973445058612e-02 4.534361269630356119e-04 4.973099934759370809e-06 6.297377580361566846e-10 4.824651970424697449e-09 4.544277629990271928e-11 4.534306725733071612e-04 4.973099934551749481e-06
4.163964555376518106e+00 8.648778032668222315e-02 4.061322035909371527e-04 4.405783078782481464e-06 3.447298624408547926e-10 2.626650420510912274e-09 2.729430529934212076e-11 4.061292322106542160e-04 4.405783078697935717e-06
4.261437215922047272e+00 1.083303475903909241e-01 3.411028499558039551e-04 3.184081893350640723e-06 1.227998420957512008e-10 9.963332135983868744e-10 1.367310703893970018e-11 3.411017308227482512e-04 3.184081893321282984e-06
4.380342624924333350e+00 1.293252669785102671e-01 2.841830943910527807e-04 2.505192275804594686e-06 2.917956611776183079e-11 2.655867125850070732e-10 3.699804331629238807e-12 2.841827996247740665e-04 2.505192275801862581e-06
4.519750302723323898e+00 1.493081112040609837e-01 2.211407318791773664e-04 2.468552097161359508e-06 1.034346402652581899e-12 1.897541762757825309e-11 3.173161277181847002e-13 2.211407118694133384e-04 2.468552097161339179e-06
4.678569243139262035e+00 1.681224486371097893e-01 1.693693066563837417e-04 1.652810127218418535e-06 1.953124793115912547e-12 -6.160308096340999422e-12 2.299760544154256755e-13 1.693693108635670359e-04 1.652810127218402653e-06
4.855556495330113798e+00 1.856210158982407321e-01 1.250634886077343693e-04 1.229384357062759573e-06 4.506288014468975656e-12 1.073986999464239637e-12 1.062569779305897394e-13 1.250634830274593577e-04 1.229384357062754914e-06
5.049326906002328919e+00 2.016668558072606254e-01 8.739283887625114394e-05 8.108743129315610442e-07 4.886176164131422607e-12 1.691950334136970263e-12 3.959022780089014592e-14 8.739283229812464557e-05 8.108743129315599854e-07
5.258363965750707081e+00 2.161343843176802837e-01 6.039929625440471121e-05 5.831492804753145627e-07 3.842106158021413417e-12 4.816149879943670942e-13 6.695899324379107228e-15 6.039929193068356800e-05 5.831492804753145627e-07
5.481031680275534335e+00 2.289103714663262568e-01 3.765239872507275933e-05 3.191486640796745329e-07 2.475145692378291548e-12 3.102744280507952057e-14 2.109482950789986191e-15 3.765239621889962708e-05 3.191486640796745329e-07
5.715587375446556706e+00 2.398948267269729318e-01 2.277795545844221161e-05 2.290791987168048209e-07 1.468624355058245133e-12 5.213393940805760058e-15 1.306575175269188237e-15 2.277795398460446326e-05 2.290791987168048209e-07
5.960195336707558411e+00 2.490017811865697095e-01 1.321149099401352436e-05 1.425533812490612751e-07 9.048492194524086970e-13 1.912590269737719422e-14 6.795535278628207213e-16 1.321149007003840302e-05 1.425533812490612751e-07
6.212941176372112295e+00 2.561599601762973299e-01 7.007841638481978380e-06 7.146299522860560746e-08 5.875719103359676669e-13 1.078838929194738074e-14 2.552225487532979990e-16 7.007841040121678676e-06 7.146299522860560746e-08
6.471846816502031530e+00 2.613133409915507355e-01 3.526075024141697635e-06 3.897769697370539017e-08 3.703483574096133556e-13 2.530400801120429115e-15 7.522657444563456075e-17 3.526074651262939414e-06 3.897769697370539017e-08
6.734885970173022152e+00 2.644215912908263744e-01 1.649548219972152362e-06 1.645997321334059145e-08 2.184610189386116872e-13 -9.243463214464595716e-18 1.429854945741803823e-17 1.649548001520376807e-06 1.645997321334059145e-08
7.000000000000000000e+00 2.654603847213128920e-01 6.714158122837343467e-07 6.821963130375437396e-09 1.372784741101408417e-13 -8.043542060949040806e-17 2.941914862669010488e-18 6.714156750856956408e-07 6.821963130375437396e-09
7.265114029826977848e+00 2.644215912908263744e-01 2.419728135705293935e-07 2.280431583900115395e-09 9.753015119781089203e-14 1.320595862929438548e-17 8.597597610224306874e-19 2.419727160271722290e-07 2.280431583900115395e-09
7.528153183497968470e+00 2.613133409915507355e-01 8.932420377622003485e-08 8.219291112795110331e-10 7.119653457118528522e-14 8.045223142713868381e-18 4.189959693536377595e-19 8.932413257164023735e-08 8.219291112795110331e-10
7.787058823627887705e+00 2.561599601762973299e-01 5.171353969119966142e-08 5.479945951124142417e-10 5.190274125152478169e-14 2.144021764053083331e-18 2.130008957917551112e-19 5.171348778631439063e-08 5.479945951124142417e-10
8.039804663292441589e+00 2.490017811865697095e-01 5.973048688661083525e-08 6.835523129838737698e-10 3.940748925103606018e-14 3.202806000696105589e-18 1.333960106853455022e-19 5.973044747591877543e-08 6.835523129838737698e-10
8.284412624553443294e+00 2.398948267269729318e-01 7.444990912852682965e-08 7.893353443231866891e-10 2.996864647476026103e-14 3.075851928594956580e-18 9.054551298989169246e-20 7.444987915680450549e-08 7.893353443231866891e-10
8.518968319724464777e+00 2.289103714663262568e-01 8.170828965056306847e-08 8.363374933618272542e-10 2.162249662327547239e-14 2.265677651192834975e-18 6.894703937608038597e-20 8.170826802580076806e-08 8.363374933618272542e-10
8.741636034249292919e+00 2.161343843176802837e-01 8.699698036722884628e-08 9.594562237329050403e-10 1.535749202042603284e-14 1.108349363664828067e-18 5.992883391221907798e-20 8.699696500862847334e-08 9.594562237329050403e-10
8.950673093997671970e+00 2.016668558072606254e-01 8.473449317127757728e-08 7.733132330924417131e-10 1.166228302293887616e-14 3.263961149444058019e-19 4.853244286567670375e-20 8.473448150866816052e-08 7.733132330924417131e-10
9.144443504669887091e+00 1.856210158982407321e-01 7.941126514339986285e-08 7.489701112332731713e-10 9.523804412524536192e-15 1.613899272713132320e-19 4.216280357361084486e-20 7.941125561943406347e-08 7.489701112332731713e-10
9.321430756860738853e+00 1.681224486371097893e-01 7.257849280789536754e-08 6.227312878746690557e-10 8.073655551375890506e-15 1.887201440417294998e-19 3.226811199490954350e-20 7.257848473405109882e-08 6.227312878746690557e-10
9.480249697276676102e+00 1.493081112040609837e-01 6.397715439436116998e-08 5.809392993316378024e-10 6.921447162290935891e-15 2.536220909104670453e-19 2.617435408310970611e-20 6.397714747266038054e-08 5.809392993316378024e-10
9.619657375075666650e+00 1.293252669785102671e-01 5.737812467525504854e-08 4.758701981000846197e-10 6.021184303974941289e-15 3.308560525193838584e-19 2.180084720233552182e-20 5.737811865373988698e-08 4.758701981000846197e-10
9.738562784077952728e+00 1.083303475903909241e-01 5.120683370525324355e-08 4.585768215602846113e-10 5.360557235341798624e-15 3.217464409561014094e-19 1.771256760387519565e-20 5.120682834437426252e-08 4.585768215602846113e-10
9.836035444623481894e+00 8.648778032668222315e-02 4.604787871421800638e-08 4.329748538707944167e-10 4.895590615290871384e-15 3.255487918934545656e-19 1.469948136413588231e-20 4.604787381830184017e-08 4.329748538707944167e-10
9.911312848117688645e+00 6.396893973445058612e-02 4.387951733776000070e-08 4.418353810131389744e-10 4.576907622231961325e-15 3.202224052903545409e-19 1.342704611447941132e-20 4.387951276053215907e-08 4.418353810131389744e-10
9.963807293331555570e+00 4.095248504508735427e-02 4.095799314294709631e-08 3.849463047282285485e-10 4.370814720865731119e-15 3.175337011276280062e-19 1.259668068144653648e-20 4.095798877181484463e-08 3.849463047282285485e-10
9.993119707298800947e+00 1.765030026132589219e-02 3.998043286237025561e-08 3.507739454316043000e-10 4.260092557092304161e-15 3.056779359021861890e-19 1.208989605694030894e-20 3.998042860197201741e-08 3.507739454316043000e-10
