Wood-Saxon orbitals: potentials
        r                vc              vls              vem 
 0.16666667E+00  -0.71785860E+02  -0.33913686E+02   0.00000000E+00
 0.33333333E+00  -0.70538307E+02  -0.20840045E+02   0.00000000E+00
 0.50000000E+00  -0.69016442E+02  -0.16941420E+02   0.00000000E+00
 0.66666667E+00  -0.67177457E+02  -0.15346016E+02   0.00000000E+00
 0.83333333E+00  -0.64980546E+02  -0.14657200E+02   0.00000000E+00
 0.10000000E+01  -0.62391627E+02  -0.14382888E+02   0.00000000E+00
 0.11666667E+01  -0.59389373E+02  -0.14283268E+02   0.00000000E+00
 0.13333333E+01  -0.55971978E+02  -0.14210303E+02   0.00000000E+00
 0.15000000E+01  -0.52163458E+02  -0.14058720E+02   0.00000000E+00
 0.16666667E+01  -0.48017819E+02  -0.13752096E+02   0.00000000E+00
 0.18333333E+01  -0.43619292E+02  -0.13241956E+02   0.00000000E+00
 0.20000000E+01  -0.39077428E+02  -0.12510539E+02   0.00000000E+00
 0.21666667E+01  -0.34517126E+02  -0.11571824E+02   0.00000000E+00
 0.23333333E+01  -0.30065313E+02  -0.10467806E+02   0.00000000E+00
 0.25000000E+01  -0.25837162E+02  -0.92596739E+01   0.00000000E+00
 0.26666667E+01  -0.21924916E+02  -0.80159370E+01   0.00000000E+00
 0.28333333E+01  -0.18391452E+02  -0.68007752E+01   0.00000000E+00
 0.30000000E+01  -0.15269112E+02  -0.56655035E+01   0.00000000E+00
 0.31666667E+01  -0.12562923E+02  -0.46444939E+01   0.00000000E+00
 0.33333333E+01  -0.10256465E+02  -0.37552295E+01   0.00000000E+00
 0.35000000E+01  -0.83186540E+01  -0.30011280E+01   0.00000000E+00
 0.36666667E+01  -0.67100687E+01  -0.23755577E+01   0.00000000E+00
 0.38333333E+01  -0.53880781E+01  -0.18658198E+01   0.00000000E+00
 0.40000000E+01  -0.43105323E+01  -0.14564097E+01   0.00000000E+00
 0.41666667E+01  -0.34381127E+01  -0.11313329E+01   0.00000000E+00
 0.43333333E+01  -0.27356046E+01  -0.87554092E+00   0.00000000E+00
 0.45000000E+01  -0.21723915E+01  -0.67567938E+00   0.00000000E+00
 0.46666667E+01  -0.17224390E+01  -0.52036285E+00   0.00000000E+00
 0.48333333E+01  -0.13639796E+01  -0.40015866E+00   0.00000000E+00
 0.50000000E+01  -0.10790482E+01  -0.30741408E+00   0.00000000E+00
 0.51666667E+01  -0.85296545E+00  -0.23601639E+00   0.00000000E+00
 0.53333333E+01  -0.67383040E+00  -0.18113941E+00   0.00000000E+00
 0.55000000E+01  -0.53205287E+00  -0.13900578E+00   0.00000000E+00
 0.56666667E+01  -0.41994163E+00  -0.10667820E+00   0.00000000E+00
 0.58333333E+01  -0.33135127E+00  -0.81883601E-01   0.00000000E+00
 0.60000000E+01  -0.26138590E+00  -0.62869194E-01   0.00000000E+00
 0.61666667E+01  -0.20615403E+00  -0.48286809E-01   0.00000000E+00
 0.63333333E+01  -0.16256809E+00  -0.37101372E-01   0.00000000E+00
 0.65000000E+01  -0.12818186E+00  -0.28519157E-01   0.00000000E+00
 0.66666667E+01  -0.10105938E+00  -0.21931979E-01   0.00000000E+00
 0.68333333E+01  -0.79669892E-01  -0.16874020E-01   0.00000000E+00
 0.70000000E+01  -0.62803839E-01  -0.12988559E-01   0.00000000E+00
 0.71666667E+01  -0.49506014E-01  -0.10002417E-01   0.00000000E+00
 0.73333333E+01  -0.39022384E-01  -0.77063472E-02   0.00000000E+00
 0.75000000E+01  -0.30757928E-01  -0.59400320E-02   0.00000000E+00
 0.76666667E+01  -0.24243229E-01  -0.45805918E-02   0.00000000E+00
 0.78333333E+01  -0.19108036E-01  -0.35338037E-02   0.00000000E+00
 0.80000000E+01  -0.15060364E-01  -0.27273839E-02   0.00000000E+00
 0.81666667E+01  -0.11869982E-01  -0.21058524E-02   0.00000000E+00
 0.83333333E+01  -0.93553671E-02  -0.16266047E-02   0.00000000E+00
 0.85000000E+01  -0.73734135E-02  -0.12569072E-02   0.00000000E+00
 0.86666667E+01  -0.58113090E-02  -0.97159700E-03   0.00000000E+00
 0.88333333E+01  -0.45801266E-02  -0.75132114E-03   0.00000000E+00
 0.90000000E+01  -0.36097699E-02  -0.58118770E-03   0.00000000E+00
 0.91666667E+01  -0.28449877E-02  -0.44973182E-03   0.00000000E+00
 0.93333333E+01  -0.22422310E-02  -0.34812272E-03   0.00000000E+00
 0.95000000E+01  -0.17671751E-02  -0.26955540E-03   0.00000000E+00
 0.96666667E+01  -0.13927663E-02  -0.20878349E-03   0.00000000E+00
 0.98333333E+01  -0.10976818E-02  -0.16176046E-03   0.00000000E+00
 0.10000000E+02  -0.86511600E-03  -0.12536393E-03   0.00000000E+00
 0.10166667E+02  -0.68182344E-03  -0.97183572E-04   0.00000000E+00
 0.10333333E+02  -0.53736490E-03  -0.75358000E-04   0.00000000E+00
 0.10500000E+02  -0.42351275E-03  -0.58449188E-04   0.00000000E+00
 0.10666667E+02  -0.33378249E-03  -0.45345765E-04   0.00000000E+00
 0.10833333E+02  -0.26306345E-03  -0.35188503E-04   0.00000000E+00
 0.11000000E+02  -0.20732772E-03  -0.27312877E-04   0.00000000E+00
 0.11166667E+02  -0.16340080E-03  -0.21204776E-04   0.00000000E+00
 0.11333333E+02  -0.12878074E-03  -0.16466321E-04   0.00000000E+00
 0.11500000E+02  -0.10149570E-03  -0.12789492E-04   0.00000000E+00
 0.11666667E+02  -0.79991584E-04  -0.99357614E-05   0.00000000E+00
 0.11833333E+02  -0.63043592E-04  -0.77203610E-05   0.00000000E+00
 0.12000000E+02  -0.49686405E-04  -0.60001234E-05   0.00000000E+00
 0.12166667E+02  -0.39159234E-04  -0.46640855E-05   0.00000000E+00
 0.12333333E+02  -0.30862477E-04  -0.36262212E-05   0.00000000E+00
 0.12500000E+02  -0.24323573E-04  -0.28198200E-05   0.00000000E+00
 0.12666667E+02  -0.19170081E-04  -0.21931366E-05   0.00000000E+00
 0.12833333E+02  -0.15108472E-04  -0.17060240E-05   0.00000000E+00
 0.13000000E+02  -0.11907404E-04  -0.13273268E-05   0.00000000E+00
 0.13166667E+02  -0.93845546E-05  -0.10328612E-05   0.00000000E+00
 0.13333333E+02  -0.73962270E-05  -0.80385114E-06   0.00000000E+00
 0.13500000E+02  -0.58291709E-05  -0.62571588E-06   0.00000000E+00
 0.13666667E+02  -0.45941307E-05  -0.48713004E-06   0.00000000E+00
 0.13833333E+02  -0.36207614E-05  -0.37929510E-06   0.00000000E+00
 0.14000000E+02  -0.28536221E-05  -0.29537423E-06   0.00000000E+00
 0.14166667E+02  -0.22490184E-05  -0.23005386E-06   0.00000000E+00
 0.14333333E+02  -0.17725136E-05  -0.17920353E-06   0.00000000E+00
 0.14500000E+02  -0.13969669E-05  -0.13961186E-06   0.00000000E+00
 0.14666667E+02  -0.11009882E-05  -0.10878160E-06   0.00000000E+00
 0.14833333E+02  -0.86771925E-06  -0.84770484E-07   0.00000000E+00
 0.15000000E+02  -0.68387352E-06  -0.66067628E-07   0.00000000E+00
 0.15166667E+02  -0.53897961E-06  -0.51497528E-07   0.00000000E+00
 0.15333333E+02  -0.42478473E-06  -0.40145466E-07   0.00000000E+00
 0.15500000E+02  -0.33478458E-06  -0.31299539E-07   0.00000000E+00
 0.15666667E+02  -0.26385298E-06  -0.24405605E-07   0.00000000E+00
 0.15833333E+02  -0.20794982E-06  -0.19032261E-07   0.00000000E+00
 0.16000000E+02  -0.16389100E-06  -0.14843602E-07   0.00000000E+00
 0.16166667E+02  -0.12916702E-06  -0.11578048E-07   0.00000000E+00
 0.16333333E+02  -0.10180010E-06  -0.90318678E-08   0.00000000E+00
 0.16500000E+02  -0.80231471E-07  -0.70463629E-08   0.00000000E+00
 0.16666667E+02  -0.63232639E-07  -0.54978989E-08   0.00000000E+00
 0.16833333E+02  -0.49835390E-07  -0.42901446E-08   0.00000000E+00
 0.17000000E+02  -0.39276648E-07  -0.33480326E-08   0.00000000E+00
 0.17166667E+02  -0.30955011E-07  -0.26130588E-08   0.00000000E+00
 0.17333333E+02  -0.24396500E-07  -0.20396217E-08   0.00000000E+00
 0.17500000E+02  -0.19227555E-07  -0.15921728E-08   0.00000000E+00
 0.17666667E+02  -0.15153768E-07  -0.12429973E-08   0.00000000E+00
 0.17833333E+02  -0.11943103E-07  -0.97048502E-09   0.00000000E+00
 0.18000000E+02  -0.94126893E-08  -0.75778397E-09   0.00000000E+00
 0.18166667E+02  -0.74184005E-08  -0.59175130E-09   0.00000000E+00
 0.18333333E+02  -0.58466464E-08  -0.46213577E-09   0.00000000E+00
 0.18500000E+02  -0.46079036E-08  -0.36094069E-09   0.00000000E+00
 0.18666667E+02  -0.36316161E-08  -0.28192744E-09   0.00000000E+00
 0.18833333E+02  -0.28621770E-08  -0.22022848E-09   0.00000000E+00
 0.19000000E+02  -0.22557608E-08  -0.17204562E-09   0.00000000E+00
 0.19166667E+02  -0.17778274E-08  -0.13441483E-09   0.00000000E+00
 0.19333333E+02  -0.14011549E-08  -0.10502280E-09   0.00000000E+00
 0.19500000E+02  -0.11042889E-08  -0.82063923E-10   0.00000000E+00
 0.19666667E+02  -0.87032056E-09  -0.64128736E-10   0.00000000E+00
 0.19833333E+02  -0.68592368E-09  -0.50116909E-10   0.00000000E+00
 0.20000000E+02  -0.54059540E-09  -0.39169366E-10   0.00000000E+00
 0.20166667E+02  -0.42605817E-09  -0.30615332E-10   0.00000000E+00
 0.20333333E+02  -0.33578822E-09  -0.23931012E-10   0.00000000E+00
 0.20500000E+02  -0.26464397E-09  -0.18707353E-10   0.00000000E+00
 0.20666667E+02  -0.20857322E-09  -0.14624880E-10   0.00000000E+00
 0.20833333E+02  -0.16438232E-09  -0.11434062E-10   0.00000000E+00
 0.21000000E+02  -0.12955425E-09  -0.89399802E-11   0.00000000E+00
 0.21166667E+02  -0.10210528E-09  -0.69903663E-11   0.00000000E+00
 0.21333333E+02  -0.80471994E-10  -0.54662594E-11   0.00000000E+00
 0.21500000E+02  -0.63422202E-10  -0.42747138E-11   0.00000000E+00
 0.21666667E+02  -0.49984789E-10  -0.33431045E-11   0.00000000E+00
 0.21833333E+02  -0.39394394E-10  -0.26146801E-11   0.00000000E+00
 0.22000000E+02  -0.31047810E-10  -0.20450903E-11   0.00000000E+00
 0.22166667E+02  -0.24469637E-10  -0.15996734E-11   0.00000000E+00
 0.22333333E+02  -0.19285197E-10  -0.12513382E-11   0.00000000E+00
 0.22500000E+02  -0.15199196E-10  -0.97890895E-12   0.00000000E+00
 0.22666667E+02  -0.11978907E-10  -0.76583236E-12   0.00000000E+00
 0.22833333E+02  -0.94409072E-11  -0.59916799E-12   0.00000000E+00
 0.23000000E+02  -0.74406398E-11  -0.46879896E-12   0.00000000E+00
 0.23166667E+02  -0.58641738E-11  -0.36681533E-12   0.00000000E+00
 0.23333333E+02  -0.46217174E-11  -0.28703232E-12   0.00000000E+00
 0.23500000E+02  -0.36425032E-11  -0.22461371E-12   0.00000000E+00
 0.23666667E+02  -0.28707574E-11  -0.17577762E-12   0.00000000E+00
 0.23833333E+02  -0.22625232E-11  -0.13756642E-12   0.00000000E+00
 0.24000000E+02  -0.17831570E-11  -0.10766698E-12   0.00000000E+00
 0.24166667E+02  -0.14053553E-11  -0.84270115E-13   0.00000000E+00
 0.24333333E+02  -0.11075994E-11  -0.65960704E-13   0.00000000E+00
 0.24500000E+02  -0.87292966E-12  -0.51631811E-13   0.00000000E+00
 0.24666667E+02  -0.68797998E-12  -0.40417508E-13   0.00000000E+00
 0.24833333E+02  -0.54221603E-12  -0.31640368E-13   0.00000000E+00
 0.25000000E+02  -0.42733543E-12  -0.24770404E-13   0.00000000E+00
 0.25166667E+02  -0.33679486E-12  -0.19392953E-13   0.00000000E+00
 0.25333333E+02  -0.26543734E-12  -0.15183569E-13   0.00000000E+00
 0.25500000E+02  -0.20919850E-12  -0.11888377E-13   0.00000000E+00
 0.25666667E+02  -0.16487512E-12  -0.93087172E-14   0.00000000E+00
 0.25833333E+02  -0.12994263E-12  -0.72891252E-14   0.00000000E+00
 0.26000000E+02  -0.10241138E-12  -0.57079356E-14   0.00000000E+00
 0.26166667E+02  -0.80713238E-13  -0.44699283E-14   0.00000000E+00
 0.26333333E+02  -0.63612333E-13  -0.35005773E-14   0.00000000E+00
 0.26500000E+02  -0.50134637E-13  -0.27415501E-14   0.00000000E+00
 0.26666667E+02  -0.39512492E-13  -0.21471871E-14   0.00000000E+00
 0.26833333E+02  -0.31140887E-13  -0.16817465E-14   0.00000000E+00
 0.27000000E+02  -0.24542993E-13  -0.13172492E-14   0.00000000E+00
 0.27166667E+02  -0.19343011E-13  -0.10317914E-14   0.00000000E+00
 0.27333333E+02  -0.15244761E-13  -0.80822490E-15   0.00000000E+00
 0.27500000E+02  -0.12014818E-13  -0.63312386E-15   0.00000000E+00
 0.27666667E+02  -0.94692098E-14  -0.49597649E-15   0.00000000E+00
 0.27833333E+02  -0.74629458E-14  -0.38855210E-15   0.00000000E+00
 0.28000000E+02  -0.58817538E-14  -0.30440586E-15   0.00000000E+00
 0.28166667E+02  -0.46355727E-14  -0.23849107E-15   0.00000000E+00
 0.28333333E+02  -0.36534229E-14  -0.18685575E-15   0.00000000E+00
 0.28500000E+02  -0.28793635E-14  -0.14640497E-15   0.00000000E+00
 0.28666667E+02  -0.22693059E-14  -0.11471496E-15   0.00000000E+00
 0.28833333E+02  -0.17885027E-14  -0.89887425E-16   0.00000000E+00
 0.29000000E+02  -0.14095684E-14  -0.70435621E-16   0.00000000E+00
 0.29166667E+02  -0.11109198E-14  -0.55195046E-16   0.00000000E+00
 0.29333333E+02  -0.87554658E-15  -0.43253577E-16   0.00000000E+00
 0.29500000E+02  -0.69004245E-15  -0.33896744E-16   0.00000000E+00
 0.29666667E+02  -0.54384152E-15  -0.26564876E-16   0.00000000E+00
 0.29833333E+02  -0.42861653E-15  -0.20819549E-16   0.00000000E+00
 0.30000000E+02  -0.33780453E-15  -0.16317304E-16   0.00000000E+00
 0.30166667E+02  -0.26623308E-15  -0.12789068E-16   0.00000000E+00
 0.30333333E+02  -0.20982565E-15  -0.10024036E-16   0.00000000E+00
 0.30500000E+02  -0.16536939E-15  -0.78570492E-17   0.00000000E+00
 0.30666667E+02  -0.13033218E-15  -0.61587034E-17   0.00000000E+00
 0.30833333E+02  -0.10271839E-15  -0.48276073E-17   0.00000000E+00
 0.31000000E+02  -0.80955205E-16  -0.37843150E-17   0.00000000E+00
 0.31166667E+02  -0.63803033E-16  -0.29665738E-17   0.00000000E+00
 0.31333333E+02  -0.50284933E-16  -0.23256024E-17   0.00000000E+00
 0.31500000E+02  -0.39630945E-16  -0.18231738E-17   0.00000000E+00
 0.31666667E+02  -0.31234243E-16  -0.14293310E-17   0.00000000E+00
 0.31833333E+02  -0.24616570E-16  -0.11205974E-17   0.00000000E+00
 0.32000000E+02  -0.19400999E-16  -0.87857391E-18   0.00000000E+00
 0.32166667E+02  -0.15290463E-16  -0.68884066E-18   0.00000000E+00
 0.32333333E+02  -0.12050836E-16  -0.54009593E-18   0.00000000E+00
 0.32500000E+02  -0.94975971E-17  -0.42348163E-18   0.00000000E+00
 0.32666667E+02  -0.74853187E-17  -0.33205473E-18   0.00000000E+00
 0.32833333E+02  -0.58993865E-17  -0.26037307E-18   0.00000000E+00
 0.33000000E+02  -0.46494694E-17  -0.20417081E-18   0.00000000E+00
 0.33166667E+02  -0.36643753E-17  -0.16010405E-18   0.00000000E+00
 0.33333333E+02  -0.28879954E-17  -0.12555151E-18   0.00000000E+00
 0.33500000E+02  -0.22761090E-17  -0.98458324E-19   0.00000000E+00
 0.33666667E+02  -0.17938644E-17  -0.77213578E-19   0.00000000E+00
 0.33833333E+02  -0.14137941E-17  -0.60554380E-19   0.00000000E+00
 0.34000000E+02  -0.11142502E-17  -0.47490636E-19   0.00000000E+00
 0.34166667E+02  -0.87817135E-18  -0.37246103E-19   0.00000000E+00
 0.34333333E+02  -0.69211110E-18  -0.29212185E-19   0.00000000E+00
 0.34500000E+02  -0.54547188E-18  -0.22911708E-19   0.00000000E+00
 0.34666667E+02  -0.42990146E-18  -0.17970536E-19   0.00000000E+00
 0.34833333E+02  -0.33881722E-18  -0.14095310E-19   0.00000000E+00
 0.35000000E+02  -0.26703121E-18  -0.11056004E-19   0.00000000E+00
 0.35166667E+02  -0.21045467E-18  -0.86722454E-20   0.00000000E+00
 0.35333333E+02  -0.16586514E-18  -0.68025964E-20   0.00000000E+00
 0.35500000E+02  -0.13072290E-18  -0.53361437E-20   0.00000000E+00
 0.35666667E+02  -0.10302633E-18  -0.41859101E-20   0.00000000E+00
 0.35833333E+02  -0.81197897E-19  -0.32836871E-20   0.00000000E+00
 0.36000000E+02  -0.63994306E-19  -0.25759832E-20   0.00000000E+00
 0.36166667E+02  -0.50435681E-19  -0.20208477E-20   0.00000000E+00
 0.36333333E+02  -0.39749753E-19  -0.15853800E-20   0.00000000E+00
 0.36500000E+02  -0.31327879E-19  -0.12437764E-20   0.00000000E+00
 0.36666667E+02  -0.24690367E-19  -0.97579885E-21   0.00000000E+00
 0.36833333E+02  -0.19459160E-19  -0.76557415E-21   0.00000000E+00
 0.37000000E+02  -0.15336302E-19  -0.60065226E-21   0.00000000E+00
 0.37166667E+02  -0.12086963E-19  -0.47126781E-21   0.00000000E+00
 0.37333333E+02  -0.95260696E-20  -0.36976106E-21   0.00000000E+00
 0.37500000E+02  -0.75077586E-20  -0.29012371E-21   0.00000000E+00
 0.37666667E+02  -0.59170720E-20  -0.22764277E-21   0.00000000E+00
 0.37833333E+02  -0.46634079E-20  -0.17862119E-21   0.00000000E+00
 0.38000000E+02  -0.36753606E-20  -0.14015886E-21   0.00000000E+00
 0.38166667E+02  -0.28966532E-20  -0.10998070E-21   0.00000000E+00
 0.38333333E+02  -0.22829324E-20  -0.86301962E-22   0.00000000E+00
 0.38500000E+02  -0.17992421E-20  -0.67722515E-22   0.00000000E+00
 0.38666667E+02  -0.14180324E-20  -0.53143924E-22   0.00000000E+00
 0.38833333E+02  -0.11175905E-20  -0.41704435E-22   0.00000000E+00
 0.39000000E+02  -0.88080398E-21  -0.32727954E-22   0.00000000E+00
 0.39166667E+02  -0.69418595E-21  -0.25684044E-22   0.00000000E+00
 0.39333333E+02  -0.54710713E-21  -0.20156532E-22   0.00000000E+00
 0.39500000E+02  -0.43119024E-21  -0.15818891E-22   0.00000000E+00
 0.39666667E+02  -0.33983294E-21  -0.12414921E-22   0.00000000E+00
 0.39833333E+02  -0.26783173E-21  -0.97436028E-23   0.00000000E+00
 0.40000000E+02  -0.21108559E-21  -0.76472058E-23   0.00000000E+00

Wood-Saxon orbitals: potentials
        r                vc              vls              vem 
 0.16666667E+00  -0.71785860E+02  -0.33913686E+02   0.00000000E+00
 0.33333333E+00  -0.70538307E+02  -0.20840045E+02   0.00000000E+00
 0.50000000E+00  -0.69016442E+02  -0.16941420E+02   0.00000000E+00
 0.66666667E+00  -0.67177457E+02  -0.15346016E+02   0.00000000E+00
 0.83333333E+00  -0.64980546E+02  -0.14657200E+02   0.00000000E+00
 0.10000000E+01  -0.62391627E+02  -0.14382888E+02   0.00000000E+00
 0.11666667E+01  -0.59389373E+02  -0.14283268E+02   0.00000000E+00
 0.13333333E+01  -0.55971978E+02  -0.14210303E+02   0.00000000E+00
 0.15000000E+01  -0.52163458E+02  -0.14058720E+02   0.00000000E+00
 0.16666667E+01  -0.48017819E+02  -0.13752096E+02   0.00000000E+00
 0.18333333E+01  -0.43619292E+02  -0.13241956E+02   0.00000000E+00
 0.20000000E+01  -0.39077428E+02  -0.12510539E+02   0.00000000E+00
 0.21666667E+01  -0.34517126E+02  -0.11571824E+02   0.00000000E+00
 0.23333333E+01  -0.30065313E+02  -0.10467806E+02   0.00000000E+00
 0.25000000E+01  -0.25837162E+02  -0.92596739E+01   0.00000000E+00
 0.26666667E+01  -0.21924916E+02  -0.80159370E+01   0.00000000E+00
 0.28333333E+01  -0.18391452E+02  -0.68007752E+01   0.00000000E+00
 0.30000000E+01  -0.15269112E+02  -0.56655035E+01   0.00000000E+00
 0.31666667E+01  -0.12562923E+02  -0.46444939E+01   0.00000000E+00
 0.33333333E+01  -0.10256465E+02  -0.37552295E+01   0.00000000E+00
 0.35000000E+01  -0.83186540E+01  -0.30011280E+01   0.00000000E+00
 0.36666667E+01  -0.67100687E+01  -0.23755577E+01   0.00000000E+00
 0.38333333E+01  -0.53880781E+01  -0.18658198E+01   0.00000000E+00
 0.40000000E+01  -0.43105323E+01  -0.14564097E+01   0.00000000E+00
 0.41666667E+01  -0.34381127E+01  -0.11313329E+01   0.00000000E+00
 0.43333333E+01  -0.27356046E+01  -0.87554092E+00   0.00000000E+00
 0.45000000E+01  -0.21723915E+01  -0.67567938E+00   0.00000000E+00
 0.46666667E+01  -0.17224390E+01  -0.52036285E+00   0.00000000E+00
 0.48333333E+01  -0.13639796E+01  -0.40015866E+00   0.00000000E+00
 0.50000000E+01  -0.10790482E+01  -0.30741408E+00   0.00000000E+00
 0.51666667E+01  -0.85296545E+00  -0.23601639E+00   0.00000000E+00
 0.53333333E+01  -0.67383040E+00  -0.18113941E+00   0.00000000E+00
 0.55000000E+01  -0.53205287E+00  -0.13900578E+00   0.00000000E+00
 0.56666667E+01  -0.41994163E+00  -0.10667820E+00   0.00000000E+00
 0.58333333E+01  -0.33135127E+00  -0.81883601E-01   0.00000000E+00
 0.60000000E+01  -0.26138590E+00  -0.62869194E-01   0.00000000E+00
 0.61666667E+01  -0.20615403E+00  -0.48286809E-01   0.00000000E+00
 0.63333333E+01  -0.16256809E+00  -0.37101372E-01   0.00000000E+00
 0.65000000E+01  -0.12818186E+00  -0.28519157E-01   0.00000000E+00
 0.66666667E+01  -0.10105938E+00  -0.21931979E-01   0.00000000E+00
 0.68333333E+01  -0.79669892E-01  -0.16874020E-01   0.00000000E+00
 0.70000000E+01  -0.62803839E-01  -0.12988559E-01   0.00000000E+00
 0.71666667E+01  -0.49506014E-01  -0.10002417E-01   0.00000000E+00
 0.73333333E+01  -0.39022384E-01  -0.77063472E-02   0.00000000E+00
 0.75000000E+01  -0.30757928E-01  -0.59400320E-02   0.00000000E+00
 0.76666667E+01  -0.24243229E-01  -0.45805918E-02   0.00000000E+00
 0.78333333E+01  -0.19108036E-01  -0.35338037E-02   0.00000000E+00
 0.80000000E+01  -0.15060364E-01  -0.27273839E-02   0.00000000E+00
 0.81666667E+01  -0.11869982E-01  -0.21058524E-02   0.00000000E+00
 0.83333333E+01  -0.93553671E-02  -0.16266047E-02   0.00000000E+00
 0.85000000E+01  -0.73734135E-02  -0.12569072E-02   0.00000000E+00
 0.86666667E+01  -0.58113090E-02  -0.97159700E-03   0.00000000E+00
 0.88333333E+01  -0.45801266E-02  -0.75132114E-03   0.00000000E+00
 0.90000000E+01  -0.36097699E-02  -0.58118770E-03   0.00000000E+00
 0.91666667E+01  -0.28449877E-02  -0.44973182E-03   0.00000000E+00
 0.93333333E+01  -0.22422310E-02  -0.34812272E-03   0.00000000E+00
 0.95000000E+01  -0.17671751E-02  -0.26955540E-03   0.00000000E+00
 0.96666667E+01  -0.13927663E-02  -0.20878349E-03   0.00000000E+00
 0.98333333E+01  -0.10976818E-02  -0.16176046E-03   0.00000000E+00
 0.10000000E+02  -0.86511600E-03  -0.12536393E-03   0.00000000E+00
 0.10166667E+02  -0.68182344E-03  -0.97183572E-04   0.00000000E+00
 0.10333333E+02  -0.53736490E-03  -0.75358000E-04   0.00000000E+00
 0.10500000E+02  -0.42351275E-03  -0.58449188E-04   0.00000000E+00
 0.10666667E+02  -0.33378249E-03  -0.45345765E-04   0.00000000E+00
 0.10833333E+02  -0.26306345E-03  -0.35188503E-04   0.00000000E+00
 0.11000000E+02  -0.20732772E-03  -0.27312877E-04   0.00000000E+00
 0.11166667E+02  -0.16340080E-03  -0.21204776E-04   0.00000000E+00
 0.11333333E+02  -0.12878074E-03  -0.16466321E-04   0.00000000E+00
 0.11500000E+02  -0.10149570E-03  -0.12789492E-04   0.00000000E+00
 0.11666667E+02  -0.79991584E-04  -0.99357614E-05   0.00000000E+00
 0.11833333E+02  -0.63043592E-04  -0.77203610E-05   0.00000000E+00
 0.12000000E+02  -0.49686405E-04  -0.60001234E-05   0.00000000E+00
 0.12166667E+02  -0.39159234E-04  -0.46640855E-05   0.00000000E+00
 0.12333333E+02  -0.30862477E-04  -0.36262212E-05   0.00000000E+00
 0.12500000E+02  -0.24323573E-04  -0.28198200E-05   0.00000000E+00
 0.12666667E+02  -0.19170081E-04  -0.21931366E-05   0.00000000E+00
 0.12833333E+02  -0.15108472E-04  -0.17060240E-05   0.00000000E+00
 0.13000000E+02  -0.11907404E-04  -0.13273268E-05   0.00000000E+00
 0.13166667E+02  -0.93845546E-05  -0.10328612E-05   0.00000000E+00
 0.13333333E+02  -0.73962270E-05  -0.80385114E-06   0.00000000E+00
 0.13500000E+02  -0.58291709E-05  -0.62571588E-06   0.00000000E+00
 0.13666667E+02  -0.45941307E-05  -0.48713004E-06   0.00000000E+00
 0.13833333E+02  -0.36207614E-05  -0.37929510E-06   0.00000000E+00
 0.14000000E+02  -0.28536221E-05  -0.29537423E-06   0.00000000E+00
 0.14166667E+02  -0.22490184E-05  -0.23005386E-06   0.00000000E+00
 0.14333333E+02  -0.17725136E-05  -0.17920353E-06   0.00000000E+00
 0.14500000E+02  -0.13969669E-05  -0.13961186E-06   0.00000000E+00
 0.14666667E+02  -0.11009882E-05  -0.10878160E-06   0.00000000E+00
 0.14833333E+02  -0.86771925E-06  -0.84770484E-07   0.00000000E+00
 0.15000000E+02  -0.68387352E-06  -0.66067628E-07   0.00000000E+00
 0.15166667E+02  -0.53897961E-06  -0.51497528E-07   0.00000000E+00
 0.15333333E+02  -0.42478473E-06  -0.40145466E-07   0.00000000E+00
 0.15500000E+02  -0.33478458E-06  -0.31299539E-07   0.00000000E+00
 0.15666667E+02  -0.26385298E-06  -0.24405605E-07   0.00000000E+00
 0.15833333E+02  -0.20794982E-06  -0.19032261E-07   0.00000000E+00
 0.16000000E+02  -0.16389100E-06  -0.14843602E-07   0.00000000E+00
 0.16166667E+02  -0.12916702E-06  -0.11578048E-07   0.00000000E+00
 0.16333333E+02  -0.10180010E-06  -0.90318678E-08   0.00000000E+00
 0.16500000E+02  -0.80231471E-07  -0.70463629E-08   0.00000000E+00
 0.16666667E+02  -0.63232639E-07  -0.54978989E-08   0.00000000E+00
 0.16833333E+02  -0.49835390E-07  -0.42901446E-08   0.00000000E+00
 0.17000000E+02  -0.39276648E-07  -0.33480326E-08   0.00000000E+00
 0.17166667E+02  -0.30955011E-07  -0.26130588E-08   0.00000000E+00
 0.17333333E+02  -0.24396500E-07  -0.20396217E-08   0.00000000E+00
 0.17500000E+02  -0.19227555E-07  -0.15921728E-08   0.00000000E+00
 0.17666667E+02  -0.15153768E-07  -0.12429973E-08   0.00000000E+00
 0.17833333E+02  -0.11943103E-07  -0.97048502E-09   0.00000000E+00
 0.18000000E+02  -0.94126893E-08  -0.75778397E-09   0.00000000E+00
 0.18166667E+02  -0.74184005E-08  -0.59175130E-09   0.00000000E+00
 0.18333333E+02  -0.58466464E-08  -0.46213577E-09   0.00000000E+00
 0.18500000E+02  -0.46079036E-08  -0.36094069E-09   0.00000000E+00
 0.18666667E+02  -0.36316161E-08  -0.28192744E-09   0.00000000E+00
 0.18833333E+02  -0.28621770E-08  -0.22022848E-09   0.00000000E+00
 0.19000000E+02  -0.22557608E-08  -0.17204562E-09   0.00000000E+00
 0.19166667E+02  -0.17778274E-08  -0.13441483E-09   0.00000000E+00
 0.19333333E+02  -0.14011549E-08  -0.10502280E-09   0.00000000E+00
 0.19500000E+02  -0.11042889E-08  -0.82063923E-10   0.00000000E+00
 0.19666667E+02  -0.87032056E-09  -0.64128736E-10   0.00000000E+00
 0.19833333E+02  -0.68592368E-09  -0.50116909E-10   0.00000000E+00
 0.20000000E+02  -0.54059540E-09  -0.39169366E-10   0.00000000E+00
 0.20166667E+02  -0.42605817E-09  -0.30615332E-10   0.00000000E+00
 0.20333333E+02  -0.33578822E-09  -0.23931012E-10   0.00000000E+00
 0.20500000E+02  -0.26464397E-09  -0.18707353E-10   0.00000000E+00
 0.20666667E+02  -0.20857322E-09  -0.14624880E-10   0.00000000E+00
 0.20833333E+02  -0.16438232E-09  -0.11434062E-10   0.00000000E+00
 0.21000000E+02  -0.12955425E-09  -0.89399802E-11   0.00000000E+00
 0.21166667E+02  -0.10210528E-09  -0.69903663E-11   0.00000000E+00
 0.21333333E+02  -0.80471994E-10  -0.54662594E-11   0.00000000E+00
 0.21500000E+02  -0.63422202E-10  -0.42747138E-11   0.00000000E+00
 0.21666667E+02  -0.49984789E-10  -0.33431045E-11   0.00000000E+00
 0.21833333E+02  -0.39394394E-10  -0.26146801E-11   0.00000000E+00
 0.22000000E+02  -0.31047810E-10  -0.20450903E-11   0.00000000E+00
 0.22166667E+02  -0.24469637E-10  -0.15996734E-11   0.00000000E+00
 0.22333333E+02  -0.19285197E-10  -0.12513382E-11   0.00000000E+00
 0.22500000E+02  -0.15199196E-10  -0.97890895E-12   0.00000000E+00
 0.22666667E+02  -0.11978907E-10  -0.76583236E-12   0.00000000E+00
 0.22833333E+02  -0.94409072E-11  -0.59916799E-12   0.00000000E+00
 0.23000000E+02  -0.74406398E-11  -0.46879896E-12   0.00000000E+00
 0.23166667E+02  -0.58641738E-11  -0.36681533E-12   0.00000000E+00
 0.23333333E+02  -0.46217174E-11  -0.28703232E-12   0.00000000E+00
 0.23500000E+02  -0.36425032E-11  -0.22461371E-12   0.00000000E+00
 0.23666667E+02  -0.28707574E-11  -0.17577762E-12   0.00000000E+00
 0.23833333E+02  -0.22625232E-11  -0.13756642E-12   0.00000000E+00
 0.24000000E+02  -0.17831570E-11  -0.10766698E-12   0.00000000E+00
 0.24166667E+02  -0.14053553E-11  -0.84270115E-13   0.00000000E+00
 0.24333333E+02  -0.11075994E-11  -0.65960704E-13   0.00000000E+00
 0.24500000E+02  -0.87292966E-12  -0.51631811E-13   0.00000000E+00
 0.24666667E+02  -0.68797998E-12  -0.40417508E-13   0.00000000E+00
 0.24833333E+02  -0.54221603E-12  -0.31640368E-13   0.00000000E+00
 0.25000000E+02  -0.42733543E-12  -0.24770404E-13   0.00000000E+00
 0.25166667E+02  -0.33679486E-12  -0.19392953E-13   0.00000000E+00
 0.25333333E+02  -0.26543734E-12  -0.15183569E-13   0.00000000E+00
 0.25500000E+02  -0.20919850E-12  -0.11888377E-13   0.00000000E+00
 0.25666667E+02  -0.16487512E-12  -0.93087172E-14   0.00000000E+00
 0.25833333E+02  -0.12994263E-12  -0.72891252E-14   0.00000000E+00
 0.26000000E+02  -0.10241138E-12  -0.57079356E-14   0.00000000E+00
 0.26166667E+02  -0.80713238E-13  -0.44699283E-14   0.00000000E+00
 0.26333333E+02  -0.63612333E-13  -0.35005773E-14   0.00000000E+00
 0.26500000E+02  -0.50134637E-13  -0.27415501E-14   0.00000000E+00
 0.26666667E+02  -0.39512492E-13  -0.21471871E-14   0.00000000E+00
 0.26833333E+02  -0.31140887E-13  -0.16817465E-14   0.00000000E+00
 0.27000000E+02  -0.24542993E-13  -0.13172492E-14   0.00000000E+00
 0.27166667E+02  -0.19343011E-13  -0.10317914E-14   0.00000000E+00
 0.27333333E+02  -0.15244761E-13  -0.80822490E-15   0.00000000E+00
 0.27500000E+02  -0.12014818E-13  -0.63312386E-15   0.00000000E+00
 0.27666667E+02  -0.94692098E-14  -0.49597649E-15   0.00000000E+00
 0.27833333E+02  -0.74629458E-14  -0.38855210E-15   0.00000000E+00
 0.28000000E+02  -0.58817538E-14  -0.30440586E-15   0.00000000E+00
 0.28166667E+02  -0.46355727E-14  -0.23849107E-15   0.00000000E+00
 0.28333333E+02  -0.36534229E-14  -0.18685575E-15   0.00000000E+00
 0.28500000E+02  -0.28793635E-14  -0.14640497E-15   0.00000000E+00
 0.28666667E+02  -0.22693059E-14  -0.11471496E-15   0.00000000E+00
 0.28833333E+02  -0.17885027E-14  -0.89887425E-16   0.00000000E+00
 0.29000000E+02  -0.14095684E-14  -0.70435621E-16   0.00000000E+00
 0.29166667E+02  -0.11109198E-14  -0.55195046E-16   0.00000000E+00
 0.29333333E+02  -0.87554658E-15  -0.43253577E-16   0.00000000E+00
 0.29500000E+02  -0.69004245E-15  -0.33896744E-16   0.00000000E+00
 0.29666667E+02  -0.54384152E-15  -0.26564876E-16   0.00000000E+00
 0.29833333E+02  -0.42861653E-15  -0.20819549E-16   0.00000000E+00
 0.30000000E+02  -0.33780453E-15  -0.16317304E-16   0.00000000E+00
 0.30166667E+02  -0.26623308E-15  -0.12789068E-16   0.00000000E+00
 0.30333333E+02  -0.20982565E-15  -0.10024036E-16   0.00000000E+00
 0.30500000E+02  -0.16536939E-15  -0.78570492E-17   0.00000000E+00
 0.30666667E+02  -0.13033218E-15  -0.61587034E-17   0.00000000E+00
 0.30833333E+02  -0.10271839E-15  -0.48276073E-17   0.00000000E+00
 0.31000000E+02  -0.80955205E-16  -0.37843150E-17   0.00000000E+00
 0.31166667E+02  -0.63803033E-16  -0.29665738E-17   0.00000000E+00
 0.31333333E+02  -0.50284933E-16  -0.23256024E-17   0.00000000E+00
 0.31500000E+02  -0.39630945E-16  -0.18231738E-17   0.00000000E+00
 0.31666667E+02  -0.31234243E-16  -0.14293310E-17   0.00000000E+00
 0.31833333E+02  -0.24616570E-16  -0.11205974E-17   0.00000000E+00
 0.32000000E+02  -0.19400999E-16  -0.87857391E-18   0.00000000E+00
 0.32166667E+02  -0.15290463E-16  -0.68884066E-18   0.00000000E+00
 0.32333333E+02  -0.12050836E-16  -0.54009593E-18   0.00000000E+00
 0.32500000E+02  -0.94975971E-17  -0.42348163E-18   0.00000000E+00
 0.32666667E+02  -0.74853187E-17  -0.33205473E-18   0.00000000E+00
 0.32833333E+02  -0.58993865E-17  -0.26037307E-18   0.00000000E+00
 0.33000000E+02  -0.46494694E-17  -0.20417081E-18   0.00000000E+00
 0.33166667E+02  -0.36643753E-17  -0.16010405E-18   0.00000000E+00
 0.33333333E+02  -0.28879954E-17  -0.12555151E-18   0.00000000E+00
 0.33500000E+02  -0.22761090E-17  -0.98458324E-19   0.00000000E+00
 0.33666667E+02  -0.17938644E-17  -0.77213578E-19   0.00000000E+00
 0.33833333E+02  -0.14137941E-17  -0.60554380E-19   0.00000000E+00
 0.34000000E+02  -0.11142502E-17  -0.47490636E-19   0.00000000E+00
 0.34166667E+02  -0.87817135E-18  -0.37246103E-19   0.00000000E+00
 0.34333333E+02  -0.69211110E-18  -0.29212185E-19   0.00000000E+00
 0.34500000E+02  -0.54547188E-18  -0.22911708E-19   0.00000000E+00
 0.34666667E+02  -0.42990146E-18  -0.17970536E-19   0.00000000E+00
 0.34833333E+02  -0.33881722E-18  -0.14095310E-19   0.00000000E+00
 0.35000000E+02  -0.26703121E-18  -0.11056004E-19   0.00000000E+00
 0.35166667E+02  -0.21045467E-18  -0.86722454E-20   0.00000000E+00
 0.35333333E+02  -0.16586514E-18  -0.68025964E-20   0.00000000E+00
 0.35500000E+02  -0.13072290E-18  -0.53361437E-20   0.00000000E+00
 0.35666667E+02  -0.10302633E-18  -0.41859101E-20   0.00000000E+00
 0.35833333E+02  -0.81197897E-19  -0.32836871E-20   0.00000000E+00
 0.36000000E+02  -0.63994306E-19  -0.25759832E-20   0.00000000E+00
 0.36166667E+02  -0.50435681E-19  -0.20208477E-20   0.00000000E+00
 0.36333333E+02  -0.39749753E-19  -0.15853800E-20   0.00000000E+00
 0.36500000E+02  -0.31327879E-19  -0.12437764E-20   0.00000000E+00
 0.36666667E+02  -0.24690367E-19  -0.97579885E-21   0.00000000E+00
 0.36833333E+02  -0.19459160E-19  -0.76557415E-21   0.00000000E+00
 0.37000000E+02  -0.15336302E-19  -0.60065226E-21   0.00000000E+00
 0.37166667E+02  -0.12086963E-19  -0.47126781E-21   0.00000000E+00
 0.37333333E+02  -0.95260696E-20  -0.36976106E-21   0.00000000E+00
 0.37500000E+02  -0.75077586E-20  -0.29012371E-21   0.00000000E+00
 0.37666667E+02  -0.59170720E-20  -0.22764277E-21   0.00000000E+00
 0.37833333E+02  -0.46634079E-20  -0.17862119E-21   0.00000000E+00
 0.38000000E+02  -0.36753606E-20  -0.14015886E-21   0.00000000E+00
 0.38166667E+02  -0.28966532E-20  -0.10998070E-21   0.00000000E+00
 0.38333333E+02  -0.22829324E-20  -0.86301962E-22   0.00000000E+00
 0.38500000E+02  -0.17992421E-20  -0.67722515E-22   0.00000000E+00
 0.38666667E+02  -0.14180324E-20  -0.53143924E-22   0.00000000E+00
 0.38833333E+02  -0.11175905E-20  -0.41704435E-22   0.00000000E+00
 0.39000000E+02  -0.88080398E-21  -0.32727954E-22   0.00000000E+00
 0.39166667E+02  -0.69418595E-21  -0.25684044E-22   0.00000000E+00
 0.39333333E+02  -0.54710713E-21  -0.20156532E-22   0.00000000E+00
 0.39500000E+02  -0.43119024E-21  -0.15818891E-22   0.00000000E+00
 0.39666667E+02  -0.33983294E-21  -0.12414921E-22   0.00000000E+00
 0.39833333E+02  -0.26783173E-21  -0.97436028E-23   0.00000000E+00
 0.40000000E+02  -0.21108559E-21  -0.76472058E-23   0.00000000E+00

Wood-Saxon orbitals: potentials
        r                vc              vls              vem 
 0.16666667E+00  -0.71785860E+02  -0.33913686E+02   0.00000000E+00
 0.33333333E+00  -0.70538307E+02  -0.20840045E+02   0.00000000E+00
 0.50000000E+00  -0.69016442E+02  -0.16941420E+02   0.00000000E+00
 0.66666667E+00  -0.67177457E+02  -0.15346016E+02   0.00000000E+00
 0.83333333E+00  -0.64980546E+02  -0.14657200E+02   0.00000000E+00
 0.10000000E+01  -0.62391627E+02  -0.14382888E+02   0.00000000E+00
 0.11666667E+01  -0.59389373E+02  -0.14283268E+02   0.00000000E+00
 0.13333333E+01  -0.55971978E+02  -0.14210303E+02   0.00000000E+00
 0.15000000E+01  -0.52163458E+02  -0.14058720E+02   0.00000000E+00
 0.16666667E+01  -0.48017819E+02  -0.13752096E+02   0.00000000E+00
 0.18333333E+01  -0.43619292E+02  -0.13241956E+02   0.00000000E+00
 0.20000000E+01  -0.39077428E+02  -0.12510539E+02   0.00000000E+00
 0.21666667E+01  -0.34517126E+02  -0.11571824E+02   0.00000000E+00
 0.23333333E+01  -0.30065313E+02  -0.10467806E+02   0.00000000E+00
 0.25000000E+01  -0.25837162E+02  -0.92596739E+01   0.00000000E+00
 0.26666667E+01  -0.21924916E+02  -0.80159370E+01   0.00000000E+00
 0.28333333E+01  -0.18391452E+02  -0.68007752E+01   0.00000000E+00
 0.30000000E+01  -0.15269112E+02  -0.56655035E+01   0.00000000E+00
 0.31666667E+01  -0.12562923E+02  -0.46444939E+01   0.00000000E+00
 0.33333333E+01  -0.10256465E+02  -0.37552295E+01   0.00000000E+00
 0.35000000E+01  -0.83186540E+01  -0.30011280E+01   0.00000000E+00
 0.36666667E+01  -0.67100687E+01  -0.23755577E+01   0.00000000E+00
 0.38333333E+01  -0.53880781E+01  -0.18658198E+01   0.00000000E+00
 0.40000000E+01  -0.43105323E+01  -0.14564097E+01   0.00000000E+00
 0.41666667E+01  -0.34381127E+01  -0.11313329E+01   0.00000000E+00
 0.43333333E+01  -0.27356046E+01  -0.87554092E+00   0.00000000E+00
 0.45000000E+01  -0.21723915E+01  -0.67567938E+00   0.00000000E+00
 0.46666667E+01  -0.17224390E+01  -0.52036285E+00   0.00000000E+00
 0.48333333E+01  -0.13639796E+01  -0.40015866E+00   0.00000000E+00
 0.50000000E+01  -0.10790482E+01  -0.30741408E+00   0.00000000E+00
 0.51666667E+01  -0.85296545E+00  -0.23601639E+00   0.00000000E+00
 0.53333333E+01  -0.67383040E+00  -0.18113941E+00   0.00000000E+00
 0.55000000E+01  -0.53205287E+00  -0.13900578E+00   0.00000000E+00
 0.56666667E+01  -0.41994163E+00  -0.10667820E+00   0.00000000E+00
 0.58333333E+01  -0.33135127E+00  -0.81883601E-01   0.00000000E+00
 0.60000000E+01  -0.26138590E+00  -0.62869194E-01   0.00000000E+00
 0.61666667E+01  -0.20615403E+00  -0.48286809E-01   0.00000000E+00
 0.63333333E+01  -0.16256809E+00  -0.37101372E-01   0.00000000E+00
 0.65000000E+01  -0.12818186E+00  -0.28519157E-01   0.00000000E+00
 0.66666667E+01  -0.10105938E+00  -0.21931979E-01   0.00000000E+00
 0.68333333E+01  -0.79669892E-01  -0.16874020E-01   0.00000000E+00
 0.70000000E+01  -0.62803839E-01  -0.12988559E-01   0.00000000E+00
 0.71666667E+01  -0.49506014E-01  -0.10002417E-01   0.00000000E+00
 0.73333333E+01  -0.39022384E-01  -0.77063472E-02   0.00000000E+00
 0.75000000E+01  -0.30757928E-01  -0.59400320E-02   0.00000000E+00
 0.76666667E+01  -0.24243229E-01  -0.45805918E-02   0.00000000E+00
 0.78333333E+01  -0.19108036E-01  -0.35338037E-02   0.00000000E+00
 0.80000000E+01  -0.15060364E-01  -0.27273839E-02   0.00000000E+00
 0.81666667E+01  -0.11869982E-01  -0.21058524E-02   0.00000000E+00
 0.83333333E+01  -0.93553671E-02  -0.16266047E-02   0.00000000E+00
 0.85000000E+01  -0.73734135E-02  -0.12569072E-02   0.00000000E+00
 0.86666667E+01  -0.58113090E-02  -0.97159700E-03   0.00000000E+00
 0.88333333E+01  -0.45801266E-02  -0.75132114E-03   0.00000000E+00
 0.90000000E+01  -0.36097699E-02  -0.58118770E-03   0.00000000E+00
 0.91666667E+01  -0.28449877E-02  -0.44973182E-03   0.00000000E+00
 0.93333333E+01  -0.22422310E-02  -0.34812272E-03   0.00000000E+00
 0.95000000E+01  -0.17671751E-02  -0.26955540E-03   0.00000000E+00
 0.96666667E+01  -0.13927663E-02  -0.20878349E-03   0.00000000E+00
 0.98333333E+01  -0.10976818E-02  -0.16176046E-03   0.00000000E+00
 0.10000000E+02  -0.86511600E-03  -0.12536393E-03   0.00000000E+00
 0.10166667E+02  -0.68182344E-03  -0.97183572E-04   0.00000000E+00
 0.10333333E+02  -0.53736490E-03  -0.75358000E-04   0.00000000E+00
 0.10500000E+02  -0.42351275E-03  -0.58449188E-04   0.00000000E+00
 0.10666667E+02  -0.33378249E-03  -0.45345765E-04   0.00000000E+00
 0.10833333E+02  -0.26306345E-03  -0.35188503E-04   0.00000000E+00
 0.11000000E+02  -0.20732772E-03  -0.27312877E-04   0.00000000E+00
 0.11166667E+02  -0.16340080E-03  -0.21204776E-04   0.00000000E+00
 0.11333333E+02  -0.12878074E-03  -0.16466321E-04   0.00000000E+00
 0.11500000E+02  -0.10149570E-03  -0.12789492E-04   0.00000000E+00
 0.11666667E+02  -0.79991584E-04  -0.99357614E-05   0.00000000E+00
 0.11833333E+02  -0.63043592E-04  -0.77203610E-05   0.00000000E+00
 0.12000000E+02  -0.49686405E-04  -0.60001234E-05   0.00000000E+00
 0.12166667E+02  -0.39159234E-04  -0.46640855E-05   0.00000000E+00
 0.12333333E+02  -0.30862477E-04  -0.36262212E-05   0.00000000E+00
 0.12500000E+02  -0.24323573E-04  -0.28198200E-05   0.00000000E+00
 0.12666667E+02  -0.19170081E-04  -0.21931366E-05   0.00000000E+00
 0.12833333E+02  -0.15108472E-04  -0.17060240E-05   0.00000000E+00
 0.13000000E+02  -0.11907404E-04  -0.13273268E-05   0.00000000E+00
 0.13166667E+02  -0.93845546E-05  -0.10328612E-05   0.00000000E+00
 0.13333333E+02  -0.73962270E-05  -0.80385114E-06   0.00000000E+00
 0.13500000E+02  -0.58291709E-05  -0.62571588E-06   0.00000000E+00
 0.13666667E+02  -0.45941307E-05  -0.48713004E-06   0.00000000E+00
 0.13833333E+02  -0.36207614E-05  -0.37929510E-06   0.00000000E+00
 0.14000000E+02  -0.28536221E-05  -0.29537423E-06   0.00000000E+00
 0.14166667E+02  -0.22490184E-05  -0.23005386E-06   0.00000000E+00
 0.14333333E+02  -0.17725136E-05  -0.17920353E-06   0.00000000E+00
 0.14500000E+02  -0.13969669E-05  -0.13961186E-06   0.00000000E+00
 0.14666667E+02  -0.11009882E-05  -0.10878160E-06   0.00000000E+00
 0.14833333E+02  -0.86771925E-06  -0.84770484E-07   0.00000000E+00
 0.15000000E+02  -0.68387352E-06  -0.66067628E-07   0.00000000E+00
 0.15166667E+02  -0.53897961E-06  -0.51497528E-07   0.00000000E+00
 0.15333333E+02  -0.42478473E-06  -0.40145466E-07   0.00000000E+00
 0.15500000E+02  -0.33478458E-06  -0.31299539E-07   0.00000000E+00
 0.15666667E+02  -0.26385298E-06  -0.24405605E-07   0.00000000E+00
 0.15833333E+02  -0.20794982E-06  -0.19032261E-07   0.00000000E+00
 0.16000000E+02  -0.16389100E-06  -0.14843602E-07   0.00000000E+00
 0.16166667E+02  -0.12916702E-06  -0.11578048E-07   0.00000000E+00
 0.16333333E+02  -0.10180010E-06  -0.90318678E-08   0.00000000E+00
 0.16500000E+02  -0.80231471E-07  -0.70463629E-08   0.00000000E+00
 0.16666667E+02  -0.63232639E-07  -0.54978989E-08   0.00000000E+00
 0.16833333E+02  -0.49835390E-07  -0.42901446E-08   0.00000000E+00
 0.17000000E+02  -0.39276648E-07  -0.33480326E-08   0.00000000E+00
 0.17166667E+02  -0.30955011E-07  -0.26130588E-08   0.00000000E+00
 0.17333333E+02  -0.24396500E-07  -0.20396217E-08   0.00000000E+00
 0.17500000E+02  -0.19227555E-07  -0.15921728E-08   0.00000000E+00
 0.17666667E+02  -0.15153768E-07  -0.12429973E-08   0.00000000E+00
 0.17833333E+02  -0.11943103E-07  -0.97048502E-09   0.00000000E+00
 0.18000000E+02  -0.94126893E-08  -0.75778397E-09   0.00000000E+00
 0.18166667E+02  -0.74184005E-08  -0.59175130E-09   0.00000000E+00
 0.18333333E+02  -0.58466464E-08  -0.46213577E-09   0.00000000E+00
 0.18500000E+02  -0.46079036E-08  -0.36094069E-09   0.00000000E+00
 0.18666667E+02  -0.36316161E-08  -0.28192744E-09   0.00000000E+00
 0.18833333E+02  -0.28621770E-08  -0.22022848E-09   0.00000000E+00
 0.19000000E+02  -0.22557608E-08  -0.17204562E-09   0.00000000E+00
 0.19166667E+02  -0.17778274E-08  -0.13441483E-09   0.00000000E+00
 0.19333333E+02  -0.14011549E-08  -0.10502280E-09   0.00000000E+00
 0.19500000E+02  -0.11042889E-08  -0.82063923E-10   0.00000000E+00
 0.19666667E+02  -0.87032056E-09  -0.64128736E-10   0.00000000E+00
 0.19833333E+02  -0.68592368E-09  -0.50116909E-10   0.00000000E+00
 0.20000000E+02  -0.54059540E-09  -0.39169366E-10   0.00000000E+00
 0.20166667E+02  -0.42605817E-09  -0.30615332E-10   0.00000000E+00
 0.20333333E+02  -0.33578822E-09  -0.23931012E-10   0.00000000E+00
 0.20500000E+02  -0.26464397E-09  -0.18707353E-10   0.00000000E+00
 0.20666667E+02  -0.20857322E-09  -0.14624880E-10   0.00000000E+00
 0.20833333E+02  -0.16438232E-09  -0.11434062E-10   0.00000000E+00
 0.21000000E+02  -0.12955425E-09  -0.89399802E-11   0.00000000E+00
 0.21166667E+02  -0.10210528E-09  -0.69903663E-11   0.00000000E+00
 0.21333333E+02  -0.80471994E-10  -0.54662594E-11   0.00000000E+00
 0.21500000E+02  -0.63422202E-10  -0.42747138E-11   0.00000000E+00
 0.21666667E+02  -0.49984789E-10  -0.33431045E-11   0.00000000E+00
 0.21833333E+02  -0.39394394E-10  -0.26146801E-11   0.00000000E+00
 0.22000000E+02  -0.31047810E-10  -0.20450903E-11   0.00000000E+00
 0.22166667E+02  -0.24469637E-10  -0.15996734E-11   0.00000000E+00
 0.22333333E+02  -0.19285197E-10  -0.12513382E-11   0.00000000E+00
 0.22500000E+02  -0.15199196E-10  -0.97890895E-12   0.00000000E+00
 0.22666667E+02  -0.11978907E-10  -0.76583236E-12   0.00000000E+00
 0.22833333E+02  -0.94409072E-11  -0.59916799E-12   0.00000000E+00
 0.23000000E+02  -0.74406398E-11  -0.46879896E-12   0.00000000E+00
 0.23166667E+02  -0.58641738E-11  -0.36681533E-12   0.00000000E+00
 0.23333333E+02  -0.46217174E-11  -0.28703232E-12   0.00000000E+00
 0.23500000E+02  -0.36425032E-11  -0.22461371E-12   0.00000000E+00
 0.23666667E+02  -0.28707574E-11  -0.17577762E-12   0.00000000E+00
 0.23833333E+02  -0.22625232E-11  -0.13756642E-12   0.00000000E+00
 0.24000000E+02  -0.17831570E-11  -0.10766698E-12   0.00000000E+00
 0.24166667E+02  -0.14053553E-11  -0.84270115E-13   0.00000000E+00
 0.24333333E+02  -0.11075994E-11  -0.65960704E-13   0.00000000E+00
 0.24500000E+02  -0.87292966E-12  -0.51631811E-13   0.00000000E+00
 0.24666667E+02  -0.68797998E-12  -0.40417508E-13   0.00000000E+00
 0.24833333E+02  -0.54221603E-12  -0.31640368E-13   0.00000000E+00
 0.25000000E+02  -0.42733543E-12  -0.24770404E-13   0.00000000E+00
 0.25166667E+02  -0.33679486E-12  -0.19392953E-13   0.00000000E+00
 0.25333333E+02  -0.26543734E-12  -0.15183569E-13   0.00000000E+00
 0.25500000E+02  -0.20919850E-12  -0.11888377E-13   0.00000000E+00
 0.25666667E+02  -0.16487512E-12  -0.93087172E-14   0.00000000E+00
 0.25833333E+02  -0.12994263E-12  -0.72891252E-14   0.00000000E+00
 0.26000000E+02  -0.10241138E-12  -0.57079356E-14   0.00000000E+00
 0.26166667E+02  -0.80713238E-13  -0.44699283E-14   0.00000000E+00
 0.26333333E+02  -0.63612333E-13  -0.35005773E-14   0.00000000E+00
 0.26500000E+02  -0.50134637E-13  -0.27415501E-14   0.00000000E+00
 0.26666667E+02  -0.39512492E-13  -0.21471871E-14   0.00000000E+00
 0.26833333E+02  -0.31140887E-13  -0.16817465E-14   0.00000000E+00
 0.27000000E+02  -0.24542993E-13  -0.13172492E-14   0.00000000E+00
 0.27166667E+02  -0.19343011E-13  -0.10317914E-14   0.00000000E+00
 0.27333333E+02  -0.15244761E-13  -0.80822490E-15   0.00000000E+00
 0.27500000E+02  -0.12014818E-13  -0.63312386E-15   0.00000000E+00
 0.27666667E+02  -0.94692098E-14  -0.49597649E-15   0.00000000E+00
 0.27833333E+02  -0.74629458E-14  -0.38855210E-15   0.00000000E+00
 0.28000000E+02  -0.58817538E-14  -0.30440586E-15   0.00000000E+00
 0.28166667E+02  -0.46355727E-14  -0.23849107E-15   0.00000000E+00
 0.28333333E+02  -0.36534229E-14  -0.18685575E-15   0.00000000E+00
 0.28500000E+02  -0.28793635E-14  -0.14640497E-15   0.00000000E+00
 0.28666667E+02  -0.22693059E-14  -0.11471496E-15   0.00000000E+00
 0.28833333E+02  -0.17885027E-14  -0.89887425E-16   0.00000000E+00
 0.29000000E+02  -0.14095684E-14  -0.70435621E-16   0.00000000E+00
 0.29166667E+02  -0.11109198E-14  -0.55195046E-16   0.00000000E+00
 0.29333333E+02  -0.87554658E-15  -0.43253577E-16   0.00000000E+00
 0.29500000E+02  -0.69004245E-15  -0.33896744E-16   0.00000000E+00
 0.29666667E+02  -0.54384152E-15  -0.26564876E-16   0.00000000E+00
 0.29833333E+02  -0.42861653E-15  -0.20819549E-16   0.00000000E+00
 0.30000000E+02  -0.33780453E-15  -0.16317304E-16   0.00000000E+00
 0.30166667E+02  -0.26623308E-15  -0.12789068E-16   0.00000000E+00
 0.30333333E+02  -0.20982565E-15  -0.10024036E-16   0.00000000E+00
 0.30500000E+02  -0.16536939E-15  -0.78570492E-17   0.00000000E+00
 0.30666667E+02  -0.13033218E-15  -0.61587034E-17   0.00000000E+00
 0.30833333E+02  -0.10271839E-15  -0.48276073E-17   0.00000000E+00
 0.31000000E+02  -0.80955205E-16  -0.37843150E-17   0.00000000E+00
 0.31166667E+02  -0.63803033E-16  -0.29665738E-17   0.00000000E+00
 0.31333333E+02  -0.50284933E-16  -0.23256024E-17   0.00000000E+00
 0.31500000E+02  -0.39630945E-16  -0.18231738E-17   0.00000000E+00
 0.31666667E+02  -0.31234243E-16  -0.14293310E-17   0.00000000E+00
 0.31833333E+02  -0.24616570E-16  -0.11205974E-17   0.00000000E+00
 0.32000000E+02  -0.19400999E-16  -0.87857391E-18   0.00000000E+00
 0.32166667E+02  -0.15290463E-16  -0.68884066E-18   0.00000000E+00
 0.32333333E+02  -0.12050836E-16  -0.54009593E-18   0.00000000E+00
 0.32500000E+02  -0.94975971E-17  -0.42348163E-18   0.00000000E+00
 0.32666667E+02  -0.74853187E-17  -0.33205473E-18   0.00000000E+00
 0.32833333E+02  -0.58993865E-17  -0.26037307E-18   0.00000000E+00
 0.33000000E+02  -0.46494694E-17  -0.20417081E-18   0.00000000E+00
 0.33166667E+02  -0.36643753E-17  -0.16010405E-18   0.00000000E+00
 0.33333333E+02  -0.28879954E-17  -0.12555151E-18   0.00000000E+00
 0.33500000E+02  -0.22761090E-17  -0.98458324E-19   0.00000000E+00
 0.33666667E+02  -0.17938644E-17  -0.77213578E-19   0.00000000E+00
 0.33833333E+02  -0.14137941E-17  -0.60554380E-19   0.00000000E+00
 0.34000000E+02  -0.11142502E-17  -0.47490636E-19   0.00000000E+00
 0.34166667E+02  -0.87817135E-18  -0.37246103E-19   0.00000000E+00
 0.34333333E+02  -0.69211110E-18  -0.29212185E-19   0.00000000E+00
 0.34500000E+02  -0.54547188E-18  -0.22911708E-19   0.00000000E+00
 0.34666667E+02  -0.42990146E-18  -0.17970536E-19   0.00000000E+00
 0.34833333E+02  -0.33881722E-18  -0.14095310E-19   0.00000000E+00
 0.35000000E+02  -0.26703121E-18  -0.11056004E-19   0.00000000E+00
 0.35166667E+02  -0.21045467E-18  -0.86722454E-20   0.00000000E+00
 0.35333333E+02  -0.16586514E-18  -0.68025964E-20   0.00000000E+00
 0.35500000E+02  -0.13072290E-18  -0.53361437E-20   0.00000000E+00
 0.35666667E+02  -0.10302633E-18  -0.41859101E-20   0.00000000E+00
 0.35833333E+02  -0.81197897E-19  -0.32836871E-20   0.00000000E+00
 0.36000000E+02  -0.63994306E-19  -0.25759832E-20   0.00000000E+00
 0.36166667E+02  -0.50435681E-19  -0.20208477E-20   0.00000000E+00
 0.36333333E+02  -0.39749753E-19  -0.15853800E-20   0.00000000E+00
 0.36500000E+02  -0.31327879E-19  -0.12437764E-20   0.00000000E+00
 0.36666667E+02  -0.24690367E-19  -0.97579885E-21   0.00000000E+00
 0.36833333E+02  -0.19459160E-19  -0.76557415E-21   0.00000000E+00
 0.37000000E+02  -0.15336302E-19  -0.60065226E-21   0.00000000E+00
 0.37166667E+02  -0.12086963E-19  -0.47126781E-21   0.00000000E+00
 0.37333333E+02  -0.95260696E-20  -0.36976106E-21   0.00000000E+00
 0.37500000E+02  -0.75077586E-20  -0.29012371E-21   0.00000000E+00
 0.37666667E+02  -0.59170720E-20  -0.22764277E-21   0.00000000E+00
 0.37833333E+02  -0.46634079E-20  -0.17862119E-21   0.00000000E+00
 0.38000000E+02  -0.36753606E-20  -0.14015886E-21   0.00000000E+00
 0.38166667E+02  -0.28966532E-20  -0.10998070E-21   0.00000000E+00
 0.38333333E+02  -0.22829324E-20  -0.86301962E-22   0.00000000E+00
 0.38500000E+02  -0.17992421E-20  -0.67722515E-22   0.00000000E+00
 0.38666667E+02  -0.14180324E-20  -0.53143924E-22   0.00000000E+00
 0.38833333E+02  -0.11175905E-20  -0.41704435E-22   0.00000000E+00
 0.39000000E+02  -0.88080398E-21  -0.32727954E-22   0.00000000E+00
 0.39166667E+02  -0.69418595E-21  -0.25684044E-22   0.00000000E+00
 0.39333333E+02  -0.54710713E-21  -0.20156532E-22   0.00000000E+00
 0.39500000E+02  -0.43119024E-21  -0.15818891E-22   0.00000000E+00
 0.39666667E+02  -0.33983294E-21  -0.12414921E-22   0.00000000E+00
 0.39833333E+02  -0.26783173E-21  -0.97436028E-23   0.00000000E+00
 0.40000000E+02  -0.21108559E-21  -0.76472058E-23   0.00000000E+00

