#        q              total               1              \delta U         \delta U^2    

     0.001185        2.530371e+08      2.530859e+08     -7.744596e+04      2.869082e+04   
     0.006239        1.338029e+08      1.338544e+08     -5.191472e+04      4.590268e+02   
     0.015318        7.291377e+07      7.294961e+07     -3.626421e+04      4.299371e+02   
     0.028399        2.430017e+07      2.431653e+07     -1.678060e+04      4.200878e+02   
     0.045447        1.360409e+07      1.361819e+07     -1.450646e+04      4.149582e+02   
     0.066417        9.497048e+06      9.509071e+06     -1.243332e+04      4.103817e+02   
     0.091251        6.990423e+06      7.000569e+06     -1.055090e+04      4.045022e+02   
     0.119882        5.060997e+06      5.069451e+06     -8.851239e+03      3.964985e+02   
     0.152235        3.764481e+06      3.771764e+06     -7.668735e+03      3.858696e+02   
     0.188220        2.881481e+06      2.887686e+06     -6.577514e+03      3.722039e+02   
     0.227742        2.288016e+06      2.293520e+06     -5.858369e+03      3.551468e+02   
     0.270694        1.887600e+06      1.892438e+06     -5.172073e+03      3.344058e+02   
     0.316959        1.472904e+06      1.477115e+06     -4.521000e+03      3.098472e+02   
     0.366414        1.197218e+06      1.200845e+06     -3.908230e+03      2.816070e+02   
     0.418925        1.076491e+06      1.079769e+06     -3.527943e+03      2.501715e+02   
     0.474351        8.651772e+05      8.679395e+05     -2.978757e+03      2.164603e+02   
     0.532541        6.896325e+05      6.919300e+05     -2.479352e+03      1.818568e+02   
     0.593339        6.137551e+05      6.157679e+05     -2.160927e+03      1.482006e+02   
     0.656582        4.826215e+05      4.842521e+05     -1.748295e+03      1.177190e+02   
     0.722098        4.264525e+05      4.278457e+05     -1.486057e+03      9.285672e+01   
     0.789711        3.302408e+05      3.313333e+05     -1.168571e+03      7.600582e+01   
     0.859239        2.528488e+05      2.536855e+05     -9.057719e+02      6.910576e+01   
     0.930495        2.202875e+05      2.209600e+05     -7.457301e+02      7.319479e+01   
     1.003286        1.654937e+05      1.659723e+05     -5.665906e+02      8.796329e+01   
     1.077416        1.130370e+05      1.133191e+05     -3.935901e+02      1.114903e+02   
     1.152685        7.513022e+04      7.525820e+04     -2.682704e+02      1.402941e+02   
     1.228890        4.379499e+04      4.378704e+04     -1.618581e+02      1.698097e+02   
     1.305826        3.422318e+03      3.240784e+03     -1.371192e+01      1.952463e+02   
     1.383286        2.126040e+02      0.000000e+00      0.000000e+00      2.126040e+02   
     1.461060        2.195395e+02      0.000000e+00      0.000000e+00      2.195395e+02   
     1.538940        2.157541e+02      0.000000e+00      0.000000e+00      2.157541e+02   
     1.616714        2.027968e+02      0.000000e+00      0.000000e+00      2.027968e+02   
     1.694174        1.834035e+02      0.000000e+00      0.000000e+00      1.834035e+02   
     1.771110        1.606634e+02      0.000000e+00      0.000000e+00      1.606634e+02   
     1.847315        1.373117e+02      0.000000e+00      0.000000e+00      1.373117e+02   
     1.922584        1.153259e+02      0.000000e+00      0.000000e+00      1.153259e+02   
     1.996714        9.584039e+01      0.000000e+00      0.000000e+00      9.584039e+01   
     2.069505        7.928118e+01      0.000000e+00      0.000000e+00      7.928118e+01   
     2.140761        6.559356e+01      0.000000e+00      0.000000e+00      6.559356e+01   
     2.210289        5.446370e+01      0.000000e+00      0.000000e+00      5.446370e+01   
     2.277902        4.548345e+01      0.000000e+00      0.000000e+00      4.548345e+01   
     2.343418        3.824926e+01      0.000000e+00      0.000000e+00      3.824926e+01   
     2.406661        3.240848e+01      0.000000e+00      0.000000e+00      3.240848e+01   
     2.467459        2.767252e+01      0.000000e+00      0.000000e+00      2.767252e+01   
     2.525649        2.381315e+01      0.000000e+00      0.000000e+00      2.381315e+01   
     2.581075        2.065264e+01      0.000000e+00      0.000000e+00      2.065264e+01   
     2.633586        1.805309e+01      0.000000e+00      0.000000e+00      1.805309e+01   
     2.683041        1.590724e+01      0.000000e+00      0.000000e+00      1.590724e+01   
     2.729306        1.413118e+01      0.000000e+00      0.000000e+00      1.413118e+01   
     2.772258        1.265883e+01      0.000000e+00      0.000000e+00      1.265883e+01   
     2.811780        1.143788e+01      0.000000e+00      0.000000e+00      1.143788e+01   
     2.847765        1.042675e+01      0.000000e+00      0.000000e+00      1.042675e+01   
     2.880118        9.592233e+00      0.000000e+00      0.000000e+00      9.592233e+00   
     2.908749        8.907865e+00      0.000000e+00      0.000000e+00      8.907865e+00   
     2.933583        8.352583e+00      0.000000e+00      0.000000e+00      8.352583e+00   
     2.954553        7.909745e+00      0.000000e+00      0.000000e+00      7.909745e+00   
     2.971601        7.566383e+00      0.000000e+00      0.000000e+00      7.566383e+00   
     2.984682        7.312636e+00      0.000000e+00      0.000000e+00      7.312636e+00   
     2.993761        7.141321e+00      0.000000e+00      0.000000e+00      7.141321e+00   
     2.998815        7.047614e+00      0.000000e+00      0.000000e+00      7.047614e+00   
     3.004739        6.939275e+00      0.000000e+00      0.000000e+00      6.939275e+00   
     3.024957        6.581360e+00      0.000000e+00      0.000000e+00      6.581360e+00   
     3.061273        5.982094e+00      0.000000e+00      0.000000e+00      5.982094e+00   
     3.113597        5.208918e+00      0.000000e+00      0.000000e+00      5.208918e+00   
     3.181789        4.342182e+00      0.000000e+00      0.000000e+00      4.342182e+00   
     3.265666        3.461712e+00      0.000000e+00      0.000000e+00      3.461712e+00   
     3.365002        2.635530e+00      0.000000e+00      0.000000e+00      2.635530e+00   
     3.479529        1.912511e+00      0.000000e+00      0.000000e+00      1.912511e+00   
     3.608938        1.319602e+00      0.000000e+00      0.000000e+00      1.319602e+00   
     3.752880        8.631774e-01      0.000000e+00      0.000000e+00      8.631774e-01   
     3.910968        5.333865e-01      0.000000e+00      0.000000e+00      5.333865e-01   
     4.082775        3.100619e-01      0.000000e+00      0.000000e+00      3.100619e-01   
     4.267838        1.687013e-01      0.000000e+00      0.000000e+00      1.687013e-01   
     4.465657        8.536530e-02      0.000000e+00      0.000000e+00      8.536530e-02   
     4.675701        3.983069e-02      0.000000e+00      0.000000e+00      3.983069e-02   
     4.897402        1.692387e-02      0.000000e+00      0.000000e+00      1.692387e-02   
     5.130163        6.417752e-03      0.000000e+00      0.000000e+00      6.417752e-03   
     5.373356        2.094346e-03      0.000000e+00      0.000000e+00      2.094346e-03   
     5.626327        5.447270e-04      0.000000e+00      0.000000e+00      5.447270e-04   
     5.888392        9.197236e-05      0.000000e+00      0.000000e+00      9.197236e-05   
     6.158845        4.751421e-06      0.000000e+00      0.000000e+00      4.751421e-06   
     6.436958        7.919725e-06      0.000000e+00      0.000000e+00      7.919725e-06   
     6.721980        1.825901e-05      0.000000e+00      0.000000e+00      1.825901e-05   
     7.013143        2.038495e-05      0.000000e+00      0.000000e+00      2.038495e-05   
     7.309662        1.682477e-05      0.000000e+00      0.000000e+00      1.682477e-05   
     7.610739        1.171185e-05      0.000000e+00      0.000000e+00      1.171185e-05   
     7.915560        7.288282e-06      0.000000e+00      0.000000e+00      7.288282e-06   
     8.223305        4.186722e-06      0.000000e+00      0.000000e+00      4.186722e-06   
     8.533144        2.266505e-06      0.000000e+00      0.000000e+00      2.266505e-06   
     8.844241        1.173685e-06      0.000000e+00      0.000000e+00      1.173685e-06   
     9.155759        5.880466e-07      0.000000e+00      0.000000e+00      5.880466e-07   
     9.466856        2.875674e-07      0.000000e+00      0.000000e+00      2.875674e-07   
     9.776695        1.381441e-07      0.000000e+00      0.000000e+00      1.381441e-07   
    10.084440        6.547883e-08      0.000000e+00      0.000000e+00      6.547883e-08   
    10.389261        3.070810e-08      0.000000e+00      0.000000e+00      3.070810e-08   
    10.690338        1.427388e-08      0.000000e+00      0.000000e+00      1.427388e-08   
    10.986857        6.584604e-09      0.000000e+00      0.000000e+00      6.584604e-09   
    11.278020        3.018603e-09      0.000000e+00      0.000000e+00      3.018603e-09   
    11.563042        1.377651e-09      0.000000e+00      0.000000e+00      1.377651e-09   
    11.841155        6.274136e-10      0.000000e+00      0.000000e+00      6.274136e-10   
    12.111608        2.859934e-10      0.000000e+00      0.000000e+00      2.859934e-10   
    12.373673        1.309572e-10      0.000000e+00      0.000000e+00      1.309572e-10   
    12.626644        6.049530e-11      0.000000e+00      0.000000e+00      6.049530e-11   
    12.869837        2.832826e-11      0.000000e+00      0.000000e+00      2.832826e-11   
    13.102598        1.351921e-11      0.000000e+00      0.000000e+00      1.351921e-11   
    13.324299        6.612742e-12      0.000000e+00      0.000000e+00      6.612742e-12   
    13.534343        3.231925e-12      0.000000e+00      0.000000e+00      3.231925e-12   
    13.732162        1.641462e-12      0.000000e+00      0.000000e+00      1.641462e-12   
    13.917225        8.905735e-13      0.000000e+00      0.000000e+00      8.905735e-13   
    14.089032        5.068752e-13      0.000000e+00      0.000000e+00      5.068752e-13   
    14.247120        3.020515e-13      0.000000e+00      0.000000e+00      3.020515e-13   
    14.391062        1.905228e-13      0.000000e+00      0.000000e+00      1.905228e-13   
    14.520471        1.274792e-13      0.000000e+00      0.000000e+00      1.274792e-13   
    14.634998        9.044729e-14      0.000000e+00      0.000000e+00      9.044729e-14   
    14.734334        6.782455e-14      0.000000e+00      0.000000e+00      6.782455e-14   
    14.818211        5.361931e-14      0.000000e+00      0.000000e+00      5.361931e-14   
    14.886403        4.497897e-14      0.000000e+00      0.000000e+00      4.497897e-14   
    14.938727        3.928833e-14      0.000000e+00      0.000000e+00      3.928833e-14   
    14.975043        3.578854e-14      0.000000e+00      0.000000e+00      3.578854e-14   
    14.995261        1.284337e-11      0.000000e+00      0.000000e+00      1.284337e-11   