#        q              total               1              \delta U         \delta U^2    

     0.001185        3.000195e+08      3.000301e+08     -1.156150e+04      9.644708e+02   
     0.006239        8.648816e+07      8.649445e+07     -6.319502e+03      2.876671e+01   
     0.015318        3.903352e+07      3.903781e+07     -4.298780e+03      1.155276e+01   
     0.028399        2.246213e+07      2.246543e+07     -3.302262e+03      6.365852e+00   
     0.045447        1.407713e+07      1.407979e+07     -2.665951e+03      4.453421e+00   
     0.066417        9.476045e+06      9.478244e+06     -2.202556e+03      3.704594e+00   
     0.091251        6.716824e+06      6.718693e+06     -1.872292e+03      3.352533e+00   
     0.119882        5.067808e+06      5.069451e+06     -1.646279e+03      3.127901e+00   
     0.152235        3.770328e+06      3.771764e+06     -1.438523e+03      2.951586e+00   
     0.188220        2.886441e+06      2.887686e+06     -1.248344e+03      2.801378e+00   
     0.227742        2.292393e+06      2.293520e+06     -1.129266e+03      2.670927e+00   
     0.270694        1.891423e+06      1.892438e+06     -1.017191e+03      2.553342e+00   
     0.316959        1.550672e+06      1.551581e+06     -9.119728e+02      2.442205e+00   
     0.366414        1.262677e+06      1.263488e+06     -8.134889e+02      2.331119e+00   
     0.418925        1.079008e+06      1.079769e+06     -7.628750e+02      2.215689e+00   
     0.474351        8.672674e+05      8.679395e+05     -6.741612e+02      2.093369e+00   
     0.532541        7.332309e+05      7.338569e+05     -6.279281e+02      1.963369e+00   
     0.593339        6.152206e+05      6.157679e+05     -5.490918e+02      1.826645e+00   
     0.656582        4.837769e+05      4.842521e+05     -4.768337e+02      1.685220e+00   
     0.722098        4.274085e+05      4.278457e+05     -4.387444e+02      1.542461e+00   
     0.789711        3.309584e+05      3.313333e+05     -3.763698e+02      1.403028e+00   
     0.859239        2.900108e+05      2.903530e+05     -3.434245e+02      1.271972e+00   
     0.930495        2.206704e+05      2.209600e+05     -2.907518e+02      1.155119e+00   
     1.003286        1.657293e+05      1.659723e+05     -2.440243e+02      1.058755e+00   
     1.077416        1.131330e+05      1.133191e+05     -1.871129e+02      9.893421e-01   
     1.152685        7.511876e+04      7.525820e+04     -1.403953e+02      9.534831e-01   
     1.228890        3.624227e+04      3.632512e+04     -8.379831e+01      9.576648e-01   
     1.305826        2.951491e+03      2.959100e+03     -8.617373e+00      1.008333e+00   
     1.383286        1.110202e+00      0.000000e+00      0.000000e+00      1.110202e+00   
     1.461060        1.266619e+00      0.000000e+00      0.000000e+00      1.266619e+00   
     1.538940        1.480415e+00      0.000000e+00      0.000000e+00      1.480415e+00   
     1.616714        1.752857e+00      0.000000e+00      0.000000e+00      1.752857e+00   
     1.694174        2.083090e+00      0.000000e+00      0.000000e+00      2.083090e+00   
     1.771110        2.468118e+00      0.000000e+00      0.000000e+00      2.468118e+00   
     1.847315        2.902736e+00      0.000000e+00      0.000000e+00      2.902736e+00   
     1.922584        3.379676e+00      0.000000e+00      0.000000e+00      3.379676e+00   
     1.996714        3.889852e+00      0.000000e+00      0.000000e+00      3.889852e+00   
     2.069505        4.422763e+00      0.000000e+00      0.000000e+00      4.422763e+00   
     2.140761        4.966998e+00      0.000000e+00      0.000000e+00      4.966998e+00   
     2.210289        5.510834e+00      0.000000e+00      0.000000e+00      5.510834e+00   
     2.277902        6.042819e+00      0.000000e+00      0.000000e+00      6.042819e+00   
     2.343418        6.552406e+00      0.000000e+00      0.000000e+00      6.552406e+00   
     2.406661        7.030427e+00      0.000000e+00      0.000000e+00      7.030427e+00   
     2.467459        7.469493e+00      0.000000e+00      0.000000e+00      7.469493e+00   
     2.525649        7.864250e+00      0.000000e+00      0.000000e+00      7.864250e+00   
     2.581075        8.211464e+00      0.000000e+00      0.000000e+00      8.211464e+00   
     2.633586        8.509964e+00      0.000000e+00      0.000000e+00      8.509964e+00   
     2.683041        8.760459e+00      0.000000e+00      0.000000e+00      8.760459e+00   
     2.729306        8.965262e+00      0.000000e+00      0.000000e+00      8.965262e+00   
     2.772258        9.127964e+00      0.000000e+00      0.000000e+00      9.127964e+00   
     2.811780        9.253041e+00      0.000000e+00      0.000000e+00      9.253041e+00   
     2.847765        9.345551e+00      0.000000e+00      0.000000e+00      9.345551e+00   
     2.880118        9.410756e+00      0.000000e+00      0.000000e+00      9.410756e+00   
     2.908749        9.453896e+00      0.000000e+00      0.000000e+00      9.453896e+00   
     2.933583        9.479912e+00      0.000000e+00      0.000000e+00      9.479912e+00   
     2.954553        9.493311e+00      0.000000e+00      0.000000e+00      9.493311e+00   
     2.971601        9.498003e+00      0.000000e+00      0.000000e+00      9.498003e+00   
     2.984682        9.497234e+00      0.000000e+00      0.000000e+00      9.497234e+00   
     2.993761        9.493508e+00      0.000000e+00      0.000000e+00      9.493508e+00   
     2.998815        9.488515e+00      0.000000e+00      0.000000e+00      9.488515e+00   
     3.004739        9.499871e+00      0.000000e+00      0.000000e+00      9.499871e+00   
     3.024957        9.514966e+00      0.000000e+00      0.000000e+00      9.514966e+00   
     3.061273        9.508504e+00      0.000000e+00      0.000000e+00      9.508504e+00   
     3.113597        9.452353e+00      0.000000e+00      0.000000e+00      9.452353e+00   
     3.181789        9.308794e+00      0.000000e+00      0.000000e+00      9.308794e+00   
     3.265666        9.035299e+00      0.000000e+00      0.000000e+00      9.035299e+00   
     3.365002        8.592699e+00      0.000000e+00      0.000000e+00      8.592699e+00   
     3.479529        7.956473e+00      0.000000e+00      0.000000e+00      7.956473e+00   
     3.608938        7.128644e+00      0.000000e+00      0.000000e+00      7.128644e+00   
     3.752880        6.145482e+00      0.000000e+00      0.000000e+00      6.145482e+00   
     3.910968        5.075523e+00      0.000000e+00      0.000000e+00      5.075523e+00   
     4.082775        4.005540e+00      0.000000e+00      0.000000e+00      4.005540e+00   
     4.267838        3.018622e+00      0.000000e+00      0.000000e+00      3.018622e+00   
     4.465657        2.174121e+00      0.000000e+00      0.000000e+00      2.174121e+00   
     4.675701        1.498511e+00      0.000000e+00      0.000000e+00      1.498511e+00   
     4.897402        9.890212e-01      0.000000e+00      0.000000e+00      9.890212e-01   
     5.130163        6.244484e-01      0.000000e+00      0.000000e+00      6.244484e-01   
     5.373356        3.760430e-01      0.000000e+00      0.000000e+00      3.760430e-01   
     5.626327        2.148405e-01      0.000000e+00      0.000000e+00      2.148405e-01   
     5.888392        1.154582e-01      0.000000e+00      0.000000e+00      1.154582e-01   
     6.158845        5.757090e-02      0.000000e+00      0.000000e+00      5.757090e-02   
     6.436958        2.602724e-02      0.000000e+00      0.000000e+00      2.602724e-02   
     6.721980        1.022655e-02      0.000000e+00      0.000000e+00      1.022655e-02   
     7.013143        3.191449e-03      0.000000e+00      0.000000e+00      3.191449e-03   
     7.309662        6.161408e-04      0.000000e+00      0.000000e+00      6.161408e-04   
     7.610739        3.399699e-05      0.000000e+00      0.000000e+00      3.399699e-05   
     7.915560        1.588526e-04      0.000000e+00      0.000000e+00      1.588526e-04   
     8.223305        4.046019e-04      0.000000e+00      0.000000e+00      4.046019e-04   
     8.533144        5.617525e-04      0.000000e+00      0.000000e+00      5.617525e-04   
     8.844241        5.976770e-04      0.000000e+00      0.000000e+00      5.976770e-04   
     9.155759        5.452332e-04      0.000000e+00      0.000000e+00      5.452332e-04   
     9.466856        4.485361e-04      0.000000e+00      0.000000e+00      4.485361e-04   
     9.776695        3.418742e-04      0.000000e+00      0.000000e+00      3.418742e-04   
    10.084440        2.453923e-04      0.000000e+00      0.000000e+00      2.453923e-04   
    10.389261        1.676362e-04      0.000000e+00      0.000000e+00      1.676362e-04   
    10.690338        1.097777e-04      0.000000e+00      0.000000e+00      1.097777e-04   
    10.986857        6.925947e-05      0.000000e+00      0.000000e+00      6.925947e-05   
    11.278020        4.224488e-05      0.000000e+00      0.000000e+00      4.224488e-05   
    11.563042        2.496916e-05      0.000000e+00      0.000000e+00      2.496916e-05   
    11.841155        1.432027e-05      0.000000e+00      0.000000e+00      1.432027e-05   
    12.111608        7.973886e-06      0.000000e+00      0.000000e+00      7.973886e-06   
    12.373673        4.311869e-06      0.000000e+00      0.000000e+00      4.311869e-06   
    12.626644        2.266327e-06      0.000000e+00      0.000000e+00      2.266327e-06   
    12.869837        1.162757e-06      0.000000e+00      0.000000e+00      1.162757e-06   
    13.102598        5.906914e-07      0.000000e+00      0.000000e+00      5.906914e-07   
    13.324299        3.085565e-07      0.000000e+00      0.000000e+00      3.085565e-07   
    13.534343        1.787135e-07      0.000000e+00      0.000000e+00      1.787135e-07   
    13.732162        1.252252e-07      0.000000e+00      0.000000e+00      1.252252e-07   
    13.917225        1.076426e-07      0.000000e+00      0.000000e+00      1.076426e-07   
    14.089032        1.053219e-07      0.000000e+00      0.000000e+00      1.053219e-07   
    14.247120        1.082904e-07      0.000000e+00      0.000000e+00      1.082904e-07   
    14.391062        1.121078e-07      0.000000e+00      0.000000e+00      1.121078e-07   
    14.520471        1.150903e-07      0.000000e+00      0.000000e+00      1.150903e-07   
    14.634998        1.168500e-07      0.000000e+00      0.000000e+00      1.168500e-07   
    14.734334        1.175407e-07      0.000000e+00      0.000000e+00      1.175407e-07   
    14.818211        1.174878e-07      0.000000e+00      0.000000e+00      1.174878e-07   
    14.886403        1.170233e-07      0.000000e+00      0.000000e+00      1.170233e-07   
    14.938727        1.164254e-07      0.000000e+00      0.000000e+00      1.164254e-07   
    14.975043        1.159096e-07      0.000000e+00      0.000000e+00      1.159096e-07   
    14.995261        1.157754e-07      0.000000e+00      0.000000e+00      1.157754e-07   