#        q              total               1              \delta U         \delta U^2    

     0.001185        3.000307e+08      3.000301e+08     -3.902933e+02      9.179065e+02   
     0.006239        8.649439e+07      8.649445e+07     -7.562093e+01      1.005874e+01   
     0.015318        3.903776e+07      3.903781e+07     -4.744935e+01      3.102223e+00   
     0.028399        2.246539e+07      2.246543e+07     -3.511679e+01      1.053179e+00   
     0.045447        1.407976e+07      1.407979e+07     -2.786935e+01      3.442371e-01   
     0.066417        9.478221e+06      9.478244e+06     -2.287248e+01      1.106658e-01   
     0.091251        6.718673e+06      6.718693e+06     -1.940598e+01      3.767861e-02   
     0.119882        5.069434e+06      5.069451e+06     -1.706627e+01      1.437192e-02   
     0.152235        3.771749e+06      3.771764e+06     -1.493131e+01      6.322203e-03   
     0.188220        2.887673e+06      2.887686e+06     -1.298396e+01      3.120092e-03   
     0.227742        2.293508e+06      2.293520e+06     -1.177865e+01      1.700291e-03   
     0.270694        1.892427e+06      1.892438e+06     -1.064859e+01      9.982017e-04   
     0.316959        1.551572e+06      1.551581e+06     -9.591047e+00      6.305255e-04   
     0.366414        1.263479e+06      1.263488e+06     -8.603608e+00      4.254128e-04   
     0.418925        1.079761e+06      1.079769e+06     -8.123043e+00      3.084703e-04   
     0.474351        8.679322e+05      8.679395e+05     -7.235889e+00      2.381619e-04   
     0.532541        7.338501e+05      7.338569e+05     -6.802282e+00      1.961120e-04   
     0.593339        6.157618e+05      6.157679e+05     -6.011389e+00      1.706746e-04   
     0.656582        4.842468e+05      4.842521e+05     -5.282683e+00      1.560468e-04   
     0.722098        4.278407e+05      4.278457e+05     -4.925153e+00      1.484247e-04   
     0.789711        3.313290e+05      3.313333e+05     -4.286300e+00      1.467826e-04   
     0.859239        2.903490e+05      2.903530e+05     -3.972470e+00      1.500987e-04   
     0.930495        2.209566e+05      2.209600e+05     -3.419519e+00      1.586909e-04   
     1.003286        1.659694e+05      1.659723e+05     -2.920646e+00      1.733200e-04   
     1.077416        1.133168e+05      1.133191e+05     -2.280713e+00      1.950655e-04   
     1.152685        7.525645e+04      7.525820e+04     -1.743729e+00      2.253213e-04   
     1.228890        3.632405e+04      3.632512e+04     -1.060899e+00      2.663150e-04   
     1.305826        2.958989e+03      2.959100e+03     -1.112226e-01      3.214745e-04   
     1.383286        3.921919e-04      0.000000e+00      0.000000e+00      3.921919e-04   
     1.461060        4.786365e-04      0.000000e+00      0.000000e+00      4.786365e-04   
     1.538940        5.830759e-04      0.000000e+00      0.000000e+00      5.830759e-04   
     1.616714        7.079058e-04      0.000000e+00      0.000000e+00      7.079058e-04   
     1.694174        8.550312e-04      0.000000e+00      0.000000e+00      8.550312e-04   
     1.771110        1.025467e-03      0.000000e+00      0.000000e+00      1.025467e-03   
     1.847315        1.220242e-03      0.000000e+00      0.000000e+00      1.220242e-03   
     1.922584        1.439497e-03      0.000000e+00      0.000000e+00      1.439497e-03   
     1.996714        1.682678e-03      0.000000e+00      0.000000e+00      1.682678e-03   
     2.069505        1.948752e-03      0.000000e+00      0.000000e+00      1.948752e-03   
     2.140761        2.235617e-03      0.000000e+00      0.000000e+00      2.235617e-03   
     2.210289        2.541458e-03      0.000000e+00      0.000000e+00      2.541458e-03   
     2.277902        2.863091e-03      0.000000e+00      0.000000e+00      2.863091e-03   
     2.343418        3.197292e-03      0.000000e+00      0.000000e+00      3.197292e-03   
     2.406661        3.540328e-03      0.000000e+00      0.000000e+00      3.540328e-03   
     2.467459        3.888706e-03      0.000000e+00      0.000000e+00      3.888706e-03   
     2.525649        4.238055e-03      0.000000e+00      0.000000e+00      4.238055e-03   
     2.581075        4.584867e-03      0.000000e+00      0.000000e+00      4.584867e-03   
     2.633586        4.925013e-03      0.000000e+00      0.000000e+00      4.925013e-03   
     2.683041        5.254831e-03      0.000000e+00      0.000000e+00      5.254831e-03   
     2.729306        5.570788e-03      0.000000e+00      0.000000e+00      5.570788e-03   
     2.772258        5.869911e-03      0.000000e+00      0.000000e+00      5.869911e-03   
     2.811780        6.148983e-03      0.000000e+00      0.000000e+00      6.148983e-03   
     2.847765        6.405418e-03      0.000000e+00      0.000000e+00      6.405418e-03   
     2.880118        6.636899e-03      0.000000e+00      0.000000e+00      6.636899e-03   
     2.908749        6.841730e-03      0.000000e+00      0.000000e+00      6.841730e-03   
     2.933583        7.018274e-03      0.000000e+00      0.000000e+00      7.018274e-03   
     2.954553        7.165118e-03      0.000000e+00      0.000000e+00      7.165118e-03   
     2.971601        7.281397e-03      0.000000e+00      0.000000e+00      7.281397e-03   
     2.984682        7.365950e-03      0.000000e+00      0.000000e+00      7.365950e-03   
     2.993761        7.419029e-03      0.000000e+00      0.000000e+00      7.419029e-03   
     2.998815        7.438985e-03      0.000000e+00      0.000000e+00      7.438985e-03   
     3.004739        7.530255e-03      0.000000e+00      0.000000e+00      7.530255e-03   
     3.024957        7.772711e-03      0.000000e+00      0.000000e+00      7.772711e-03   
     3.061273        8.152229e-03      0.000000e+00      0.000000e+00      8.152229e-03   
     3.113597        8.675479e-03      0.000000e+00      0.000000e+00      8.675479e-03   
     3.181789        9.348527e-03      0.000000e+00      0.000000e+00      9.348527e-03   
     3.265666        1.017507e-02      0.000000e+00      0.000000e+00      1.017507e-02   
     3.365002        1.115458e-02      0.000000e+00      0.000000e+00      1.115458e-02   
     3.479529        1.227826e-02      0.000000e+00      0.000000e+00      1.227826e-02   
     3.608938        1.352591e-02      0.000000e+00      0.000000e+00      1.352591e-02   
     3.752880        1.486324e-02      0.000000e+00      0.000000e+00      1.486324e-02   
     3.910968        1.623806e-02      0.000000e+00      0.000000e+00      1.623806e-02   
     4.082775        1.758090e-02      0.000000e+00      0.000000e+00      1.758090e-02   
     4.267838        1.880584e-02      0.000000e+00      0.000000e+00      1.880584e-02   
     4.465657        1.981556e-02      0.000000e+00      0.000000e+00      1.981556e-02   
     4.675701        2.050999e-02      0.000000e+00      0.000000e+00      2.050999e-02   
     4.897402        2.079781e-02      0.000000e+00      0.000000e+00      2.079781e-02   
     5.130163        2.061032e-02      0.000000e+00      0.000000e+00      2.061032e-02   
     5.373356        1.991420e-02      0.000000e+00      0.000000e+00      1.991420e-02   
     5.626327        1.872185e-02      0.000000e+00      0.000000e+00      1.872185e-02   
     5.888392        1.709441e-02      0.000000e+00      0.000000e+00      1.709441e-02   
     6.158845        1.513696e-02      0.000000e+00      0.000000e+00      1.513696e-02   
     6.436958        1.298533e-02      0.000000e+00      0.000000e+00      1.298533e-02   
     6.721980        1.078658e-02      0.000000e+00      0.000000e+00      1.078658e-02   
     7.013143        8.677885e-03      0.000000e+00      0.000000e+00      8.677885e-03   
     7.309662        6.768566e-03      0.000000e+00      0.000000e+00      6.768566e-03   
     7.610739        5.129083e-03      0.000000e+00      0.000000e+00      5.129083e-03   
     7.915560        3.788729e-03      0.000000e+00      0.000000e+00      3.788729e-03   
     8.223305        2.741073e-03      0.000000e+00      0.000000e+00      2.741073e-03   
     8.533144        1.954385e-03      0.000000e+00      0.000000e+00      1.954385e-03   
     8.844241        1.383447e-03      0.000000e+00      0.000000e+00      1.383447e-03   
     9.155759        9.799510e-04      0.000000e+00      0.000000e+00      9.799510e-04   
     9.466856        6.997011e-04      0.000000e+00      0.000000e+00      6.997011e-04   
     9.776695        5.063790e-04      0.000000e+00      0.000000e+00      5.063790e-04   
    10.084440        3.724877e-04      0.000000e+00      0.000000e+00      3.724877e-04   
    10.389261        2.785125e-04      0.000000e+00      0.000000e+00      2.785125e-04   
    10.690338        2.112594e-04      0.000000e+00      0.000000e+00      2.112594e-04   
    10.986857        1.620979e-04      0.000000e+00      0.000000e+00      1.620979e-04   
    11.278020        1.254639e-04      0.000000e+00      0.000000e+00      1.254639e-04   
    11.563042        9.775028e-05      0.000000e+00      0.000000e+00      9.775028e-05   
    11.841155        7.656790e-05      0.000000e+00      0.000000e+00      7.656790e-05   
    12.111608        6.027581e-05      0.000000e+00      0.000000e+00      6.027581e-05   
    12.373673        4.770076e-05      0.000000e+00      0.000000e+00      4.770076e-05   
    12.626644        3.797667e-05      0.000000e+00      0.000000e+00      3.797667e-05   
    12.869837        3.044723e-05      0.000000e+00      0.000000e+00      3.044723e-05   
    13.102598        2.460856e-05      0.000000e+00      0.000000e+00      2.460856e-05   
    13.324299        2.007331e-05      0.000000e+00      0.000000e+00      2.007331e-05   
    13.534343        1.654295e-05      0.000000e+00      0.000000e+00      1.654295e-05   
    13.732162        1.378733e-05      0.000000e+00      0.000000e+00      1.378733e-05   
    13.917225        1.162990e-05      0.000000e+00      0.000000e+00      1.162990e-05   
    14.089032        9.935718e-06      0.000000e+00      0.000000e+00      9.935718e-06   
    14.247120        8.601644e-06      0.000000e+00      0.000000e+00      8.601644e-06   
    14.391062        7.548899e-06      0.000000e+00      0.000000e+00      7.548899e-06   
    14.520471        6.717576e-06      0.000000e+00      0.000000e+00      6.717576e-06   
    14.634998        6.062301e-06      0.000000e+00      0.000000e+00      6.062301e-06   
    14.734334        5.548806e-06      0.000000e+00      0.000000e+00      5.548806e-06   
    14.818211        5.151309e-06      0.000000e+00      0.000000e+00      5.151309e-06   
    14.886403        4.850595e-06      0.000000e+00      0.000000e+00      4.850595e-06   
    14.938727        4.632614e-06      0.000000e+00      0.000000e+00      4.632614e-06   
    14.975043        4.487473e-06      0.000000e+00      0.000000e+00      4.487473e-06   
    14.995261        4.408720e-06      0.000000e+00      0.000000e+00      4.408720e-06   