#        q              total               1              \delta U         \delta U^2    

     0.001185        1.887672e+04      1.904976e+04     -1.834248e+02      1.038286e+01   
     0.006239        1.052721e+04      1.070037e+04     -1.835398e+02      1.038279e+01   
     0.015318        7.123403e+03      7.296537e+03     -1.835170e+02      1.038233e+01   
     0.028399        5.439093e+03      5.612141e+03     -1.834288e+02      1.038044e+01   
     0.045447        4.361929e+03      4.534977e+03     -1.834243e+02      1.037602e+01   
     0.066417        3.577639e+03      3.750458e+03     -1.831879e+02      1.036820e+01   
     0.091251        3.019822e+03      3.192361e+03     -1.828940e+02      1.035513e+01   
     0.119882        2.640028e+03      2.812228e+03     -1.825360e+02      1.033551e+01   
     0.152235        2.292022e+03      2.463536e+03     -1.818220e+02      1.030728e+01   
     0.188220        1.974426e+03      2.144929e+03     -1.807727e+02      1.027041e+01   
     0.227742        1.779171e+03      1.948567e+03     -1.796189e+02      1.022360e+01   
     0.270694        1.596717e+03      1.764570e+03     -1.780202e+02      1.016772e+01   
     0.316959        1.426848e+03      1.592536e+03     -1.757932e+02      1.010492e+01   
     0.366414        1.269214e+03      1.432064e+03     -1.728875e+02      1.003832e+01   
     0.418925        1.195573e+03      1.356037e+03     -1.704373e+02      9.973612e+00   
     0.474351        1.056068e+03      1.212152e+03     -1.660022e+02      9.918021e+00   
     0.532541        9.916625e+02      1.144193e+03     -1.624111e+02      9.880460e+00   
     0.593339        8.699394e+02      1.015991e+03     -1.559231e+02      9.871433e+00   
     0.656582        7.596437e+02      8.977415e+02     -1.479975e+02      9.899673e+00   
     0.722098        7.099093e+02      8.422233e+02     -1.422891e+02      9.975120e+00   
     0.789711        6.161226e+02      7.381486e+02     -1.321283e+02      1.010233e+01   
     0.859239        5.745010e+02      6.894916e+02     -1.252764e+02      1.028581e+01   
     0.930495        4.958431e+02      5.986870e+02     -1.133642e+02      1.052026e+01   
     1.003286        4.262738e+02      5.162265e+02     -1.007481e+02      1.079536e+01   
     1.077416        3.358260e+02      4.073012e+02     -8.256491e+01      1.108973e+01   
     1.152685        2.614176e+02      3.148881e+02     -6.485415e+01      1.138363e+01   
     1.228890        1.654304e+02      1.938740e+02     -4.009110e+01      1.164757e+01   
     1.305826        2.825665e+01      2.058372e+01     -4.173113e+00      1.184605e+01   
     1.383286        1.195165e+01      0.000000e+00      0.000000e+00      1.195165e+01   
     1.461060        1.194453e+01      0.000000e+00      0.000000e+00      1.194453e+01   
     1.538940        1.180748e+01      0.000000e+00      0.000000e+00      1.180748e+01   
     1.616714        1.153581e+01      0.000000e+00      0.000000e+00      1.153581e+01   
     1.694174        1.113393e+01      0.000000e+00      0.000000e+00      1.113393e+01   
     1.771110        1.061416e+01      0.000000e+00      0.000000e+00      1.061416e+01   
     1.847315        9.997155e+00      0.000000e+00      0.000000e+00      9.997155e+00   
     1.922584        9.312584e+00      0.000000e+00      0.000000e+00      9.312584e+00   
     1.996714        8.590960e+00      0.000000e+00      0.000000e+00      8.590960e+00   
     2.069505        7.859881e+00      0.000000e+00      0.000000e+00      7.859881e+00   
     2.140761        7.143411e+00      0.000000e+00      0.000000e+00      7.143411e+00   
     2.210289        6.460851e+00      0.000000e+00      0.000000e+00      6.460851e+00   
     2.277902        5.826413e+00      0.000000e+00      0.000000e+00      5.826413e+00   
     2.343418        5.248432e+00      0.000000e+00      0.000000e+00      5.248432e+00   
     2.406661        4.731683e+00      0.000000e+00      0.000000e+00      4.731683e+00   
     2.467459        4.275265e+00      0.000000e+00      0.000000e+00      4.275265e+00   
     2.525649        3.875792e+00      0.000000e+00      0.000000e+00      3.875792e+00   
     2.581075        3.528705e+00      0.000000e+00      0.000000e+00      3.528705e+00   
     2.633586        3.228765e+00      0.000000e+00      0.000000e+00      3.228765e+00   
     2.683041        2.970871e+00      0.000000e+00      0.000000e+00      2.970871e+00   
     2.729306        2.749689e+00      0.000000e+00      0.000000e+00      2.749689e+00   
     2.772258        2.560284e+00      0.000000e+00      0.000000e+00      2.560284e+00   
     2.811780        2.398678e+00      0.000000e+00      0.000000e+00      2.398678e+00   
     2.847765        2.261439e+00      0.000000e+00      0.000000e+00      2.261439e+00   
     2.880118        2.145406e+00      0.000000e+00      0.000000e+00      2.145406e+00   
     2.908749        2.048245e+00      0.000000e+00      0.000000e+00      2.048245e+00   
     2.933583        1.967883e+00      0.000000e+00      0.000000e+00      1.967883e+00   
     2.954553        1.902781e+00      0.000000e+00      0.000000e+00      1.902781e+00   
     2.971601        1.851567e+00      0.000000e+00      0.000000e+00      1.851567e+00   
     2.984682        1.813300e+00      0.000000e+00      0.000000e+00      1.813300e+00   
     2.993761        1.787263e+00      0.000000e+00      0.000000e+00      1.787263e+00   
     2.998815        1.772949e+00      0.000000e+00      0.000000e+00      1.772949e+00   
     3.004739        1.756319e+00      0.000000e+00      0.000000e+00      1.756319e+00   
     3.024957        1.700803e+00      0.000000e+00      0.000000e+00      1.700803e+00   
     3.061273        1.605824e+00      0.000000e+00      0.000000e+00      1.605824e+00   
     3.113597        1.478774e+00      0.000000e+00      0.000000e+00      1.478774e+00   
     3.181789        1.328860e+00      0.000000e+00      0.000000e+00      1.328860e+00   
     3.265666        1.165742e+00      0.000000e+00      0.000000e+00      1.165742e+00   
     3.365002        9.984371e-01      0.000000e+00      0.000000e+00      9.984371e-01   
     3.479529        8.347024e-01      0.000000e+00      0.000000e+00      8.347024e-01   
     3.608938        6.807334e-01      0.000000e+00      0.000000e+00      6.807334e-01   
     3.752880        5.411407e-01      0.000000e+00      0.000000e+00      5.411407e-01   
     3.910968        4.188442e-01      0.000000e+00      0.000000e+00      4.188442e-01   
     4.082775        3.152176e-01      0.000000e+00      0.000000e+00      3.152176e-01   
     4.267838        2.302955e-01      0.000000e+00      0.000000e+00      2.302955e-01   
     4.465657        1.630604e-01      0.000000e+00      0.000000e+00      1.630604e-01   
     4.675701        1.116716e-01      0.000000e+00      0.000000e+00      1.116716e-01   
     4.897402        7.380586e-02      0.000000e+00      0.000000e+00      7.380586e-02   
     5.130163        4.693831e-02      0.000000e+00      0.000000e+00      4.693831e-02   
     5.373356        2.862210e-02      0.000000e+00      0.000000e+00      2.862210e-02   
     5.626327        1.665530e-02      0.000000e+00      0.000000e+00      1.665530e-02   
     5.888392        9.189792e-03      0.000000e+00      0.000000e+00      9.189792e-03   
     6.158845        4.764660e-03      0.000000e+00      0.000000e+00      4.764660e-03   
     6.436958        2.291619e-03      0.000000e+00      0.000000e+00      2.291619e-03   
     6.721980        1.003227e-03      0.000000e+00      0.000000e+00      1.003227e-03   
     7.013143        3.895338e-04      0.000000e+00      0.000000e+00      3.895338e-04   
     7.309662        1.315043e-04      0.000000e+00      0.000000e+00      1.315043e-04   
     7.610739        4.330633e-05      0.000000e+00      0.000000e+00      4.330633e-05   
     7.915560        2.499954e-05      0.000000e+00      0.000000e+00      2.499954e-05   
     8.223305        2.827527e-05      0.000000e+00      0.000000e+00      2.827527e-05   
     8.533144        3.330757e-05      0.000000e+00      0.000000e+00      3.330757e-05   
     8.844241        3.428580e-05      0.000000e+00      0.000000e+00      3.428580e-05   
     9.155759        3.123895e-05      0.000000e+00      0.000000e+00      3.123895e-05   
     9.466856        2.590532e-05      0.000000e+00      0.000000e+00      2.590532e-05   
     9.776695        1.996671e-05      0.000000e+00      0.000000e+00      1.996671e-05   
    10.084440        1.451331e-05      0.000000e+00      0.000000e+00      1.451331e-05   
    10.389261        1.005065e-05      0.000000e+00      0.000000e+00      1.005065e-05   
    10.690338        6.679916e-06      0.000000e+00      0.000000e+00      6.679916e-06   
    10.986857        4.283935e-06      0.000000e+00      0.000000e+00      4.283935e-06   
    11.278020        2.661781e-06      0.000000e+00      0.000000e+00      2.661781e-06   
    11.563042        1.607357e-06      0.000000e+00      0.000000e+00      1.607357e-06   
    11.841155        9.457653e-07      0.000000e+00      0.000000e+00      9.457653e-07   
    12.111608        5.435323e-07      0.000000e+00      0.000000e+00      5.435323e-07   
    12.373673        3.060083e-07      0.000000e+00      0.000000e+00      3.060083e-07   
    12.626644        1.696123e-07      0.000000e+00      0.000000e+00      1.696123e-07   
    12.869837        9.343634e-08      0.000000e+00      0.000000e+00      9.343634e-08   
    13.102598        5.211823e-08      0.000000e+00      0.000000e+00      5.211823e-08   
    13.324299        3.040040e-08      0.000000e+00      0.000000e+00      3.040040e-08   
    13.534343        1.939713e-08      0.000000e+00      0.000000e+00      1.939713e-08   
    13.732162        1.405841e-08      0.000000e+00      0.000000e+00      1.405841e-08   
    13.917225        1.160116e-08      0.000000e+00      0.000000e+00      1.160116e-08   
    14.089032        1.053813e-08      0.000000e+00      0.000000e+00      1.053813e-08   
    14.247120        1.010554e-08      0.000000e+00      0.000000e+00      1.010554e-08   
    14.391062        9.934970e-09      0.000000e+00      0.000000e+00      9.934970e-09   
    14.520471        9.859480e-09      0.000000e+00      0.000000e+00      9.859480e-09   
    14.634998        9.814185e-09      0.000000e+00      0.000000e+00      9.814185e-09   
    14.734334        9.780355e-09      0.000000e+00      0.000000e+00      9.780355e-09   
    14.818211        9.751017e-09      0.000000e+00      0.000000e+00      9.751017e-09   
    14.886403        9.722642e-09      0.000000e+00      0.000000e+00      9.722642e-09   
    14.938727        9.695544e-09      0.000000e+00      0.000000e+00      9.695544e-09   
    14.975043        9.674529e-09      0.000000e+00      0.000000e+00      9.674529e-09   
    14.995261        9.667347e-09      0.000000e+00      0.000000e+00      9.667347e-09   