#        q              total               1              \delta U         \delta U^2    

     0.001185        2.211926e+04      2.225678e+04     -1.491155e+02      1.159644e+01   
     0.006239        1.602904e+04      1.616664e+04     -1.491952e+02      1.159662e+01   
     0.015318        1.116549e+04      1.130307e+04     -1.491842e+02      1.159693e+01   
     0.028399        5.098537e+03      5.236030e+03     -1.490896e+02      1.159692e+01   
     0.045447        4.397492e+03      4.534977e+03     -1.490814e+02      1.159694e+01   
     0.066417        3.762170e+03      3.899470e+03     -1.488985e+02      1.159773e+01   
     0.091251        3.189251e+03      3.326293e+03     -1.486413e+02      1.159892e+01   
     0.119882        2.675576e+03      2.812228e+03     -1.482535e+02      1.160126e+01   
     0.152235        2.327534e+03      2.463536e+03     -1.476065e+02      1.160447e+01   
     0.188220        2.009871e+03      2.144929e+03     -1.466686e+02      1.161121e+01   
     0.227742        1.814563e+03      1.948567e+03     -1.456249e+02      1.162118e+01   
     0.270694        1.632019e+03      1.764570e+03     -1.441883e+02      1.163787e+01   
     0.316959        1.461997e+03      1.592536e+03     -1.422029e+02      1.166424e+01   
     0.366414        1.304142e+03      1.432064e+03     -1.396252e+02      1.170406e+01   
     0.418925        1.230441e+03      1.356037e+03     -1.373583e+02      1.176265e+01   
     0.474351        1.090541e+03      1.212152e+03     -1.334564e+02      1.184571e+01   
     0.532541        9.622692e+02      1.078823e+03     -1.285133e+02      1.195958e+01   
     0.593339        9.035394e+02      1.015991e+03     -1.245622e+02      1.211055e+01   
     0.656582        7.922409e+02      8.977415e+02     -1.178018e+02      1.230121e+01   
     0.722098        7.419865e+02      8.422233e+02     -1.127717e+02      1.253497e+01   
     0.789711        6.466831e+02      7.381486e+02     -1.042719e+02      1.280634e+01   
     0.859239        5.613060e+02      6.430212e+02     -9.482723e+01      1.311205e+01   
     0.930495        5.235863e+02      5.986870e+02     -8.853578e+01      1.343509e+01   
     1.003286        4.517655e+02      5.162265e+02     -7.821641e+01      1.375540e+01   
     1.077416        3.576959e+02      4.073012e+02     -6.364617e+01      1.404084e+01   
     1.152685        2.796395e+02      3.148881e+02     -4.951425e+01      1.426564e+01   
     1.228890        1.960382e+02      2.150106e+02     -3.336758e+01      1.439519e+01   
     1.305826        3.183668e+01      2.058372e+01     -3.139815e+00      1.439278e+01   
     1.383286        1.423674e+01      0.000000e+00      0.000000e+00      1.423674e+01   
     1.461060        1.391533e+01      0.000000e+00      0.000000e+00      1.391533e+01   
     1.538940        1.342411e+01      0.000000e+00      0.000000e+00      1.342411e+01   
     1.616714        1.277376e+01      0.000000e+00      0.000000e+00      1.277376e+01   
     1.694174        1.198451e+01      0.000000e+00      0.000000e+00      1.198451e+01   
     1.771110        1.108414e+01      0.000000e+00      0.000000e+00      1.108414e+01   
     1.847315        1.010883e+01      0.000000e+00      0.000000e+00      1.010883e+01   
     1.922584        9.100925e+00      0.000000e+00      0.000000e+00      9.100925e+00   
     1.996714        8.097739e+00      0.000000e+00      0.000000e+00      8.097739e+00   
     2.069505        7.130489e+00      0.000000e+00      0.000000e+00      7.130489e+00   
     2.140761        6.223651e+00      0.000000e+00      0.000000e+00      6.223651e+00   
     2.210289        5.394532e+00      0.000000e+00      0.000000e+00      5.394532e+00   
     2.277902        4.653313e+00      0.000000e+00      0.000000e+00      4.653313e+00   
     2.343418        4.002884e+00      0.000000e+00      0.000000e+00      4.002884e+00   
     2.406661        3.442537e+00      0.000000e+00      0.000000e+00      3.442537e+00   
     2.467459        2.965457e+00      0.000000e+00      0.000000e+00      2.965457e+00   
     2.525649        2.562664e+00      0.000000e+00      0.000000e+00      2.562664e+00   
     2.581075        2.225086e+00      0.000000e+00      0.000000e+00      2.225086e+00   
     2.633586        1.943587e+00      0.000000e+00      0.000000e+00      1.943587e+00   
     2.683041        1.710093e+00      0.000000e+00      0.000000e+00      1.710093e+00   
     2.729306        1.516675e+00      0.000000e+00      0.000000e+00      1.516675e+00   
     2.772258        1.356498e+00      0.000000e+00      0.000000e+00      1.356498e+00   
     2.811780        1.224162e+00      0.000000e+00      0.000000e+00      1.224162e+00   
     2.847765        1.115163e+00      0.000000e+00      0.000000e+00      1.115163e+00   
     2.880118        1.025539e+00      0.000000e+00      0.000000e+00      1.025539e+00   
     2.908749        9.523983e-01      0.000000e+00      0.000000e+00      9.523983e-01   
     2.933583        8.932440e-01      0.000000e+00      0.000000e+00      8.932440e-01   
     2.954553        8.463012e-01      0.000000e+00      0.000000e+00      8.463012e-01   
     2.971601        8.099556e-01      0.000000e+00      0.000000e+00      8.099556e-01   
     2.984682        7.831658e-01      0.000000e+00      0.000000e+00      7.831658e-01   
     2.993761        7.651225e-01      0.000000e+00      0.000000e+00      7.651225e-01   
     2.998815        7.552613e-01      0.000000e+00      0.000000e+00      7.552613e-01   
     3.004739        7.438578e-01      0.000000e+00      0.000000e+00      7.438578e-01   
     3.024957        7.062326e-01      0.000000e+00      0.000000e+00      7.062326e-01   
     3.061273        6.434796e-01      0.000000e+00      0.000000e+00      6.434796e-01   
     3.113597        5.628245e-01      0.000000e+00      0.000000e+00      5.628245e-01   
     3.181789        4.727882e-01      0.000000e+00      0.000000e+00      4.727882e-01   
     3.265666        3.815546e-01      0.000000e+00      0.000000e+00      3.815546e-01   
     3.365002        2.957788e-01      0.000000e+00      0.000000e+00      2.957788e-01   
     3.479529        2.200674e-01      0.000000e+00      0.000000e+00      2.200674e-01   
     3.608938        1.569044e-01      0.000000e+00      0.000000e+00      1.569044e-01   
     3.752880        1.069956e-01      0.000000e+00      0.000000e+00      1.069956e-01   
     3.910968        6.959435e-02      0.000000e+00      0.000000e+00      6.959435e-02   
     4.082775        4.302418e-02      0.000000e+00      0.000000e+00      4.302418e-02   
     4.267838        2.517108e-02      0.000000e+00      0.000000e+00      2.517108e-02   
     4.465657        1.387231e-02      0.000000e+00      0.000000e+00      1.387231e-02   
     4.675701        7.161505e-03      0.000000e+00      0.000000e+00      7.161505e-03   
     4.897402        3.440665e-03      0.000000e+00      0.000000e+00      3.440665e-03   
     5.130163        1.523964e-03      0.000000e+00      0.000000e+00      1.523964e-03   
     5.373356        6.143598e-04      0.000000e+00      0.000000e+00      6.143598e-04   
     5.626327        2.211687e-04      0.000000e+00      0.000000e+00      2.211687e-04   
     5.888392        6.915994e-05      0.000000e+00      0.000000e+00      6.915994e-05   
     6.158845        1.829032e-05      0.000000e+00      0.000000e+00      1.829032e-05   
     6.436958        4.531271e-06      0.000000e+00      0.000000e+00      4.531271e-06   
     6.721980        1.983792e-06      0.000000e+00      0.000000e+00      1.983792e-06   
     7.013143        1.786362e-06      0.000000e+00      0.000000e+00      1.786362e-06   
     7.309662        1.631968e-06      0.000000e+00      0.000000e+00      1.631968e-06   
     7.610739        1.268920e-06      0.000000e+00      0.000000e+00      1.268920e-06   
     7.915560        8.576963e-07      0.000000e+00      0.000000e+00      8.576963e-07   
     8.223305        5.207015e-07      0.000000e+00      0.000000e+00      5.207015e-07   
     8.533144        2.910099e-07      0.000000e+00      0.000000e+00      2.910099e-07   
     8.844241        1.525373e-07      0.000000e+00      0.000000e+00      1.525373e-07   
     9.155759        7.613561e-08      0.000000e+00      0.000000e+00      7.613561e-08   
     9.466856        3.667035e-08      0.000000e+00      0.000000e+00      3.667035e-08   
     9.776695        1.724951e-08      0.000000e+00      0.000000e+00      1.724951e-08   
    10.084440        8.009239e-09      0.000000e+00      0.000000e+00      8.009239e-09   
    10.389261        3.702805e-09      0.000000e+00      0.000000e+00      3.702805e-09   
    10.690338        1.715054e-09      0.000000e+00      0.000000e+00      1.715054e-09   
    10.986857        7.987347e-10      0.000000e+00      0.000000e+00      7.987347e-10   
    11.278020        3.745045e-10      0.000000e+00      0.000000e+00      3.745045e-10   
    11.563042        1.767720e-10      0.000000e+00      0.000000e+00      1.767720e-10   
    11.841155        8.397269e-11      0.000000e+00      0.000000e+00      8.397269e-11   
    12.111608        4.013915e-11      0.000000e+00      0.000000e+00      4.013915e-11   
    12.373673        1.932087e-11      0.000000e+00      0.000000e+00      1.932087e-11   
    12.626644        9.379214e-12      0.000000e+00      0.000000e+00      9.379214e-12   
    12.869837        4.602384e-12      0.000000e+00      0.000000e+00      4.602384e-12   
    13.102598        2.289636e-12      0.000000e+00      0.000000e+00      2.289636e-12   
    13.324299        1.158545e-12      0.000000e+00      0.000000e+00      1.158545e-12   
    13.534343        5.975791e-13      0.000000e+00      0.000000e+00      5.975791e-13   
    13.732162        3.165495e-13      0.000000e+00      0.000000e+00      3.165495e-13   
    13.917225        1.824505e-13      0.000000e+00      0.000000e+00      1.824505e-13   
    14.089032        1.357767e-13      0.000000e+00      0.000000e+00      1.357767e-13   
    14.247120        1.484979e-13      0.000000e+00      0.000000e+00      1.484979e-13   
    14.391062        1.744088e-13      0.000000e+00      0.000000e+00      1.744088e-13   
    14.520471        2.424198e-13      0.000000e+00      0.000000e+00      2.424198e-13   
    14.634998        3.264737e-13      0.000000e+00      0.000000e+00      3.264737e-13   
    14.734334        3.870573e-13      0.000000e+00      0.000000e+00      3.870573e-13   
    14.818211        4.221550e-13      0.000000e+00      0.000000e+00      4.221550e-13   
    14.886403        4.377138e-13      0.000000e+00      0.000000e+00      4.377138e-13   
    14.938727        4.639107e-13      0.000000e+00      0.000000e+00      4.639107e-13   
    14.975043        6.267793e-13      0.000000e+00      0.000000e+00      6.267793e-13   
    14.995261        6.732076e-13      0.000000e+00      0.000000e+00      6.732076e-13   