#        q                pp                pn                nn        

     0.001185        6.226344e+08      1.070876e+09      1.841988e+09   
     0.006239        2.269813e+08      3.972451e+08      6.953346e+08   
     0.015318        1.306795e+08      2.128959e+08      3.469140e+08   
     0.028399        8.330685e+07      1.315355e+08      2.077436e+08   
     0.045447        6.048830e+07      9.105159e+07      1.371053e+08   
     0.066417        4.569643e+07      6.661960e+07      9.716278e+07   
     0.091251        3.615588e+07      5.070342e+07      7.113822e+07   
     0.119882        3.014454e+07      4.039285e+07      5.415477e+07   
     0.152235        2.499022e+07      3.282214e+07      4.313465e+07   
     0.188220        2.059225e+07      2.647074e+07      3.405029e+07   
     0.227742        1.803492e+07      2.259807e+07      2.833639e+07   
     0.270694        1.574791e+07      1.920725e+07      2.344491e+07   
     0.316959        1.370786e+07      1.679420e+07      2.059227e+07   
     0.366414        1.189297e+07      1.463922e+07      1.803494e+07   
     0.418925        1.028290e+07      1.228841e+07      1.469843e+07   
     0.474351        9.548702e+06      1.103889e+07      1.277360e+07   
     0.532541        8.210795e+06      9.877287e+06      1.189299e+07   
     0.593339        7.032892e+06      8.500054e+06      1.028292e+07   
     0.656582        6.498996e+06      7.584096e+06      8.858739e+06   
     0.722098        5.532056e+06      6.482266e+06      7.602871e+06   
     0.789711        4.688097e+06      5.739452e+06      7.032913e+06   
     0.859239        4.308183e+06      5.081669e+06      5.999325e+06   
     0.930495        3.318778e+06      4.110535e+06      5.095547e+06   
     1.003286        2.770771e+06      3.453580e+06      4.308194e+06   
     1.077416        2.091357e+06      2.752305e+06      3.624947e+06   
     1.152685        1.406293e+06      2.065025e+06      3.034490e+06   
     1.228890        5.607998e+04      3.423670e+05      2.091365e+06   
     1.305826        7.317296e+00      1.215387e+03      1.406299e+06   
     1.383286        6.667026e+00      7.638966e+01      3.503678e+05   
     1.461060        6.582717e+00      9.917506e+01      8.098107e+00   
     1.538940        6.114510e+00      1.239900e+02      7.632647e+00   
     1.616714        5.319967e+00      1.494299e+02      6.755388e+00   
     1.694174        4.306000e+00      1.738975e+02      5.576578e+00   
     1.771110        3.206427e+00      1.957713e+02      4.250309e+00   
     1.847315        2.155557e+00      2.136002e+02      2.942300e+00   
     1.922584        1.264285e+00      2.262831e+02      1.798314e+00   
     1.996714        6.040263e-01      2.332002e+02      9.206344e-01   
     2.069505        2.011708e-01      2.342650e+02      3.570797e-01   
     2.140761        4.151931e-02      2.298912e+02      1.029835e-01   
     2.210289        8.167318e-02      2.208876e+02      1.131310e-01   
     2.277902        2.632218e-01      2.083097e+02      3.186996e-01   
     2.343418        5.258927e-01      1.933014e+02      6.441973e-01   
     2.406661        8.171608e-01      1.769592e+02      1.020766e+00   
     2.467459        1.097444e+00      1.602339e+02      1.394200e+00   
     2.525649        1.341346e+00      1.438777e+02      1.727824e+00   
     2.581075        1.536133e+00      1.284317e+02      2.001486e+00   
     2.633586        1.678810e+00      1.142410e+02      2.208334e+00   
     2.683041        1.772867e+00      1.014878e+02      2.350817e+00   
     2.729306        1.825414e+00      9.022998e+01      2.436935e+00   
     2.772258        1.845004e+00      8.043875e+01      2.477258e+00   
     2.811780        1.840190e+00      7.203073e+01      2.482841e+00   
     2.847765        1.818698e+00      6.489313e+01      2.463966e+00   
     2.880118        1.787053e+00      5.890203e+01      2.429516e+00   
     2.908749        1.750506e+00      5.393472e+01      2.386761e+00   
     2.933583        1.713124e+00      4.987747e+01      2.341420e+00   
     2.954553        1.677953e+00      4.662993e+01      2.297837e+00   
     2.971601        1.647206e+00      4.410736e+01      2.259209e+00   
     2.984682        1.622441e+00      4.224142e+01      2.227815e+00   
     2.993761        1.604710e+00      4.098023e+01      2.205205e+00   
     2.998815        1.594663e+00      4.028781e+01      2.192352e+00   
     3.004739        1.582675e+00      3.951068e+01      2.176958e+00   
     3.024957        1.540658e+00      3.691816e+01      2.122727e+00   
     3.061273        1.461441e+00      3.257143e+01      2.019449e+00   
     3.113597        1.341495e+00      2.701466e+01      1.861095e+00   
     3.181789        1.180929e+00      2.093145e+01      1.646396e+00   
     3.265666        9.866052e-01      1.502293e+01      1.383485e+00   
     3.365002        7.729774e-01      9.876519e+00      1.091420e+00   
     3.479529        5.598684e-01      5.864855e+00      7.972960e-01   
     3.608938        3.678878e-01      3.106338e+00      5.298704e-01   
     3.752880        2.132812e-01      1.492724e+00      3.122786e-01   
     3.910968        1.040955e-01      7.637331e-01      1.565494e-01   
     4.082775        3.895351e-02      5.980309e-01      6.172094e-02   
     4.267838        8.788141e-03      6.941314e-01      1.603034e-02   
     4.465657        7.386978e-04      8.257897e-01      2.135937e-03   
     4.675701        2.544757e-03      8.663375e-01      3.137750e-03   
     4.897402        5.707911e-03      7.831665e-01      7.024197e-03   
     5.130163        6.469908e-03      6.095025e-01      8.186849e-03   
     5.373356        4.782315e-03      4.061229e-01      6.169535e-03   
     5.626327        2.289230e-03      2.275126e-01      2.994171e-03   
     5.888392        5.168674e-04      1.028850e-01      6.825681e-04   
     6.158845        8.987421e-07      3.434778e-02      1.345182e-06   
     6.436958        3.758956e-04      6.820350e-03      5.103702e-04   
     6.721980        9.528803e-04      9.654863e-04      1.304641e-03   
     7.013143        1.241402e-03      2.183812e-03      1.717982e-03   
     7.309662        1.133889e-03      3.328558e-03      1.590028e-03   
     7.610739        7.907146e-04      2.858918e-03      1.128002e-03   
     7.915560        4.272880e-04      1.629592e-03      6.246238e-04   
     8.223305        1.725748e-04      6.123328e-04      2.625263e-04   
     8.533144        4.592518e-05      1.274698e-04      7.585374e-05   
     8.844241        5.254178e-06      2.217619e-05      1.137377e-05   
     9.155759        1.331404e-06      5.049023e-05      2.060690e-06   
     9.466856        4.449977e-06      7.306355e-05      5.455305e-06   
     9.776695        4.898998e-06      6.244693e-05      6.347725e-06   
    10.084440        3.051552e-06      3.774729e-05      4.164038e-06   
    10.389261        1.159491e-06      1.721701e-05      1.691477e-06   
    10.690338        2.088653e-07      6.007277e-06      3.574107e-07   
    10.986857        1.502393e-08      1.589695e-06      3.390019e-08   
    11.278020        9.611155e-08      3.593493e-07      1.167820e-07   
    11.563042        1.604959e-07      1.862676e-07      2.049569e-07   
    11.841155        1.454827e-07      2.576935e-07      1.941189e-07   
    12.111608        9.097019e-08      3.484732e-07      1.267174e-07   
    12.373673        4.080067e-08      3.988245e-07      6.008836e-08   
    12.626644        1.192993e-08      3.928352e-07      1.945998e-08   
    12.869837        1.517211e-09      3.407618e-07      3.390935e-09   
    13.102598        7.944633e-10      2.671630e-07      1.147069e-09   
    13.324299        2.907204e-09      1.949574e-07      3.549252e-09   
    13.534343        4.584954e-09      1.368021e-07      5.859339e-09   
    13.732162        5.054558e-09      9.548701e-08      6.714302e-09   
    13.917225        4.618726e-09      6.819768e-08      6.336761e-09   
    14.089032        3.776622e-09      5.057322e-08      5.335014e-09   
    14.247120        2.887359e-09      3.895470e-08      4.194709e-09   
    14.391062        2.127169e-09      3.095470e-08      3.176720e-09   
    14.520471        1.545437e-09      2.520851e-08      2.371287e-09   
    14.634998        1.128093e-09      2.097485e-08      1.776571e-09   
    14.734334        8.399596e-10      1.783907e-08      1.355287e-09   
    14.818211        6.456911e-10      1.554289e-08      1.064715e-09   
    14.886403        5.171575e-10      1.390321e-08      8.686737e-10   
    14.938727        4.343745e-10      1.278055e-08      7.403702e-10   
    14.975043        3.841857e-10      1.206993e-08      6.616279e-10   
    14.995261        3.589030e-10      1.179700e-08      6.215684e-10   