#        q                pp                pn                nn        

     0.001185        1.901298e+04      1.840287e+04      3.143842e+04   
     0.006239        1.068031e+04      1.034001e+04      1.613625e+04   
     0.015318        7.283204e+03      7.053062e+03      1.068079e+04   
     0.028399        5.602124e+03      5.426570e+03      7.991746e+03   
     0.045447        4.527081e+03      4.386540e+03      6.198696e+03   
     0.066417        3.744108e+03      3.629182e+03      5.045996e+03   
     0.091251        3.187109e+03      3.090549e+03      4.202445e+03   
     0.119882        2.807724e+03      2.723870e+03      3.599692e+03   
     0.152235        2.459713e+03      2.387592e+03      3.057532e+03   
     0.188220        2.141721e+03      2.080369e+03      2.688744e+03   
     0.227742        1.945732e+03      1.891339e+03      2.350874e+03   
     0.270694        1.762076e+03      1.714262e+03      2.142127e+03   
     0.316959        1.590350e+03      1.548712e+03      1.946112e+03   
     0.366414        1.430153e+03      1.394260e+03      1.762424e+03   
     0.418925        1.354239e+03      1.321689e+03      1.590662e+03   
     0.474351        1.210578e+03      1.183080e+03      1.430426e+03   
     0.532541        1.142706e+03      1.118215e+03      1.281316e+03   
     0.593339        1.014689e+03      9.944687e+02      1.210783e+03   
     0.656582        8.966063e+02      8.801516e+02      1.077621e+03   
     0.722098        8.411597e+02      8.270224e+02      1.014847e+03   
     0.789711        7.372450e+02      7.261361e+02      8.967540e+02   
     0.859239        6.886754e+02      6.795270e+02      8.413100e+02   
     0.930495        5.980406e+02      5.913257e+02      7.374051e+02   
     1.003286        5.157516e+02      5.111731e+02      6.424530e+02   
     1.077416        4.070517e+02      4.046784e+02      5.560482e+02   
     1.152685        3.148406e+02      3.142789e+02      4.777806e+02   
     1.228890        1.940730e+02      1.952725e+02      3.747233e+02   
     1.305826        2.111265e+01      2.401801e+01      2.876866e+02   
     1.383286        5.590406e-01      4.030574e+00      4.209800e+00   
     1.461060        5.220812e-01      4.290492e+00      6.704744e-01   
     1.538940        4.628918e-01      4.337741e+00      6.160707e-01   
     1.616714        3.916219e-01      4.185546e+00      5.431800e-01   
     1.694174        3.183329e-01      3.877048e+00      4.617149e-01   
     1.771110        2.507389e-01      3.470447e+00      3.805750e-01   
     1.847315        1.932818e-01      3.023530e+00      3.062417e-01   
     1.922584        1.474049e-01      2.582554e+00      2.423994e-01   
     1.996714        1.124717e-01      2.177566e+00      1.902940e-01   
     2.069505        8.676826e-02      1.823275e+00      1.494352e-01   
     2.140761        6.826933e-02      1.523010e+00      1.183361e-01   
     2.210289        5.508872e-02      1.273327e+00      9.512079e-02   
     2.277902        4.567629e-02      1.067730e+00      7.793793e-02   
     2.343418        3.885669e-02      8.990545e-01      6.518864e-02   
     2.406661        3.378904e-02      7.606741e-01      5.560994e-02   
     2.467459        2.989810e-02      6.469435e-01      4.826674e-02   
     2.525649        2.680405e-02      5.532424e-01      4.249875e-02   
     2.581075        2.426287e-02      4.758547e-01      3.785500e-02   
     2.633586        2.212073e-02      4.118070e-01      3.403361e-02   
     2.683041        2.028149e-02      3.587190e-01      3.083412e-02   
     2.729306        1.868480e-02      3.146782e-01      2.812269e-02   
     2.772258        1.729190e-02      2.781422e-01      2.580842e-02   
     2.811780        1.607682e-02      2.478631e-01      2.382777e-02   
     2.847765        1.502111e-02      2.228289e-01      2.213472e-02   
     2.880118        1.411080e-02      2.022187e-01      2.069464e-02   
     2.908749        1.333466e-02      1.853677e-01      1.948062e-02   
     2.933583        1.268335e-02      1.717403e-01      1.847121e-02   
     2.954553        1.214899e-02      1.609086e-01      1.764916e-02   
     2.971601        1.172498e-02      1.525363e-01      1.700065e-02   
     2.984682        1.140593e-02      1.463660e-01      1.651482e-02   
     2.993761        1.118770e-02      1.422092e-01      1.618354e-02   
     2.998815        1.106735e-02      1.399387e-01      1.600119e-02   
     3.004739        1.092731e-02      1.373168e-01      1.578935e-02   
     3.024957        1.045777e-02      1.286794e-01      1.508142e-02   
     3.061273        9.646724e-03      1.143152e-01      1.386707e-02   
     3.113597        8.550795e-03      9.601011e-02      1.224219e-02   
     3.181789        7.249736e-03      7.590594e-02      1.033522e-02   
     3.265666        5.842414e-03      5.613752e-02      8.296879e-03   
     3.365002        4.438875e-03      3.850559e-02      6.286649e-03   
     3.479529        3.147133e-03      2.423919e-02      4.454267e-03   
     3.608938        2.056181e-03      1.388149e-02      2.918083e-03   
     3.752880        1.219936e-03      7.309262e-03      1.745698e-03   
     3.910968        6.482430e-04      3.873080e-03      9.442881e-04   
     4.082775        3.092745e-04      2.621763e-03      4.657003e-04   
     4.267838        1.430955e-04      2.555654e-03      2.256667e-04   
     4.465657        8.143892e-05      2.845939e-03      1.304356e-04   
     4.675701        6.620304e-05      2.967791e-03      1.010731e-04   
     4.897402        6.034393e-05      2.723456e-03      8.736985e-05   
     5.130163        4.884333e-05      2.168530e-03      6.862467e-05   
     5.373356        3.200993e-05      1.485676e-03      4.450361e-05   
     5.626327        1.610759e-05      8.613172e-04      2.260834e-05   
     5.888392        6.085444e-06      4.080438e-04      8.951499e-06   
     6.158845        2.710650e-06      1.467868e-04      4.236910e-06   
     6.436958        3.506234e-06      3.407174e-05      5.079499e-06   
     6.721980        5.246611e-06      5.100516e-06      7.214614e-06   
     7.013143        5.889763e-06      7.002205e-06      7.960766e-06   
     7.309662        5.061190e-06      1.147179e-05      6.815614e-06   
     7.610739        3.433202e-06      1.063784e-05      4.640565e-06   
     7.915560        1.841731e-06      6.541952e-06      2.516443e-06   
     8.223305        7.550771e-07      2.698284e-06      1.054387e-06   
     8.533144        2.143233e-07      6.376195e-07      3.136019e-07   
     8.844241        3.362309e-08      6.638876e-08      5.558467e-08   
     9.155759        9.468920e-09      1.308544e-07      1.386992e-08   
     9.466856        1.936797e-08      2.477661e-07      2.425725e-08   
     9.776695        2.119302e-08      2.441206e-07      2.718777e-08   
    10.084440        1.412768e-08      1.641895e-07      1.880720e-08   
    10.389261        6.345161e-09      8.229891e-08      8.906235e-09   
    10.690338        1.953906e-09      3.130030e-08      3.000309e-09   
    10.986857        6.093075e-10      8.968505e-09      9.893882e-10   
    11.278020        5.851691e-10      2.270952e-09      8.016702e-10   
    11.563042        7.003897e-10      1.246470e-09      9.043593e-10   
    11.841155        6.074300e-10      1.381951e-09      7.882307e-10   
    12.111608        3.881391e-10      1.441126e-09      5.150591e-10   
    12.373673        1.850801e-10      1.337057e-09      2.544148e-10   
    12.626644        6.221246e-11      1.165221e-09      9.089282e-11   
    12.869837        1.290307e-11      9.789166e-10      2.134289e-11   
    13.102598        5.262053e-12      7.986951e-10      7.621242e-12   
    13.324299        1.201511e-11      6.357672e-10      1.487045e-11   
    13.534343        1.883042e-11      4.972525e-10      2.371838e-11   
    13.732162        2.138858e-11      3.856340e-10      2.763439e-11   
    13.917225        2.020699e-11      2.989898e-10      2.670687e-11   
    14.089032        1.706838e-11      2.330368e-10      2.302532e-11   
    14.247120        1.345204e-11      1.832827e-10      1.849489e-11   
    14.391062        1.018341e-11      1.459835e-10      1.425300e-11   
    14.520471        7.569816e-12      1.182145e-10      1.077470e-11   
    14.634998        5.625242e-12      9.771314e-11      8.134222e-12   
    14.734334        4.241989e-12      8.273780e-11      6.223911e-12   
    14.818211        3.287015e-12      7.195708e-11      4.885737e-12   
    14.886403        2.643709e-12      6.436253e-11      3.972954e-12   
    14.938727        2.223945e-12      5.920535e-11      3.371147e-12   
    14.975043        1.967207e-12      5.595241e-11      3.000126e-12   
    14.995261        2.084275e-12      5.448024e-11      3.140312e-12   