#        q              total               1              \delta U         \delta U^2    

     0.001185        1.538650e+04      1.539996e+04     -1.363733e+01      1.777568e-01   
     0.006239        7.751227e+03      7.764635e+03     -1.358518e+01      1.777783e-01   
     0.015318        5.041043e+03      5.054446e+03     -1.358057e+01      1.778595e-01   
     0.028399        3.591890e+03      3.605292e+03     -1.357994e+01      1.778979e-01   
     0.045447        2.679160e+03      2.692571e+03     -1.358872e+01      1.778189e-01   
     0.066417        2.131526e+03      2.144929e+03     -1.358073e+01      1.777443e-01   
     0.091251        1.663700e+03      1.677083e+03     -1.356051e+01      1.776149e-01   
     0.119882        1.418707e+03      1.432064e+03     -1.353400e+01      1.774921e-01   
     0.152235        1.198828e+03      1.212152e+03     -1.350120e+01      1.773451e-01   
     0.188220        1.002729e+03      1.015991e+03     -1.343930e+01      1.770944e-01   
     0.227742        8.290518e+02      8.422233e+02     -1.334855e+01      1.770443e-01   
     0.270694        7.250856e+02      7.381486e+02     -1.324021e+01      1.772305e-01   
     0.316959        6.301078e+02      6.430212e+02     -1.309112e+01      1.777647e-01   
     0.366414        5.437283e+02      5.564389e+02     -1.288959e+01      1.789653e-01   
     0.418925        5.036813e+02      5.162265e+02     -1.272640e+01      1.812290e-01   
     0.474351        4.294895e+02      4.417079e+02     -1.240347e+01      1.850113e-01   
     0.532541        3.629426e+02      3.747292e+02     -1.197746e+01      1.908487e-01   
     0.593339        3.324736e+02      3.439416e+02     -1.166732e+01      1.993952e-01   
     0.656582        2.766893e+02      2.875186e+02     -1.104059e+01      2.113637e-01   
     0.722098        2.513957e+02      2.617826e+02     -1.061443e+01      2.274638e-01   
     0.789711        2.054955e+02      2.150106e+02     -9.763477e+00      2.483497e-01   
     0.859239        1.849234e+02      1.938740e+02     -9.225161e+00      2.745527e-01   
     0.930495        1.479749e+02      1.558481e+02     -8.179627e+00      3.063979e-01   
     1.003286        1.164461e+02      1.231504e+02     -7.048209e+00      3.439214e-01   
     1.077416        8.988416e+01      9.537875e+01     -5.881389e+00      3.868006e-01   
     1.152685        6.783073e+01      7.213097e+01     -4.734550e+00      4.343109e-01   
     1.228890        4.215520e+01      4.486194e+01     -3.192053e+00      4.853126e-01   
     1.305826        1.953893e+01      2.058372e+01     -1.583063e+00      5.382772e-01   
     1.383286        3.821409e+00      3.518584e+00     -2.885321e-01      5.913569e-01   
     1.461060        6.424965e-01      0.000000e+00      0.000000e+00      6.424965e-01   
     1.538940        6.895782e-01      0.000000e+00      0.000000e+00      6.895782e-01   
     1.616714        7.305806e-01      0.000000e+00      0.000000e+00      7.305806e-01   
     1.694174        7.637362e-01      0.000000e+00      0.000000e+00      7.637362e-01   
     1.771110        7.876714e-01      0.000000e+00      0.000000e+00      7.876714e-01   
     1.847315        8.015110e-01      0.000000e+00      0.000000e+00      8.015110e-01   
     1.922584        8.049335e-01      0.000000e+00      0.000000e+00      8.049335e-01   
     1.996714        7.981738e-01      0.000000e+00      0.000000e+00      7.981738e-01   
     2.069505        7.819727e-01      0.000000e+00      0.000000e+00      7.819727e-01   
     2.140761        7.574849e-01      0.000000e+00      0.000000e+00      7.574849e-01   
     2.210289        7.261580e-01      0.000000e+00      0.000000e+00      7.261580e-01   
     2.277902        6.896000e-01      0.000000e+00      0.000000e+00      6.896000e-01   
     2.343418        6.494530e-01      0.000000e+00      0.000000e+00      6.494530e-01   
     2.406661        6.072835e-01      0.000000e+00      0.000000e+00      6.072835e-01   
     2.467459        5.644998e-01      0.000000e+00      0.000000e+00      5.644998e-01   
     2.525649        5.222981e-01      0.000000e+00      0.000000e+00      5.222981e-01   
     2.581075        4.816376e-01      0.000000e+00      0.000000e+00      4.816376e-01   
     2.633586        4.432392e-01      0.000000e+00      0.000000e+00      4.432392e-01   
     2.683041        4.076025e-01      0.000000e+00      0.000000e+00      4.076025e-01   
     2.729306        3.750347e-01      0.000000e+00      0.000000e+00      3.750347e-01   
     2.772258        3.456847e-01      0.000000e+00      0.000000e+00      3.456847e-01   
     2.811780        3.195797e-01      0.000000e+00      0.000000e+00      3.195797e-01   
     2.847765        2.966581e-01      0.000000e+00      0.000000e+00      2.966581e-01   
     2.880118        2.768005e-01      0.000000e+00      0.000000e+00      2.768005e-01   
     2.908749        2.598536e-01      0.000000e+00      0.000000e+00      2.598536e-01   
     2.933583        2.456507e-01      0.000000e+00      0.000000e+00      2.456507e-01   
     2.954553        2.340269e-01      0.000000e+00      0.000000e+00      2.340269e-01   
     2.971601        2.248301e-01      0.000000e+00      0.000000e+00      2.248301e-01   
     2.984682        2.179293e-01      0.000000e+00      0.000000e+00      2.179293e-01   
     2.993761        2.132199e-01      0.000000e+00      0.000000e+00      2.132199e-01   
     2.998815        2.106266e-01      0.000000e+00      0.000000e+00      2.106266e-01   
     3.004739        2.076128e-01      0.000000e+00      0.000000e+00      2.076128e-01   
     3.024957        1.975374e-01      0.000000e+00      0.000000e+00      1.975374e-01   
     3.061273        1.802634e-01      0.000000e+00      0.000000e+00      1.802634e-01   
     3.113597        1.572394e-01      0.000000e+00      0.000000e+00      1.572394e-01   
     3.181789        1.305000e-01      0.000000e+00      0.000000e+00      1.305000e-01   
     3.265666        1.024372e-01      0.000000e+00      0.000000e+00      1.024372e-01   
     3.365002        7.553923e-02      0.000000e+00      0.000000e+00      7.553923e-02   
     3.479529        5.197275e-02      0.000000e+00      0.000000e+00      5.197275e-02   
     3.608938        3.317967e-02      0.000000e+00      0.000000e+00      3.317967e-02   
     3.752880        1.966606e-02      0.000000e+00      0.000000e+00      1.966606e-02   
     3.910968        1.103854e-02      0.000000e+00      0.000000e+00      1.103854e-02   
     4.082775        6.267397e-03      0.000000e+00      0.000000e+00      6.267397e-03   
     4.267838        4.070252e-03      0.000000e+00      0.000000e+00      4.070252e-03   
     4.465657        3.256677e-03      0.000000e+00      0.000000e+00      3.256677e-03   
     4.675701        2.946736e-03      0.000000e+00      0.000000e+00      2.946736e-03   
     4.897402        2.641430e-03      0.000000e+00      0.000000e+00      2.641430e-03   
     5.130163        2.173079e-03      0.000000e+00      0.000000e+00      2.173079e-03   
     5.373356        1.586925e-03      0.000000e+00      0.000000e+00      1.586925e-03   
     5.626327        1.009595e-03      0.000000e+00      0.000000e+00      1.009595e-03   
     5.888392        5.493216e-04      0.000000e+00      0.000000e+00      5.493216e-04   
     6.158845        2.499008e-04      0.000000e+00      0.000000e+00      2.499008e-04   
     6.436958        9.391221e-05      0.000000e+00      0.000000e+00      9.391221e-05   
     6.721980        3.256263e-05      0.000000e+00      0.000000e+00      3.256263e-05   
     7.013143        1.682340e-05      0.000000e+00      0.000000e+00      1.682340e-05   
     7.309662        1.462463e-05      0.000000e+00      0.000000e+00      1.462463e-05   
     7.610739        1.246677e-05      0.000000e+00      0.000000e+00      1.246677e-05   
     7.915560        8.410706e-06      0.000000e+00      0.000000e+00      8.410706e-06   
     8.223305        4.359550e-06      0.000000e+00      0.000000e+00      4.359550e-06   
     8.533144        1.739811e-06      0.000000e+00      0.000000e+00      1.739811e-06   
     8.844241        5.995888e-07      0.000000e+00      0.000000e+00      5.995888e-07   
     9.155759        3.019584e-07      0.000000e+00      0.000000e+00      3.019584e-07   
     9.466856        2.681791e-07      0.000000e+00      0.000000e+00      2.681791e-07   
     9.776695        2.339824e-07      0.000000e+00      0.000000e+00      2.339824e-07   
    10.084440        1.622004e-07      0.000000e+00      0.000000e+00      1.622004e-07   
    10.389261        8.874449e-08      0.000000e+00      0.000000e+00      8.874449e-08   
    10.690338        3.890446e-08      0.000000e+00      0.000000e+00      3.890446e-08   
    10.986857        1.396748e-08      0.000000e+00      0.000000e+00      1.396748e-08   
    11.278020        4.556293e-09      0.000000e+00      0.000000e+00      4.556293e-09   
    11.563042        2.000777e-09      0.000000e+00      0.000000e+00      2.000777e-09   
    11.841155        1.617367e-09      0.000000e+00      0.000000e+00      1.617367e-09   
    12.111608        1.650483e-09      0.000000e+00      0.000000e+00      1.650483e-09   
    12.373673        1.641718e-09      0.000000e+00      0.000000e+00      1.641718e-09   
    12.626644        1.524829e-09      0.000000e+00      0.000000e+00      1.524829e-09   
    12.869837        1.321843e-09      0.000000e+00      0.000000e+00      1.321843e-09   
    13.102598        1.075376e-09      0.000000e+00      0.000000e+00      1.075376e-09   
    13.324299        8.290803e-10      0.000000e+00      0.000000e+00      8.290803e-10   
    13.534343        6.142920e-10      0.000000e+00      0.000000e+00      6.142920e-10   
    13.732162        4.448626e-10      0.000000e+00      0.000000e+00      4.448626e-10   
    13.917225        3.204156e-10      0.000000e+00      0.000000e+00      3.204156e-10   
    14.089032        2.331025e-10      0.000000e+00      0.000000e+00      2.331025e-10   
    14.247120        1.733035e-10      0.000000e+00      0.000000e+00      1.733035e-10   
    14.391062        1.326831e-10      0.000000e+00      0.000000e+00      1.326831e-10   
    14.520471        1.050605e-10      0.000000e+00      0.000000e+00      1.050605e-10   
    14.634998        8.619882e-11      0.000000e+00      0.000000e+00      8.619882e-11   
    14.734334        7.332934e-11      0.000000e+00      0.000000e+00      7.332934e-11   
    14.818211        6.459420e-11      0.000000e+00      0.000000e+00      6.459420e-11   
    14.886403        5.869546e-11      0.000000e+00      0.000000e+00      5.869546e-11   
    14.938727        5.473456e-11      0.000000e+00      0.000000e+00      5.473456e-11   
    14.975043        5.234766e-11      0.000000e+00      0.000000e+00      5.234766e-11   
    14.995261        5.119358e-11      0.000000e+00      0.000000e+00      5.119358e-11   