#        q              total               1              \delta U         \delta U^2    

     0.001185        1.904964e+04      1.904976e+04     -1.274922e-01      4.907532e-04   
     0.006239        9.288030e+03      9.288156e+03     -1.270321e-01      4.107856e-04   
     0.015318        6.005719e+03      6.005846e+03     -1.269655e-01      1.194429e-04   
     0.028399        4.209104e+03      4.209232e+03     -1.269833e-01     -5.188429e-05   
     0.045447        3.192234e+03      3.192361e+03     -1.270526e-01      2.998971e-05   
     0.066417        2.576230e+03      2.576357e+03     -1.269590e-01      3.605472e-05   
     0.091251        2.045050e+03      2.045177e+03     -1.268341e-01      7.864603e-05   
     0.119882        1.764443e+03      1.764570e+03     -1.266192e-01     -1.146728e-05   
     0.152235        1.431937e+03      1.432064e+03     -1.263005e-01     -9.136891e-05   
     0.188220        1.212026e+03      1.212152e+03     -1.257532e-01      1.328700e-04   
     0.227742        1.078698e+03      1.078823e+03     -1.251901e-01      8.167796e-05   
     0.270694        9.555230e+02      9.556474e+02     -1.243334e-01     -5.759079e-05   
     0.316959        8.421001e+02      8.422233e+02     -1.231756e-01     -2.085961e-05   
     0.366414        7.380270e+02      7.381486e+02     -1.216317e-01      5.615425e-05   
     0.418925        6.429017e+02      6.430212e+02     -1.195039e-01      5.923681e-05   
     0.474351        5.563223e+02      5.564389e+02     -1.166548e-01      1.780516e-05   
     0.532541        5.161120e+02      5.162265e+02     -1.144971e-01      1.863352e-05   
     0.593339        4.415978e+02      4.417079e+02     -1.101743e-01      4.383190e-05   
     0.656582        4.071942e+02      4.073012e+02     -1.070865e-01      5.410017e-05   
     0.722098        3.438407e+02      3.439416e+02     -1.008901e-01      5.503065e-05   
     0.789711        2.874252e+02      2.875186e+02     -9.337893e-02      6.262125e-05   
     0.859239        2.616941e+02      2.617826e+02     -8.861154e-02      7.892647e-05   
     0.930495        2.149314e+02      2.150106e+02     -7.933730e-02      9.807571e-05   
     1.003286        1.741008e+02      1.741699e+02     -6.924244e-02      1.184415e-04   
     1.077416        1.387998e+02      1.388584e+02     -5.874601e-02      1.428493e-04   
     1.152685        1.086258e+02      1.086740e+02     -4.831139e-02      1.730291e-04   
     1.228890        6.204822e+01      6.207787e+01     -2.985929e-02      2.090383e-04   
     1.305826        2.022191e+01      2.023186e+01     -1.020195e-02      2.505584e-04   
     1.383286        2.976490e-04      0.000000e+00      0.000000e+00      2.976490e-04   
     1.461060        3.505888e-04      0.000000e+00      0.000000e+00      3.505888e-04   
     1.538940        4.090520e-04      0.000000e+00      0.000000e+00      4.090520e-04   
     1.616714        4.724095e-04      0.000000e+00      0.000000e+00      4.724095e-04   
     1.694174        5.398456e-04      0.000000e+00      0.000000e+00      5.398456e-04   
     1.771110        6.102474e-04      0.000000e+00      0.000000e+00      6.102474e-04   
     1.847315        6.822856e-04      0.000000e+00      0.000000e+00      6.822856e-04   
     1.922584        7.544626e-04      0.000000e+00      0.000000e+00      7.544626e-04   
     1.996714        8.252020e-04      0.000000e+00      0.000000e+00      8.252020e-04   
     2.069505        8.929216e-04      0.000000e+00      0.000000e+00      8.929216e-04   
     2.140761        9.561324e-04      0.000000e+00      0.000000e+00      9.561324e-04   
     2.210289        1.013524e-03      0.000000e+00      0.000000e+00      1.013524e-03   
     2.277902        1.064021e-03      0.000000e+00      0.000000e+00      1.064021e-03   
     2.343418        1.106850e-03      0.000000e+00      0.000000e+00      1.106850e-03   
     2.406661        1.141549e-03      0.000000e+00      0.000000e+00      1.141549e-03   
     2.467459        1.168006e-03      0.000000e+00      0.000000e+00      1.168006e-03   
     2.525649        1.186425e-03      0.000000e+00      0.000000e+00      1.186425e-03   
     2.581075        1.197291e-03      0.000000e+00      0.000000e+00      1.197291e-03   
     2.633586        1.201317e-03      0.000000e+00      0.000000e+00      1.201317e-03   
     2.683041        1.199375e-03      0.000000e+00      0.000000e+00      1.199375e-03   
     2.729306        1.192463e-03      0.000000e+00      0.000000e+00      1.192463e-03   
     2.772258        1.181611e-03      0.000000e+00      0.000000e+00      1.181611e-03   
     2.811780        1.167892e-03      0.000000e+00      0.000000e+00      1.167892e-03   
     2.847765        1.152374e-03      0.000000e+00      0.000000e+00      1.152374e-03   
     2.880118        1.136046e-03      0.000000e+00      0.000000e+00      1.136046e-03   
     2.908749        1.119820e-03      0.000000e+00      0.000000e+00      1.119820e-03   
     2.933583        1.104471e-03      0.000000e+00      0.000000e+00      1.104471e-03   
     2.954553        1.090649e-03      0.000000e+00      0.000000e+00      1.090649e-03   
     2.971601        1.078865e-03      0.000000e+00      0.000000e+00      1.078865e-03   
     2.984682        1.069508e-03      0.000000e+00      0.000000e+00      1.069508e-03   
     2.993761        1.062851e-03      0.000000e+00      0.000000e+00      1.062851e-03   
     2.998815        1.059086e-03      0.000000e+00      0.000000e+00      1.059086e-03   
     3.004739        1.054590e-03      0.000000e+00      0.000000e+00      1.054590e-03   
     3.024957        1.038604e-03      0.000000e+00      0.000000e+00      1.038604e-03   
     3.061273        1.007914e-03      0.000000e+00      0.000000e+00      1.007914e-03   
     3.113597        9.600424e-04      0.000000e+00      0.000000e+00      9.600424e-04   
     3.181789        8.942088e-04      0.000000e+00      0.000000e+00      8.942088e-04   
     3.265666        8.077535e-04      0.000000e+00      0.000000e+00      8.077535e-04   
     3.365002        7.014491e-04      0.000000e+00      0.000000e+00      7.014491e-04   
     3.479529        5.822538e-04      0.000000e+00      0.000000e+00      5.822538e-04   
     3.608938        4.624701e-04      0.000000e+00      0.000000e+00      4.624701e-04   
     3.752880        3.606861e-04      0.000000e+00      0.000000e+00      3.606861e-04   
     3.910968        3.001593e-04      0.000000e+00      0.000000e+00      3.001593e-04   
     4.082775        3.017322e-04      0.000000e+00      0.000000e+00      3.017322e-04   
     4.267838        3.748165e-04      0.000000e+00      0.000000e+00      3.748165e-04   
     4.465657        5.077955e-04      0.000000e+00      0.000000e+00      5.077955e-04   
     4.675701        6.640848e-04      0.000000e+00      0.000000e+00      6.640848e-04   
     4.897402        7.894308e-04      0.000000e+00      0.000000e+00      7.894308e-04   
     5.130163        8.313955e-04      0.000000e+00      0.000000e+00      8.313955e-04   
     5.373356        7.638482e-04      0.000000e+00      0.000000e+00      7.638482e-04   
     5.626327        6.025567e-04      0.000000e+00      0.000000e+00      6.025567e-04   
     5.888392        3.996931e-04      0.000000e+00      0.000000e+00      3.996931e-04   
     6.158845        2.175994e-04      0.000000e+00      0.000000e+00      2.175994e-04   
     6.436958        9.757191e-05      0.000000e+00      0.000000e+00      9.757191e-05   
     6.721980        4.414333e-05      0.000000e+00      0.000000e+00      4.414333e-05   
     7.013143        3.344985e-05      0.000000e+00      0.000000e+00      3.344985e-05   
     7.309662        3.566959e-05      0.000000e+00      0.000000e+00      3.566959e-05   
     7.610739        3.311987e-05      0.000000e+00      0.000000e+00      3.311987e-05   
     7.915560        2.359167e-05      0.000000e+00      0.000000e+00      2.359167e-05   
     8.223305        1.264461e-05      0.000000e+00      0.000000e+00      1.264461e-05   
     8.533144        5.072905e-06      0.000000e+00      0.000000e+00      5.072905e-06   
     8.844241        1.732643e-06      0.000000e+00      0.000000e+00      1.732643e-06   
     9.155759        9.652961e-07      0.000000e+00      0.000000e+00      9.652961e-07   
     9.466856        9.664735e-07      0.000000e+00      0.000000e+00      9.664735e-07   
     9.776695        8.736485e-07      0.000000e+00      0.000000e+00      8.736485e-07   
    10.084440        6.010213e-07      0.000000e+00      0.000000e+00      6.010213e-07   
    10.389261        3.160602e-07      0.000000e+00      0.000000e+00      3.160602e-07   
    10.690338        1.278960e-07      0.000000e+00      0.000000e+00      1.278960e-07   
    10.986857        4.014993e-08      0.000000e+00      0.000000e+00      4.014993e-08   
    11.278020        1.120231e-08      0.000000e+00      0.000000e+00      1.120231e-08   
    11.563042        4.685215e-09      0.000000e+00      0.000000e+00      4.685215e-09   
    11.841155        3.212393e-09      0.000000e+00      0.000000e+00      3.212393e-09   
    12.111608        2.180229e-09      0.000000e+00      0.000000e+00      2.180229e-09   
    12.373673        1.453890e-09      0.000000e+00      0.000000e+00      1.453890e-09   
    12.626644        1.256916e-09      0.000000e+00      0.000000e+00      1.256916e-09   
    12.869837        1.381949e-09      0.000000e+00      0.000000e+00      1.381949e-09   
    13.102598        1.511404e-09      0.000000e+00      0.000000e+00      1.511404e-09   
    13.324299        1.481827e-09      0.000000e+00      0.000000e+00      1.481827e-09   
    13.534343        1.297260e-09      0.000000e+00      0.000000e+00      1.297260e-09   
    13.732162        1.036146e-09      0.000000e+00      0.000000e+00      1.036146e-09   
    13.917225        7.739718e-10      0.000000e+00      0.000000e+00      7.739718e-10   
    14.089032        5.536400e-10      0.000000e+00      0.000000e+00      5.536400e-10   
    14.247120        3.878378e-10      0.000000e+00      0.000000e+00      3.878378e-10   
    14.391062        2.717569e-10      0.000000e+00      0.000000e+00      2.717569e-10   
    14.520471        1.942025e-10      0.000000e+00      0.000000e+00      1.942025e-10   
    14.634998        1.438087e-10      0.000000e+00      0.000000e+00      1.438087e-10   
    14.734334        1.115738e-10      0.000000e+00      0.000000e+00      1.115738e-10   
    14.818211        9.117786e-11      0.000000e+00      0.000000e+00      9.117786e-11   
    14.886403        7.833845e-11      0.000000e+00      0.000000e+00      7.833845e-11   
    14.938727        7.029134e-11      0.000000e+00      0.000000e+00      7.029134e-11   
    14.975043        6.545485e-11      0.000000e+00      0.000000e+00      6.545485e-11   
    14.995261        6.313103e-11      0.000000e+00      0.000000e+00      6.313103e-11   