#        q              total               1              \delta U         \delta U^2    

     0.000790        4.346357e+04      4.375356e+04     -3.195221e+02      2.953029e+01   
     0.004159        3.306820e+04      3.335816e+04     -3.194922e+02      2.953013e+01   
     0.010212        2.539165e+04      2.568164e+04     -3.195231e+02      2.952952e+01   
     0.018933        9.829486e+03      1.011947e+04     -3.195147e+02      2.952868e+01   
     0.030298        8.470074e+03      8.760042e+03     -3.194965e+02      2.952822e+01   
     0.044278        7.716097e+03      8.006010e+03     -3.194401e+02      2.952764e+01   
     0.060834        6.779961e+03      7.069714e+03     -3.192819e+02      2.952831e+01   
     0.079922        5.919986e+03      6.209421e+03     -3.189628e+02      2.952763e+01   
     0.101490        5.133020e+03      5.421911e+03     -3.184201e+02      2.952852e+01   
     0.125480        4.588942e+03      4.877109e+03     -3.176975e+02      2.953030e+01   
     0.151828        4.247670e+03      4.534977e+03     -3.168367e+02      2.953010e+01   
     0.180462        3.923057e+03      4.209232e+03     -3.157064e+02      2.953160e+01   
     0.211306        3.614778e+03      3.899470e+03     -3.142321e+02      2.953944e+01   
     0.244276        3.322529e+03      3.605292e+03     -3.123104e+02      2.954768e+01   
     0.279283        3.046051e+03      3.326293e+03     -3.098109e+02      2.956833e+01   
     0.316234        2.914501e+03      3.192361e+03     -3.074553e+02      2.959593e+01   
     0.355027        2.661380e+03      2.935379e+03     -3.036361e+02      2.963751e+01   
     0.395559        2.541716e+03      2.812228e+03     -3.002086e+02      2.969644e+01   
     0.437721        2.426089e+03      2.692571e+03     -2.962618e+02      2.977957e+01   
     0.481399        2.203614e+03      2.463536e+03     -2.898132e+02      2.989099e+01   
     0.526474        2.099638e+03      2.354058e+03     -2.844548e+02      3.003479e+01   
     0.572826        1.999606e+03      2.247872e+03     -2.784828e+02      3.021679e+01   
     0.620330        1.903477e+03      2.144929e+03     -2.718932e+02      3.044153e+01   
     0.668857        1.718255e+03      1.948567e+03     -2.610224e+02      3.071073e+01   
     0.718277        1.633202e+03      1.855048e+03     -2.528693e+02      3.102384e+01   
     0.768456        1.551785e+03      1.764570e+03     -2.441653e+02      3.138047e+01   
     0.819260        1.394562e+03      1.592536e+03     -2.297478e+02      3.177387e+01   
     0.870551        1.323301e+03      1.510880e+03     -2.197725e+02      3.219342e+01   
     0.922191        1.255218e+03      1.432064e+03     -2.094685e+02      3.262260e+01   
     0.974040        1.123251e+03      1.282750e+03     -1.925509e+02      3.305180e+01   
     1.025960        1.063902e+03      1.212152e+03     -1.817080e+02      3.345818e+01   
     1.077809        9.486188e+02      1.078823e+03     -1.640193e+02      3.381518e+01   
     1.129449        8.434411e+02      9.556474e+02     -1.463124e+02      3.410615e+01   
     1.180740        7.475243e+02      8.422233e+02     -1.290156e+02      3.431652e+01   
     1.231544        6.177870e+02      6.893660e+02     -1.059987e+02      3.441977e+01   
     1.281723        1.314604e+02      1.159876e+02     -1.893101e+01      3.440380e+01   
     1.331143        3.426015e+01      0.000000e+00      0.000000e+00      3.426015e+01   
     1.379670        3.397884e+01      0.000000e+00      0.000000e+00      3.397884e+01   
     1.427174        3.356564e+01      0.000000e+00      0.000000e+00      3.356564e+01   
     1.473526        3.302702e+01      0.000000e+00      0.000000e+00      3.302702e+01   
     1.518601        3.237588e+01      0.000000e+00      0.000000e+00      3.237588e+01   
     1.562279        3.162630e+01      0.000000e+00      0.000000e+00      3.162630e+01   
     1.604441        3.079046e+01      0.000000e+00      0.000000e+00      3.079046e+01   
     1.644973        2.988873e+01      0.000000e+00      0.000000e+00      2.988873e+01   
     1.683766        2.894678e+01      0.000000e+00      0.000000e+00      2.894678e+01   
     1.720717        2.798512e+01      0.000000e+00      0.000000e+00      2.798512e+01   
     1.755724        2.702217e+01      0.000000e+00      0.000000e+00      2.702217e+01   
     1.788694        2.607149e+01      0.000000e+00      0.000000e+00      2.607149e+01   
     1.819538        2.515190e+01      0.000000e+00      0.000000e+00      2.515190e+01   
     1.848172        2.427658e+01      0.000000e+00      0.000000e+00      2.427658e+01   
     1.874520        2.345657e+01      0.000000e+00      0.000000e+00      2.345657e+01   
     1.898510        2.269994e+01      0.000000e+00      0.000000e+00      2.269994e+01   
     1.920078        2.201435e+01      0.000000e+00      0.000000e+00      2.201435e+01   
     1.939166        2.140449e+01      0.000000e+00      0.000000e+00      2.140449e+01   
     1.955722        2.087415e+01      0.000000e+00      0.000000e+00      2.087415e+01   
     1.969702        2.042708e+01      0.000000e+00      0.000000e+00      2.042708e+01   
     1.981067        2.006240e+01      0.000000e+00      0.000000e+00      2.006240e+01   
     1.989788        1.978290e+01      0.000000e+00      0.000000e+00      1.978290e+01   
     1.995841        1.959011e+01      0.000000e+00      0.000000e+00      1.959011e+01   
     1.999210        1.948278e+01      0.000000e+00      0.000000e+00      1.948278e+01   
     2.003160        1.935694e+01      0.000000e+00      0.000000e+00      1.935694e+01   
     2.016638        1.892709e+01      0.000000e+00      0.000000e+00      1.892709e+01   
     2.040848        1.816003e+01      0.000000e+00      0.000000e+00      1.816003e+01   
     2.075731        1.706848e+01      0.000000e+00      0.000000e+00      1.706848e+01   
     2.121193        1.567964e+01      0.000000e+00      0.000000e+00      1.567964e+01   
     2.177111        1.404014e+01      0.000000e+00      0.000000e+00      1.404014e+01   
     2.243335        1.222228e+01      0.000000e+00      0.000000e+00      1.222228e+01   
     2.319686        1.031313e+01      0.000000e+00      0.000000e+00      1.031313e+01   
     2.405959        8.424825e+00      0.000000e+00      0.000000e+00      8.424825e+00   
     2.501920        6.657341e+00      0.000000e+00      0.000000e+00      6.657341e+00   
     2.607312        5.097786e+00      0.000000e+00      0.000000e+00      5.097786e+00   
     2.721850        3.796051e+00      0.000000e+00      0.000000e+00      3.796051e+00   
     2.845225        2.760500e+00      0.000000e+00      0.000000e+00      2.760500e+00   
     2.977105        1.967601e+00      0.000000e+00      0.000000e+00      1.967601e+00   
     3.117134        1.376980e+00      0.000000e+00      0.000000e+00      1.376980e+00   
     3.264935        9.456063e-01      0.000000e+00      0.000000e+00      9.456063e-01   
     3.420109        6.359418e-01      0.000000e+00      0.000000e+00      6.359418e-01   
     3.582238        4.177502e-01      0.000000e+00      0.000000e+00      4.177502e-01   
     3.750884        2.673460e-01      0.000000e+00      0.000000e+00      2.673460e-01   
     3.925594        1.662630e-01      0.000000e+00      0.000000e+00      1.662630e-01   
     4.105897        1.002548e-01      0.000000e+00      0.000000e+00      1.002548e-01   
     4.291305        5.848652e-02      0.000000e+00      0.000000e+00      5.848652e-02   
     4.481320        3.294281e-02      0.000000e+00      0.000000e+00      3.294281e-02   
     4.675429        1.787610e-02      0.000000e+00      0.000000e+00      1.787610e-02   
     4.873108        9.320051e-03      0.000000e+00      0.000000e+00      9.320051e-03   
     5.073826        4.653216e-03      0.000000e+00      0.000000e+00      4.653216e-03   
     5.277040        2.214503e-03      0.000000e+00      0.000000e+00      2.214503e-03   
     5.482203        9.981836e-04      0.000000e+00      0.000000e+00      9.981836e-04   
     5.688763        4.223132e-04      0.000000e+00      0.000000e+00      4.223132e-04   
     5.896161        1.658101e-04      0.000000e+00      0.000000e+00      1.658101e-04   
     6.103839        5.992251e-05      0.000000e+00      0.000000e+00      5.992251e-05   
     6.311237        2.046770e-05      0.000000e+00      0.000000e+00      2.046770e-05   
     6.517797        7.868212e-06      0.000000e+00      0.000000e+00      7.868212e-06   
     6.722960        4.808374e-06      0.000000e+00      0.000000e+00      4.808374e-06   
     6.926174        4.408337e-06      0.000000e+00      0.000000e+00      4.408337e-06   
     7.126892        4.326775e-06      0.000000e+00      0.000000e+00      4.326775e-06   
     7.324571        3.999411e-06      0.000000e+00      0.000000e+00      3.999411e-06   
     7.518680        3.444957e-06      0.000000e+00      0.000000e+00      3.444957e-06   
     7.708695        2.802592e-06      0.000000e+00      0.000000e+00      2.802592e-06   
     7.894103        2.184949e-06      0.000000e+00      0.000000e+00      2.184949e-06   
     8.074406        1.652121e-06      0.000000e+00      0.000000e+00      1.652121e-06   
     8.249116        1.223227e-06      0.000000e+00      0.000000e+00      1.223227e-06   
     8.417762        8.937044e-07      0.000000e+00      0.000000e+00      8.937044e-07   
     8.579891        6.484258e-07      0.000000e+00      0.000000e+00      6.484258e-07   
     8.735065        4.697174e-07      0.000000e+00      0.000000e+00      4.697174e-07   
     8.882866        3.412848e-07      0.000000e+00      0.000000e+00      3.412848e-07   
     9.022895        2.497130e-07      0.000000e+00      0.000000e+00      2.497130e-07   
     9.154775        1.846542e-07      0.000000e+00      0.000000e+00      1.846542e-07   
     9.278150        1.384680e-07      0.000000e+00      0.000000e+00      1.384680e-07   
     9.392688        1.056456e-07      0.000000e+00      0.000000e+00      1.056456e-07   
     9.498080        8.225446e-08      0.000000e+00      0.000000e+00      8.225446e-08   
     9.594041        6.554749e-08      0.000000e+00      0.000000e+00      6.554749e-08   
     9.680314        5.361644e-08      0.000000e+00      0.000000e+00      5.361644e-08   
     9.756665        4.509494e-08      0.000000e+00      0.000000e+00      4.509494e-08   
     9.822889        3.899582e-08      0.000000e+00      0.000000e+00      3.899582e-08   
     9.878807        3.462423e-08      0.000000e+00      0.000000e+00      3.462423e-08   
     9.924269        3.151204e-08      0.000000e+00      0.000000e+00      3.151204e-08   
     9.959152        2.936538e-08      0.000000e+00      0.000000e+00      2.936538e-08   
     9.983362        2.804520e-08      0.000000e+00      0.000000e+00      2.804520e-08   
     9.996840        2.739280e-08      0.000000e+00      0.000000e+00      2.739280e-08   