#        q                pp                pn                nn        

     0.001185        1.814467e+08      3.000305e+08      4.961130e+08   
     0.006239        5.724890e+07      8.649416e+07      1.306800e+08   
     0.015318        2.661972e+07      3.903761e+07      5.724890e+07   
     0.028399        1.574806e+07      2.246527e+07      3.204809e+07   
     0.045447        1.028300e+07      1.407967e+07      1.927845e+07   
     0.066417        7.032967e+06      9.478141e+06      1.277371e+07   
     0.091251        5.095581e+06      6.718605e+06      8.858812e+06   
     0.119882        3.954311e+06      5.069374e+06      6.499062e+06   
     0.152235        3.034504e+06      3.771697e+06      4.688142e+06   
     0.188220        2.300358e+06      2.887628e+06      3.624968e+06   
     0.227742        1.898454e+06      2.293467e+06      2.770793e+06   
     0.270694        1.556852e+06      1.892391e+06      2.300358e+06   
     0.316959        1.268085e+06      1.551539e+06      1.898454e+06   
     0.366414        1.025402e+06      1.263451e+06      1.556852e+06   
     0.418925        9.194173e+05      1.079735e+06      1.268085e+06   
     0.474351        7.346556e+05      8.679094e+05      1.025402e+06   
     0.532541        6.545883e+05      7.338293e+05      8.227229e+05   
     0.593339        5.161183e+05      6.157441e+05      7.346556e+05   
     0.656582        4.029694e+05      4.842318e+05      5.819288e+05   
     0.722098        3.546695e+05      4.278274e+05      5.161183e+05   
     0.789711        2.724312e+05      3.313181e+05      4.029694e+05   
     0.859239        2.376990e+05      2.903394e+05      3.546696e+05   
     0.930495        1.792127e+05      2.209489e+05      2.724313e+05   
     1.003286        1.332446e+05      1.659634e+05      2.067378e+05   
     1.077416        8.294692e+04      1.133126e+05      1.548118e+05   
     1.152685        4.957711e+04      7.525350e+04      1.142416e+05   
     1.228890        1.879347e+04      3.632246e+04      7.021080e+04   
     1.305826        2.118355e+02      2.958848e+03      4.133333e+04   
     1.383286        2.003114e-04      7.470242e-03      6.188920e+00   
     1.461060        1.926542e-04      9.451561e-03      2.342848e-04   
     1.538940        1.718146e-04      1.195553e-02      2.098773e-04   
     1.616714        1.395860e-04      1.504372e-02      1.712253e-04   
     1.694174        9.997319e-05      1.876453e-02      1.230341e-04   
     1.771110        5.894381e-05      2.314150e-02      7.263633e-05   
     1.847315        2.387695e-05      2.817721e-02      2.932793e-05   
     1.922584        2.879541e-06      3.384811e-02      3.496507e-06   
     1.996714        4.003689e-06      4.009880e-02      5.605888e-06   
     2.069505        3.449531e-05      4.685249e-02      4.520297e-05   
     2.140761        1.001456e-04      5.400535e-02      1.300461e-04   
     2.210289        2.048117e-04      6.143676e-02      2.654441e-04   
     2.277902        3.501491e-04      6.901275e-02      4.538708e-04   
     2.343418        5.355464e-04      7.659467e-02      6.948411e-04   
     2.406661        7.583095e-04      8.404636e-02      9.851248e-04   
     2.467459        1.013897e-03      9.123968e-02      1.319020e-03   
     2.525649        1.296353e-03      9.806280e-02      1.688908e-03   
     2.581075        1.598804e-03      1.044214e-01      2.085896e-03   
     2.633586        1.913862e-03      1.102436e-01      2.500345e-03   
     2.683041        2.234093e-03      1.154807e-01      2.922474e-03   
     2.729306        2.552377e-03      1.201078e-01      3.342868e-03   
     2.772258        2.862173e-03      1.241200e-01      3.752815e-03   
     2.811780        3.157732e-03      1.275312e-01      4.144600e-03   
     2.847765        3.434161e-03      1.303717e-01      4.511629e-03   
     2.880118        3.687470e-03      1.326781e-01      4.848462e-03   
     2.908749        3.914543e-03      1.345010e-01      5.150822e-03   
     2.933583        4.113045e-03      1.358883e-01      5.415460e-03   
     2.954553        4.281300e-03      1.368902e-01      5.640016e-03   
     2.971601        4.418161e-03      1.375532e-01      5.822841e-03   
     2.984682        4.522900e-03      1.379194e-01      5.962858e-03   
     2.993761        4.595111e-03      1.380202e-01      6.059445e-03   
     2.998815        4.634535e-03      1.378749e-01      6.112197e-03   
     3.004739        4.686322e-03      1.391451e-01      6.181484e-03   
     3.024957        4.857339e-03      1.418647e-01      6.410465e-03   
     3.061273        5.158256e-03      1.451727e-01      6.813994e-03   
     3.113597        5.583621e-03      1.485970e-01      7.385784e-03   
     3.181789        6.118936e-03      1.513902e-01      8.107920e-03   
     3.265666        6.734777e-03      1.525078e-01      8.942896e-03   
     3.365002        7.380341e-03      1.506443e-01      9.824745e-03   
     3.479529        7.979369e-03      1.443789e-01      1.065310e-02   
     3.608938        8.431596e-03      1.324695e-01      1.129443e-02   
     3.752880        8.623603e-03      1.143153e-01      1.159572e-02   
     3.910968        8.450942e-03      9.050414e-02      1.141340e-02   
     4.082775        7.849504e-03      6.328142e-02      1.065528e-02   
     4.267838        6.827423e-03      3.665725e-02      9.324175e-03   
     4.465657        5.483499e-03      1.587311e-02      7.544613e-03   
     4.675701        3.997426e-03      6.081223e-03      5.552440e-03   
     4.897402        2.586271e-03      1.040750e-02      3.638789e-03   
     5.130163        1.438728e-03      2.804103e-02      2.062570e-03   
     5.373356        6.552326e-04      5.340907e-02      9.683929e-04   
     5.626327        2.246063e-04      7.743881e-02      3.515681e-04   
     5.888392        5.015976e-05      9.098734e-02      8.932452e-05   
     6.158845        8.850158e-06      8.897639e-02      1.824269e-05   
     6.436958        7.359752e-06      7.277656e-02      1.031208e-05   
     6.721980        5.045095e-06      4.916026e-02      6.411364e-06   
     7.013143        6.181718e-07      2.643978e-02      1.080735e-06   
     7.309662        3.903176e-06      1.036701e-02      5.773780e-06   
     7.610739        1.685539e-05      2.285993e-03      2.297397e-05   
     7.915560        3.208078e-05      9.299375e-05      4.317923e-05   
     8.223305        4.095248e-05      5.965452e-04      5.507388e-05   
     8.533144        4.011932e-05      1.428180e-03      5.411849e-05   
     8.844241        3.194486e-05      1.637218e-03      4.331613e-05   
     9.155759        2.117697e-05      1.277773e-03      2.892235e-05   
     9.466856        1.170814e-05      7.380027e-04      1.615038e-05   
     9.776695        5.274734e-06      3.099631e-04      7.385569e-06   
    10.084440        1.807076e-06      8.139097e-05      2.597578e-06   
    10.389261        3.848988e-07      6.613189e-06      5.893270e-07   
    10.690338        2.477580e-08      5.639986e-06      4.963142e-08   
    10.986857        4.922077e-08      2.079838e-05      5.977610e-08   
    11.278020        1.242061e-07      2.787242e-05      1.568398e-07   
    11.563042        1.473616e-07      2.462155e-05      1.916192e-07   
    11.841155        1.229748e-07      1.662829e-05      1.632493e-07   
    12.111608        8.121203e-08      8.977420e-06      1.098445e-07   
    12.373673        4.404496e-08      3.862767e-06      6.083930e-08   
    12.626644        1.950780e-08      1.269907e-06      2.773690e-08   
    12.869837        6.689103e-09      3.109978e-07      9.994621e-09   
    13.102598        1.533037e-09      1.155386e-07      2.561911e-09   
    13.324299        2.291579e-10      1.465497e-07      4.665262e-10   
    13.534343        3.340488e-10      1.763546e-07      4.286121e-10   
    13.732162        6.649437e-10      1.566401e-07      8.083748e-10   
    13.917225        8.256829e-10      1.074893e-07      1.020543e-09   
    14.089032        7.876143e-10      5.728220e-08      9.895484e-10   
    14.247120        6.354960e-10      2.218252e-08      8.090551e-10   
    14.391062        4.530527e-10      5.654860e-09      5.832684e-10   
    14.520471        2.905163e-10      4.024550e-09      3.779199e-10   
    14.634998        1.678783e-10      1.150049e-08      2.207832e-10   
    14.734334        8.679395e-11      2.294725e-08      1.156600e-10   
    14.818211        3.963350e-11      3.480721e-08      5.380301e-11   
    14.886403        1.547856e-11      4.507984e-08      2.169440e-11   
    14.938727        4.817667e-12      5.297967e-08      7.230907e-12   
    14.975043        1.272977e-12      5.842329e-08      2.179024e-12   
    14.995261        7.138917e-13      6.147310e-08      1.195506e-12   