#        q              total               1              \delta U         \delta U^2    

     0.001185        1.538052e+04      1.539996e+04     -1.965090e+01      2.084701e-01   
     0.006239        7.745172e+03      7.764635e+03     -1.967134e+01      2.084612e-01   
     0.015318        5.034985e+03      5.054446e+03     -1.966856e+01      2.084188e-01   
     0.028399        3.585830e+03      3.605292e+03     -1.967013e+01      2.083089e-01   
     0.045447        2.673112e+03      2.692571e+03     -1.966755e+01      2.080817e-01   
     0.066417        2.125478e+03      2.144929e+03     -1.965822e+01      2.076952e-01   
     0.091251        1.657647e+03      1.677083e+03     -1.964295e+01      2.070705e-01   
     0.119882        1.412648e+03      1.432064e+03     -1.962194e+01      2.061573e-01   
     0.152235        1.192772e+03      1.212152e+03     -1.958454e+01      2.048778e-01   
     0.188220        9.966719e+02      1.015991e+03     -1.952232e+01      2.031963e-01   
     0.227742        8.230053e+02      8.422233e+02     -1.941910e+01      2.010865e-01   
     0.270694        7.190435e+02      7.381486e+02     -1.930365e+01      1.985671e-01   
     0.316959        6.240785e+02      6.430212e+02     -1.913842e+01      1.957186e-01   
     0.366414        5.377261e+02      5.564389e+02     -1.890544e+01      1.926808e-01   
     0.418925        4.976835e+02      5.162265e+02     -1.873268e+01      1.896912e-01   
     0.474351        4.235518e+02      4.417079e+02     -1.834321e+01      1.870768e-01   
     0.532541        3.571055e+02      3.747292e+02     -1.780890e+01      1.852733e-01   
     0.593339        3.266842e+02      3.439416e+02     -1.744220e+01      1.847987e-01   
     0.656582        2.710859e+02      2.875186e+02     -1.661896e+01      1.862592e-01   
     0.722098        2.458876e+02      2.617826e+02     -1.608534e+01      1.902950e-01   
     0.789711        2.002891e+02      2.150106e+02     -1.491904e+01      1.975404e-01   
     0.859239        1.798722e+02      1.938740e+02     -1.421039e+01      2.085990e-01   
     0.930495        1.433498e+02      1.558481e+02     -1.272226e+01      2.239626e-01   
     1.003286        1.123182e+02      1.231504e+02     -1.107615e+01      2.439159e-01   
     1.077416        8.630329e+01      9.537875e+01     -9.343978e+00      2.685154e-01   
     1.152685        6.481969e+01      7.213097e+01     -7.608889e+00      2.976145e-01   
     1.228890        3.999665e+01      4.486194e+01     -5.196026e+00      3.307317e-01   
     1.305826        1.833848e+01      2.058372e+01     -2.612306e+00      3.670688e-01   
     1.383286        3.441271e+00      3.518584e+00     -4.829210e-01      4.056083e-01   
     1.461060        4.452013e-01      0.000000e+00      0.000000e+00      4.452013e-01   
     1.538940        4.844994e-01      0.000000e+00      0.000000e+00      4.844994e-01   
     1.616714        5.221528e-01      0.000000e+00      0.000000e+00      5.221528e-01   
     1.694174        5.568845e-01      0.000000e+00      0.000000e+00      5.568845e-01   
     1.771110        5.875535e-01      0.000000e+00      0.000000e+00      5.875535e-01   
     1.847315        6.131956e-01      0.000000e+00      0.000000e+00      6.131956e-01   
     1.922584        6.330969e-01      0.000000e+00      0.000000e+00      6.330969e-01   
     1.996714        6.468838e-01      0.000000e+00      0.000000e+00      6.468838e-01   
     2.069505        6.544865e-01      0.000000e+00      0.000000e+00      6.544865e-01   
     2.140761        6.561214e-01      0.000000e+00      0.000000e+00      6.561214e-01   
     2.210289        6.522429e-01      0.000000e+00      0.000000e+00      6.522429e-01   
     2.277902        6.434907e-01      0.000000e+00      0.000000e+00      6.434907e-01   
     2.343418        6.306310e-01      0.000000e+00      0.000000e+00      6.306310e-01   
     2.406661        6.144481e-01      0.000000e+00      0.000000e+00      6.144481e-01   
     2.467459        5.958091e-01      0.000000e+00      0.000000e+00      5.958091e-01   
     2.525649        5.755539e-01      0.000000e+00      0.000000e+00      5.755539e-01   
     2.581075        5.544288e-01      0.000000e+00      0.000000e+00      5.544288e-01   
     2.633586        5.330816e-01      0.000000e+00      0.000000e+00      5.330816e-01   
     2.683041        5.120415e-01      0.000000e+00      0.000000e+00      5.120415e-01   
     2.729306        4.917570e-01      0.000000e+00      0.000000e+00      4.917570e-01   
     2.772258        4.725797e-01      0.000000e+00      0.000000e+00      4.725797e-01   
     2.811780        4.547614e-01      0.000000e+00      0.000000e+00      4.547614e-01   
     2.847765        4.384823e-01      0.000000e+00      0.000000e+00      4.384823e-01   
     2.880118        4.238657e-01      0.000000e+00      0.000000e+00      4.238657e-01   
     2.908749        4.109873e-01      0.000000e+00      0.000000e+00      4.109873e-01   
     2.933583        3.998850e-01      0.000000e+00      0.000000e+00      3.998850e-01   
     2.954553        3.905771e-01      0.000000e+00      0.000000e+00      3.905771e-01   
     2.971601        3.830606e-01      0.000000e+00      0.000000e+00      3.830606e-01   
     2.984682        3.773300e-01      0.000000e+00      0.000000e+00      3.773300e-01   
     2.993761        3.733727e-01      0.000000e+00      0.000000e+00      3.733727e-01   
     2.998815        3.711762e-01      0.000000e+00      0.000000e+00      3.711762e-01   
     3.004739        3.686085e-01      0.000000e+00      0.000000e+00      3.686085e-01   
     3.024957        3.599003e-01      0.000000e+00      0.000000e+00      3.599003e-01   
     3.061273        3.444946e-01      0.000000e+00      0.000000e+00      3.444946e-01   
     3.113597        3.229022e-01      0.000000e+00      0.000000e+00      3.229022e-01   
     3.181789        2.959775e-01      0.000000e+00      0.000000e+00      2.959775e-01   
     3.265666        2.649525e-01      0.000000e+00      0.000000e+00      2.649525e-01   
     3.365002        2.313553e-01      0.000000e+00      0.000000e+00      2.313553e-01   
     3.479529        1.968988e-01      0.000000e+00      0.000000e+00      1.968988e-01   
     3.608938        1.632608e-01      0.000000e+00      0.000000e+00      1.632608e-01   
     3.752880        1.318589e-01      0.000000e+00      0.000000e+00      1.318589e-01   
     3.910968        1.036998e-01      0.000000e+00      0.000000e+00      1.036998e-01   
     4.082775        7.934859e-02      0.000000e+00      0.000000e+00      7.934859e-02   
     4.267838        5.899476e-02      0.000000e+00      0.000000e+00      5.899476e-02   
     4.465657        4.254051e-02      0.000000e+00      0.000000e+00      4.254051e-02   
     4.675701        2.968367e-02      0.000000e+00      0.000000e+00      2.968367e-02   
     4.897402        1.998778e-02      0.000000e+00      0.000000e+00      1.998778e-02   
     5.130163        1.294467e-02      0.000000e+00      0.000000e+00      1.294467e-02   
     5.373356        8.028934e-03      0.000000e+00      0.000000e+00      8.028934e-03   
     5.626327        4.743454e-03      0.000000e+00      0.000000e+00      4.743454e-03   
     5.888392        2.649708e-03      0.000000e+00      0.000000e+00      2.649708e-03   
     6.158845        1.385119e-03      0.000000e+00      0.000000e+00      1.385119e-03   
     6.436958        6.675013e-04      0.000000e+00      0.000000e+00      6.675013e-04   
     6.721980        2.900899e-04      0.000000e+00      0.000000e+00      2.900899e-04   
     7.013143        1.103550e-04      0.000000e+00      0.000000e+00      1.103550e-04   
     7.309662        3.631707e-05      0.000000e+00      0.000000e+00      3.631707e-05   
     7.610739        1.285687e-05      0.000000e+00      0.000000e+00      1.285687e-05   
     7.915560        9.742187e-06      0.000000e+00      0.000000e+00      9.742187e-06   
     8.223305        1.223341e-05      0.000000e+00      0.000000e+00      1.223341e-05   
     8.533144        1.436733e-05      0.000000e+00      0.000000e+00      1.436733e-05   
     8.844241        1.458238e-05      0.000000e+00      0.000000e+00      1.458238e-05   
     9.155759        1.314823e-05      0.000000e+00      0.000000e+00      1.314823e-05   
     9.466856        1.083012e-05      0.000000e+00      0.000000e+00      1.083012e-05   
     9.776695        8.310928e-06      0.000000e+00      0.000000e+00      8.310928e-06   
    10.084440        6.022121e-06      0.000000e+00      0.000000e+00      6.022121e-06   
    10.389261        4.159248e-06      0.000000e+00      0.000000e+00      4.159248e-06   
    10.690338        2.756630e-06      0.000000e+00      0.000000e+00      2.756630e-06   
    10.986857        1.761892e-06      0.000000e+00      0.000000e+00      1.761892e-06   
    11.278020        1.089902e-06      0.000000e+00      0.000000e+00      1.089902e-06   
    11.563042        6.542174e-07      0.000000e+00      0.000000e+00      6.542174e-07   
    11.841155        3.817246e-07      0.000000e+00      0.000000e+00      3.817246e-07   
    12.111608        2.167433e-07      0.000000e+00      0.000000e+00      2.167433e-07   
    12.373673        1.198435e-07      0.000000e+00      0.000000e+00      1.198435e-07   
    12.626644        6.458448e-08      0.000000e+00      0.000000e+00      6.458448e-08   
    12.869837        3.400686e-08      0.000000e+00      0.000000e+00      3.400686e-08   
    13.102598        1.762501e-08      0.000000e+00      0.000000e+00      1.762501e-08   
    13.324299        9.170262e-09      0.000000e+00      0.000000e+00      9.170262e-09   
    13.534343        5.004567e-09      0.000000e+00      0.000000e+00      5.004567e-09   
    13.732162        3.078697e-09      0.000000e+00      0.000000e+00      3.078697e-09   
    13.917225        2.271881e-09      0.000000e+00      0.000000e+00      2.271881e-09   
    14.089032        1.991114e-09      0.000000e+00      0.000000e+00      1.991114e-09   
    14.247120        1.935709e-09      0.000000e+00      0.000000e+00      1.935709e-09   
    14.391062        1.962114e-09      0.000000e+00      0.000000e+00      1.962114e-09   
    14.520471        2.007246e-09      0.000000e+00      0.000000e+00      2.007246e-09   
    14.634998        2.047662e-09      0.000000e+00      0.000000e+00      2.047662e-09   
    14.734334        2.077883e-09      0.000000e+00      0.000000e+00      2.077883e-09   
    14.818211        2.098423e-09      0.000000e+00      0.000000e+00      2.098423e-09   
    14.886403        2.111032e-09      0.000000e+00      0.000000e+00      2.111032e-09   
    14.938727        2.117731e-09      0.000000e+00      0.000000e+00      2.117731e-09   
    14.975043        2.120893e-09      0.000000e+00      0.000000e+00      2.120893e-09   
    14.995261        2.123057e-09      0.000000e+00      0.000000e+00      2.123057e-09   