#        q              total               1              \delta U         \delta U^2    

     0.001185        1.535441e+04      1.539996e+04     -4.829824e+01      2.746501e+00   
     0.006239        7.719037e+03      7.764635e+03     -4.834418e+01      2.746458e+00   
     0.015318        5.008856e+03      5.054446e+03     -4.833602e+01      2.746239e+00   
     0.028399        3.559702e+03      3.605292e+03     -4.833575e+01      2.745632e+00   
     0.045447        2.646992e+03      2.692571e+03     -4.832354e+01      2.744268e+00   
     0.066417        2.099382e+03      2.144929e+03     -4.828860e+01      2.741836e+00   
     0.091251        1.631591e+03      1.677083e+03     -4.822945e+01      2.737816e+00   
     0.119882        1.386650e+03      1.432064e+03     -4.814581e+01      2.731774e+00   
     0.152235        1.166869e+03      1.212152e+03     -4.800686e+01      2.723314e+00   
     0.188220        9.709168e+02      1.015991e+03     -4.778653e+01      2.712222e+00   
     0.227742        7.974818e+02      8.422233e+02     -4.743994e+01      2.698446e+00   
     0.270694        6.937900e+02      7.381486e+02     -4.704091e+01      2.682302e+00   
     0.316959        5.991967e+02      6.430212e+02     -4.648905e+01      2.664615e+00   
     0.366414        5.133487e+02      5.564389e+02     -4.573700e+01      2.646794e+00   
     0.418925        4.737422e+02      5.162265e+02     -4.511512e+01      2.630775e+00   
     0.474351        4.004142e+02      4.417079e+02     -4.391289e+01      2.619180e+00   
     0.532541        3.350172e+02      3.747292e+02     -4.232682e+01      2.614892e+00   
     0.593339        3.054155e+02      3.439416e+02     -4.114724e+01      2.621145e+00   
     0.656582        2.513310e+02      2.875186e+02     -3.882842e+01      2.640883e+00   
     0.722098        2.272352e+02      2.617826e+02     -3.722383e+01      2.676440e+00   
     0.789711        1.836263e+02      2.150106e+02     -3.411265e+01      2.728392e+00   
     0.859239        1.645499e+02      1.938740e+02     -3.212088e+01      2.796840e+00   
     0.930495        1.303661e+02      1.558481e+02     -2.836109e+01      2.879008e+00   
     1.003286        1.017836e+02      1.231504e+02     -2.433622e+01      2.969405e+00   
     1.077416        7.821106e+01      9.537875e+01     -2.022789e+01      3.060195e+00   
     1.152685        5.904751e+01      7.213097e+01     -1.622730e+01      3.143841e+00   
     1.228890        3.716516e+01      4.486194e+01     -1.090707e+01      3.210288e+00   
     1.305826        1.843605e+01      2.058372e+01     -5.397329e+00      3.249659e+00   
     1.383286        5.790854e+00      3.518584e+00     -9.826522e-01      3.254923e+00   
     1.461060        3.222042e+00      0.000000e+00      0.000000e+00      3.222042e+00   
     1.538940        3.149050e+00      0.000000e+00      0.000000e+00      3.149050e+00   
     1.616714        3.037720e+00      0.000000e+00      0.000000e+00      3.037720e+00   
     1.694174        2.892501e+00      0.000000e+00      0.000000e+00      2.892501e+00   
     1.771110        2.719872e+00      0.000000e+00      0.000000e+00      2.719872e+00   
     1.847315        2.528087e+00      0.000000e+00      0.000000e+00      2.528087e+00   
     1.922584        2.326505e+00      0.000000e+00      0.000000e+00      2.326505e+00   
     1.996714        2.123509e+00      0.000000e+00      0.000000e+00      2.123509e+00   
     2.069505        1.925961e+00      0.000000e+00      0.000000e+00      1.925961e+00   
     2.140761        1.739147e+00      0.000000e+00      0.000000e+00      1.739147e+00   
     2.210289        1.566725e+00      0.000000e+00      0.000000e+00      1.566725e+00   
     2.277902        1.410780e+00      0.000000e+00      0.000000e+00      1.410780e+00   
     2.343418        1.272018e+00      0.000000e+00      0.000000e+00      1.272018e+00   
     2.406661        1.150271e+00      0.000000e+00      0.000000e+00      1.150271e+00   
     2.467459        1.044346e+00      0.000000e+00      0.000000e+00      1.044346e+00   
     2.525649        9.526927e-01      0.000000e+00      0.000000e+00      9.526927e-01   
     2.581075        8.736939e-01      0.000000e+00      0.000000e+00      8.736939e-01   
     2.633586        8.057575e-01      0.000000e+00      0.000000e+00      8.057575e-01   
     2.683041        7.474547e-01      0.000000e+00      0.000000e+00      7.474547e-01   
     2.729306        6.974387e-01      0.000000e+00      0.000000e+00      6.974387e-01   
     2.772258        6.545439e-01      0.000000e+00      0.000000e+00      6.545439e-01   
     2.811780        6.178268e-01      0.000000e+00      0.000000e+00      6.178268e-01   
     2.847765        5.865153e-01      0.000000e+00      0.000000e+00      5.865153e-01   
     2.880118        5.599353e-01      0.000000e+00      0.000000e+00      5.599353e-01   
     2.908749        5.375783e-01      0.000000e+00      0.000000e+00      5.375783e-01   
     2.933583        5.190102e-01      0.000000e+00      0.000000e+00      5.190102e-01   
     2.954553        5.038992e-01      0.000000e+00      0.000000e+00      5.038992e-01   
     2.971601        4.919758e-01      0.000000e+00      0.000000e+00      4.919758e-01   
     2.984682        4.830415e-01      0.000000e+00      0.000000e+00      4.830415e-01   
     2.993761        4.769482e-01      0.000000e+00      0.000000e+00      4.769482e-01   
     2.998815        4.735912e-01      0.000000e+00      0.000000e+00      4.735912e-01   
     3.004739        4.696899e-01      0.000000e+00      0.000000e+00      4.696899e-01   
     3.024957        4.566360e-01      0.000000e+00      0.000000e+00      4.566360e-01   
     3.061273        4.341616e-01      0.000000e+00      0.000000e+00      4.341616e-01   
     3.113597        4.038145e-01      0.000000e+00      0.000000e+00      4.038145e-01   
     3.181789        3.675123e-01      0.000000e+00      0.000000e+00      3.675123e-01   
     3.265666        3.273048e-01      0.000000e+00      0.000000e+00      3.273048e-01   
     3.365002        2.851653e-01      0.000000e+00      0.000000e+00      2.851653e-01   
     3.479529        2.428885e-01      0.000000e+00      0.000000e+00      2.428885e-01   
     3.608938        2.020420e-01      0.000000e+00      0.000000e+00      2.020420e-01   
     3.752880        1.639304e-01      0.000000e+00      0.000000e+00      1.639304e-01   
     3.910968        1.295490e-01      0.000000e+00      0.000000e+00      1.295490e-01   
     4.082775        9.955292e-02      0.000000e+00      0.000000e+00      9.955292e-02   
     4.267838        7.426015e-02      0.000000e+00      0.000000e+00      7.426015e-02   
     4.465657        5.366748e-02      0.000000e+00      0.000000e+00      5.366748e-02   
     4.675701        3.749629e-02      0.000000e+00      0.000000e+00      3.749629e-02   
     4.897402        2.526299e-02      0.000000e+00      0.000000e+00      2.526299e-02   
     5.130163        1.636233e-02      0.000000e+00      0.000000e+00      1.636233e-02   
     5.373356        1.014670e-02      0.000000e+00      0.000000e+00      1.014670e-02   
     5.626327        5.993020e-03      0.000000e+00      0.000000e+00      5.993020e-03   
     5.888392        3.347344e-03      0.000000e+00      0.000000e+00      3.347344e-03   
     6.158845        1.750336e-03      0.000000e+00      0.000000e+00      1.750336e-03   
     6.436958        8.444103e-04      0.000000e+00      0.000000e+00      8.444103e-04   
     6.721980        3.678563e-04      0.000000e+00      0.000000e+00      3.678563e-04   
     7.013143        1.405785e-04      0.000000e+00      0.000000e+00      1.405785e-04   
     7.309662        4.656839e-05      0.000000e+00      0.000000e+00      4.656839e-05   
     7.610739        1.641131e-05      0.000000e+00      0.000000e+00      1.641131e-05   
     7.915560        1.206219e-05      0.000000e+00      0.000000e+00      1.206219e-05   
     8.223305        1.495853e-05      0.000000e+00      0.000000e+00      1.495853e-05   
     8.533144        1.755836e-05      0.000000e+00      0.000000e+00      1.755836e-05   
     8.844241        1.784692e-05      0.000000e+00      0.000000e+00      1.784692e-05   
     9.155759        1.611621e-05      0.000000e+00      0.000000e+00      1.611621e-05   
     9.466856        1.329292e-05      0.000000e+00      0.000000e+00      1.329292e-05   
     9.776695        1.021344e-05      0.000000e+00      0.000000e+00      1.021344e-05   
    10.084440        7.409318e-06      0.000000e+00      0.000000e+00      7.409318e-06   
    10.389261        5.123225e-06      0.000000e+00      0.000000e+00      5.123225e-06   
    10.690338        3.399539e-06      0.000000e+00      0.000000e+00      3.399539e-06   
    10.986857        2.175528e-06      0.000000e+00      0.000000e+00      2.175528e-06   
    11.278020        1.347619e-06      0.000000e+00      0.000000e+00      1.347619e-06   
    11.563042        8.101594e-07      0.000000e+00      0.000000e+00      8.101594e-07   
    11.841155        4.735616e-07      0.000000e+00      0.000000e+00      4.735616e-07   
    12.111608        2.694716e-07      0.000000e+00      0.000000e+00      2.694716e-07   
    12.373673        1.494082e-07      0.000000e+00      0.000000e+00      1.494082e-07   
    12.626644        8.081330e-08      0.000000e+00      0.000000e+00      8.081330e-08   
    12.869837        4.277301e-08      0.000000e+00      0.000000e+00      4.277301e-08   
    13.102598        2.233753e-08      0.000000e+00      0.000000e+00      2.233753e-08   
    13.324299        1.175258e-08      0.000000e+00      0.000000e+00      1.175258e-08   
    13.534343        6.510330e-09      0.000000e+00      0.000000e+00      6.510330e-09   
    13.732162        4.066675e-09      0.000000e+00      0.000000e+00      4.066675e-09   
    13.917225        3.027057e-09      0.000000e+00      0.000000e+00      3.027057e-09   
    14.089032        2.651616e-09      0.000000e+00      0.000000e+00      2.651616e-09   
    14.247120        2.563938e-09      0.000000e+00      0.000000e+00      2.563938e-09   
    14.391062        2.583483e-09      0.000000e+00      0.000000e+00      2.583483e-09   
    14.520471        2.630273e-09      0.000000e+00      0.000000e+00      2.630273e-09   
    14.634998        2.674051e-09      0.000000e+00      0.000000e+00      2.674051e-09   
    14.734334        2.707201e-09      0.000000e+00      0.000000e+00      2.707201e-09   
    14.818211        2.729705e-09      0.000000e+00      0.000000e+00      2.729705e-09   
    14.886403        2.743284e-09      0.000000e+00      0.000000e+00      2.743284e-09   
    14.938727        2.750222e-09      0.000000e+00      0.000000e+00      2.750222e-09   
    14.975043        2.753333e-09      0.000000e+00      0.000000e+00      2.753333e-09   
    14.995261        2.755641e-09      0.000000e+00      0.000000e+00      2.755641e-09   