#        q              total               1              \delta U         \delta U^2    

     0.001185        1.904875e+04      1.904976e+04     -1.010938e+00      6.649929e-04   
     0.006239        1.069935e+04      1.070037e+04     -1.011409e+00      6.122522e-04   
     0.015318        7.295527e+03      7.296537e+03     -1.011251e+00      5.050755e-04   
     0.028399        5.611131e+03      5.612141e+03     -1.010871e+00      3.306759e-04   
     0.045447        4.533966e+03      4.534977e+03     -1.011090e+00      3.141384e-04   
     0.066417        3.749448e+03      3.750458e+03     -1.010407e+00      2.972096e-04   
     0.091251        3.191351e+03      3.192361e+03     -1.009724e+00      2.739655e-04   
     0.119882        2.811219e+03      2.812228e+03     -1.009054e+00      2.539560e-04   
     0.152235        2.462529e+03      2.463536e+03     -1.007228e+00      2.289180e-04   
     0.188220        2.143924e+03      2.144929e+03     -1.004459e+00      2.055492e-04   
     0.227742        1.947565e+03      1.948567e+03     -1.001729e+00      1.844778e-04   
     0.270694        1.763572e+03      1.764570e+03     -9.976493e-01      1.648675e-04   
     0.316959        1.591545e+03      1.592536e+03     -9.914543e-01      1.507437e-04   
     0.366414        1.431081e+03      1.432064e+03     -9.828827e-01      1.369800e-04   
     0.418925        1.355060e+03      1.356037e+03     -9.770476e-01      1.279835e-04   
     0.474351        1.211189e+03      1.212152e+03     -9.627481e-01      1.193968e-04   
     0.532541        1.143240e+03      1.144193e+03     -9.530623e-01      1.143726e-04   
     0.593339        1.015061e+03      1.015991e+03     -9.297691e-01      1.099214e-04   
     0.656582        8.968426e+02      8.977415e+02     -8.989877e-01      1.080897e-04   
     0.722098        8.413437e+02      8.422233e+02     -8.797141e-01      1.072730e-04   
     0.789711        7.373129e+02      7.381486e+02     -8.358088e-01      1.087683e-04   
     0.859239        6.886821e+02      6.894916e+02     -8.096622e-01      1.119336e-04   
     0.930495        5.979346e+02      5.986870e+02     -7.525892e-01      1.176879e-04   
     1.003286        5.155385e+02      5.162265e+02     -6.881610e-01      1.257715e-04   
     1.077416        4.067184e+02      4.073012e+02     -5.829740e-01      1.369526e-04   
     1.152685        3.144146e+02      3.148881e+02     -4.737016e-01      1.513228e-04   
     1.228890        1.935694e+02      1.938740e+02     -3.047518e-01      1.693939e-04   
     1.305826        2.055045e+01      2.058372e+01     -3.345819e-02      1.913355e-04   
     1.383286        2.174059e-04      0.000000e+00      0.000000e+00      2.174059e-04   
     1.461060        2.477709e-04      0.000000e+00      0.000000e+00      2.477709e-04   
     1.538940        2.825972e-04      0.000000e+00      0.000000e+00      2.825972e-04   
     1.616714        3.220283e-04      0.000000e+00      0.000000e+00      3.220283e-04   
     1.694174        3.661769e-04      0.000000e+00      0.000000e+00      3.661769e-04   
     1.771110        4.150958e-04      0.000000e+00      0.000000e+00      4.150958e-04   
     1.847315        4.687573e-04      0.000000e+00      0.000000e+00      4.687573e-04   
     1.922584        5.270490e-04      0.000000e+00      0.000000e+00      5.270490e-04   
     1.996714        5.897611e-04      0.000000e+00      0.000000e+00      5.897611e-04   
     2.069505        6.566035e-04      0.000000e+00      0.000000e+00      6.566035e-04   
     2.140761        7.272089e-04      0.000000e+00      0.000000e+00      7.272089e-04   
     2.210289        8.011738e-04      0.000000e+00      0.000000e+00      8.011738e-04   
     2.277902        8.779128e-04      0.000000e+00      0.000000e+00      8.779128e-04   
     2.343418        9.569086e-04      0.000000e+00      0.000000e+00      9.569086e-04   
     2.406661        1.037510e-03      0.000000e+00      0.000000e+00      1.037510e-03   
     2.467459        1.119154e-03      0.000000e+00      0.000000e+00      1.119154e-03   
     2.525649        1.201058e-03      0.000000e+00      0.000000e+00      1.201058e-03   
     2.581075        1.282531e-03      0.000000e+00      0.000000e+00      1.282531e-03   
     2.633586        1.362844e-03      0.000000e+00      0.000000e+00      1.362844e-03   
     2.683041        1.441121e-03      0.000000e+00      0.000000e+00      1.441121e-03   
     2.729306        1.516594e-03      0.000000e+00      0.000000e+00      1.516594e-03   
     2.772258        1.588374e-03      0.000000e+00      0.000000e+00      1.588374e-03   
     2.811780        1.655889e-03      0.000000e+00      0.000000e+00      1.655889e-03   
     2.847765        1.718533e-03      0.000000e+00      0.000000e+00      1.718533e-03   
     2.880118        1.775892e-03      0.000000e+00      0.000000e+00      1.775892e-03   
     2.908749        1.827573e-03      0.000000e+00      0.000000e+00      1.827573e-03   
     2.933583        1.873198e-03      0.000000e+00      0.000000e+00      1.873198e-03   
     2.954553        1.912385e-03      0.000000e+00      0.000000e+00      1.912385e-03   
     2.971601        1.944736e-03      0.000000e+00      0.000000e+00      1.944736e-03   
     2.984682        1.969883e-03      0.000000e+00      0.000000e+00      1.969883e-03   
     2.993761        1.987495e-03      0.000000e+00      0.000000e+00      1.987495e-03   
     2.998815        1.997339e-03      0.000000e+00      0.000000e+00      1.997339e-03   
     3.004739        2.008852e-03      0.000000e+00      0.000000e+00      2.008852e-03   
     3.024957        2.047934e-03      0.000000e+00      0.000000e+00      2.047934e-03   
     3.061273        2.117888e-03      0.000000e+00      0.000000e+00      2.117888e-03   
     3.113597        2.218898e-03      0.000000e+00      0.000000e+00      2.218898e-03   
     3.181789        2.352270e-03      0.000000e+00      0.000000e+00      2.352270e-03   
     3.265666        2.521512e-03      0.000000e+00      0.000000e+00      2.521512e-03   
     3.365002        2.724326e-03      0.000000e+00      0.000000e+00      2.724326e-03   
     3.479529        2.955322e-03      0.000000e+00      0.000000e+00      2.955322e-03   
     3.608938        3.211008e-03      0.000000e+00      0.000000e+00      3.211008e-03   
     3.752880        3.483002e-03      0.000000e+00      0.000000e+00      3.483002e-03   
     3.910968        3.758085e-03      0.000000e+00      0.000000e+00      3.758085e-03   
     4.082775        4.020082e-03      0.000000e+00      0.000000e+00      4.020082e-03   
     4.267838        4.249763e-03      0.000000e+00      0.000000e+00      4.249763e-03   
     4.465657        4.425894e-03      0.000000e+00      0.000000e+00      4.425894e-03   
     4.675701        4.527263e-03      0.000000e+00      0.000000e+00      4.527263e-03   
     4.897402        4.535211e-03      0.000000e+00      0.000000e+00      4.535211e-03   
     5.130163        4.436914e-03      0.000000e+00      0.000000e+00      4.436914e-03   
     5.373356        4.228111e-03      0.000000e+00      0.000000e+00      4.228111e-03   
     5.626327        3.915104e-03      0.000000e+00      0.000000e+00      3.915104e-03   
     5.888392        3.514988e-03      0.000000e+00      0.000000e+00      3.514988e-03   
     6.158845        3.053997e-03      0.000000e+00      0.000000e+00      3.053997e-03   
     6.436958        2.563964e-03      0.000000e+00      0.000000e+00      2.563964e-03   
     6.721980        2.077670e-03      0.000000e+00      0.000000e+00      2.077670e-03   
     7.013143        1.624110e-03      0.000000e+00      0.000000e+00      1.624110e-03   
     7.309662        1.224790e-03      0.000000e+00      0.000000e+00      1.224790e-03   
     7.610739        8.918502e-04      0.000000e+00      0.000000e+00      8.918502e-04   
     7.915560        6.282101e-04      0.000000e+00      0.000000e+00      6.282101e-04   
     8.223305        4.293424e-04      0.000000e+00      0.000000e+00      4.293424e-04   
     8.533144        2.859544e-04      0.000000e+00      0.000000e+00      2.859544e-04   
     8.844241        1.867150e-04      0.000000e+00      0.000000e+00      1.867150e-04   
     9.155759        1.204342e-04      0.000000e+00      0.000000e+00      1.204342e-04   
     9.466856        7.742670e-05      0.000000e+00      0.000000e+00      7.742670e-05   
     9.776695        5.008996e-05      0.000000e+00      0.000000e+00      5.008996e-05   
    10.084440        3.290058e-05      0.000000e+00      0.000000e+00      3.290058e-05   
    10.389261        2.209077e-05      0.000000e+00      0.000000e+00      2.209077e-05   
    10.690338        1.521801e-05      0.000000e+00      0.000000e+00      1.521801e-05   
    10.986857        1.075934e-05      0.000000e+00      0.000000e+00      1.075934e-05   
    11.278020        7.789761e-06      0.000000e+00      0.000000e+00      7.789761e-06   
    11.563042        5.755121e-06      0.000000e+00      0.000000e+00      5.755121e-06   
    11.841155        4.323321e-06      0.000000e+00      0.000000e+00      4.323321e-06   
    12.111608        3.292403e-06      0.000000e+00      0.000000e+00      3.292403e-06   
    12.373673        2.536514e-06      0.000000e+00      0.000000e+00      2.536514e-06   
    12.626644        1.974595e-06      0.000000e+00      0.000000e+00      1.974595e-06   
    12.869837        1.552554e-06      0.000000e+00      0.000000e+00      1.552554e-06   
    13.102598        1.233109e-06      0.000000e+00      0.000000e+00      1.233109e-06   
    13.324299        9.898073e-07      0.000000e+00      0.000000e+00      9.898073e-07   
    13.534343        8.035567e-07      0.000000e+00      0.000000e+00      8.035567e-07   
    13.732162        6.603180e-07      0.000000e+00      0.000000e+00      6.603180e-07   
    13.917225        5.496953e-07      0.000000e+00      0.000000e+00      5.496953e-07   
    14.089032        4.640070e-07      0.000000e+00      0.000000e+00      4.640070e-07   
    14.247120        3.976483e-07      0.000000e+00      0.000000e+00      3.976483e-07   
    14.391062        3.465498e-07      0.000000e+00      0.000000e+00      3.465498e-07   
    14.520471        3.075188e-07      0.000000e+00      0.000000e+00      3.075188e-07   
    14.634998        2.781786e-07      0.000000e+00      0.000000e+00      2.781786e-07   
    14.734334        2.567003e-07      0.000000e+00      0.000000e+00      2.567003e-07   
    14.818211        2.412449e-07      0.000000e+00      0.000000e+00      2.412449e-07   
    14.886403        2.301926e-07      0.000000e+00      0.000000e+00      2.301926e-07   
    14.938727        2.224234e-07      0.000000e+00      0.000000e+00      2.224234e-07   
    14.975043        2.174004e-07      0.000000e+00      0.000000e+00      2.174004e-07   
    14.995261        2.150782e-07      0.000000e+00      0.000000e+00      2.150782e-07   