#        q              total               1              \delta U         \delta U^2    

     0.001185        1.901179e+04      1.904976e+04     -3.808731e+01      1.161746e-01   
     0.006239        1.066237e+04      1.070037e+04     -3.810953e+01      1.161683e-01   
     0.015318        7.258548e+03      7.296537e+03     -3.810523e+01      1.161441e-01   
     0.028399        5.574167e+03      5.612141e+03     -3.809044e+01      1.160848e-01   
     0.045447        4.496992e+03      4.534977e+03     -3.810080e+01      1.159778e-01   
     0.066417        3.712501e+03      3.750458e+03     -3.807296e+01      1.157985e-01   
     0.091251        3.154430e+03      3.192361e+03     -3.804646e+01      1.155075e-01   
     0.119882        2.774321e+03      2.812228e+03     -3.802252e+01      1.150859e-01   
     0.152235        2.425700e+03      2.463536e+03     -3.795087e+01      1.144886e-01   
     0.188220        2.107199e+03      2.144929e+03     -3.784299e+01      1.136927e-01   
     0.227742        1.910940e+03      1.948567e+03     -3.773936e+01      1.126747e-01   
     0.270694        1.727097e+03      1.764570e+03     -3.758433e+01      1.114166e-01   
     0.316959        1.555299e+03      1.592536e+03     -3.734715e+01      1.099266e-01   
     0.366414        1.395151e+03      1.432064e+03     -3.702082e+01      1.082154e-01   
     0.418925        1.319337e+03      1.356037e+03     -3.680607e+01      1.063361e-01   
     0.474351        1.175991e+03      1.212152e+03     -3.626512e+01      1.043598e-01   
     0.532541        1.108387e+03      1.144193e+03     -3.590860e+01      1.024104e-01   
     0.593339        9.810614e+02      1.015991e+03     -3.503032e+01      1.006373e-01   
     0.656582        8.639687e+02      8.977415e+02     -3.387204e+01      9.924297e-02   
     0.722098        8.091588e+02      8.422233e+02     -3.316300e+01      9.846285e-02   
     0.789711        7.067304e+02      7.381486e+02     -3.151683e+01      9.858025e-02   
     0.859239        6.590354e+02      6.894916e+02     -3.055615e+01      9.989807e-02   
     0.930495        5.703700e+02      5.986870e+02     -2.841975e+01      1.027562e-01   
     1.003286        4.903261e+02      5.162265e+02     -2.600787e+01      1.074732e-01   
     1.077416        3.853700e+02      4.073012e+02     -2.204560e+01      1.143862e-01   
     1.152685        2.970858e+02      3.148881e+02     -1.792614e+01      1.238070e-01   
     1.228890        1.824820e+02      1.938740e+02     -1.152795e+01      1.359924e-01   
     1.305826        1.947377e+01      2.058372e+01     -1.261082e+00      1.511386e-01   
     1.383286        1.693611e-01      0.000000e+00      0.000000e+00      1.693611e-01   
     1.461060        1.907059e-01      0.000000e+00      0.000000e+00      1.907059e-01   
     1.538940        2.150987e-01      0.000000e+00      0.000000e+00      2.150987e-01   
     1.616714        2.423659e-01      0.000000e+00      0.000000e+00      2.423659e-01   
     1.694174        2.722359e-01      0.000000e+00      0.000000e+00      2.722359e-01   
     1.771110        3.043364e-01      0.000000e+00      0.000000e+00      3.043364e-01   
     1.847315        3.382100e-01      0.000000e+00      0.000000e+00      3.382100e-01   
     1.922584        3.733221e-01      0.000000e+00      0.000000e+00      3.733221e-01   
     1.996714        4.090584e-01      0.000000e+00      0.000000e+00      4.090584e-01   
     2.069505        4.447927e-01      0.000000e+00      0.000000e+00      4.447927e-01   
     2.140761        4.798966e-01      0.000000e+00      0.000000e+00      4.798966e-01   
     2.210289        5.137854e-01      0.000000e+00      0.000000e+00      5.137854e-01   
     2.277902        5.459138e-01      0.000000e+00      0.000000e+00      5.459138e-01   
     2.343418        5.758446e-01      0.000000e+00      0.000000e+00      5.758446e-01   
     2.406661        6.032032e-01      0.000000e+00      0.000000e+00      6.032032e-01   
     2.467459        6.277529e-01      0.000000e+00      0.000000e+00      6.277529e-01   
     2.525649        6.493345e-01      0.000000e+00      0.000000e+00      6.493345e-01   
     2.581075        6.679210e-01      0.000000e+00      0.000000e+00      6.679210e-01   
     2.633586        6.835852e-01      0.000000e+00      0.000000e+00      6.835852e-01   
     2.683041        6.964449e-01      0.000000e+00      0.000000e+00      6.964449e-01   
     2.729306        7.066995e-01      0.000000e+00      0.000000e+00      7.066995e-01   
     2.772258        7.146172e-01      0.000000e+00      0.000000e+00      7.146172e-01   
     2.811780        7.204930e-01      0.000000e+00      0.000000e+00      7.204930e-01   
     2.847765        7.246265e-01      0.000000e+00      0.000000e+00      7.246265e-01   
     2.880118        7.273645e-01      0.000000e+00      0.000000e+00      7.273645e-01   
     2.908749        7.290135e-01      0.000000e+00      0.000000e+00      7.290135e-01   
     2.933583        7.298694e-01      0.000000e+00      0.000000e+00      7.298694e-01   
     2.954553        7.301790e-01      0.000000e+00      0.000000e+00      7.301790e-01   
     2.971601        7.301637e-01      0.000000e+00      0.000000e+00      7.301637e-01   
     2.984682        7.299958e-01      0.000000e+00      0.000000e+00      7.299958e-01   
     2.993761        7.297936e-01      0.000000e+00      0.000000e+00      7.297936e-01   
     2.998815        7.296514e-01      0.000000e+00      0.000000e+00      7.296514e-01   
     3.004739        7.294497e-01      0.000000e+00      0.000000e+00      7.294497e-01   
     3.024957        7.284806e-01      0.000000e+00      0.000000e+00      7.284806e-01   
     3.061273        7.257026e-01      0.000000e+00      0.000000e+00      7.257026e-01   
     3.113597        7.195508e-01      0.000000e+00      0.000000e+00      7.195508e-01   
     3.181789        7.080489e-01      0.000000e+00      0.000000e+00      7.080489e-01   
     3.265666        6.891314e-01      0.000000e+00      0.000000e+00      6.891314e-01   
     3.365002        6.601833e-01      0.000000e+00      0.000000e+00      6.601833e-01   
     3.479529        6.191855e-01      0.000000e+00      0.000000e+00      6.191855e-01   
     3.608938        5.657114e-01      0.000000e+00      0.000000e+00      5.657114e-01   
     3.752880        5.008256e-01      0.000000e+00      0.000000e+00      5.008256e-01   
     3.910968        4.274565e-01      0.000000e+00      0.000000e+00      4.274565e-01   
     4.082775        3.502820e-01      0.000000e+00      0.000000e+00      3.502820e-01   
     4.267838        2.747534e-01      0.000000e+00      0.000000e+00      2.747534e-01   
     4.465657        2.059311e-01      0.000000e+00      0.000000e+00      2.059311e-01   
     4.675701        1.474097e-01      0.000000e+00      0.000000e+00      1.474097e-01   
     4.897402        1.007989e-01      0.000000e+00      0.000000e+00      1.007989e-01   
     5.130163        6.584818e-02      0.000000e+00      0.000000e+00      6.584818e-02   
     5.373356        4.106198e-02      0.000000e+00      0.000000e+00      4.106198e-02   
     5.626327        2.437870e-02      0.000000e+00      0.000000e+00      2.437870e-02   
     5.888392        1.371206e-02      0.000000e+00      0.000000e+00      1.371206e-02   
     6.158845        7.246822e-03      0.000000e+00      0.000000e+00      7.246822e-03   
     6.436958        3.554045e-03      0.000000e+00      0.000000e+00      3.554045e-03   
     6.721980        1.587023e-03      0.000000e+00      0.000000e+00      1.587023e-03   
     7.013143        6.281654e-04      0.000000e+00      0.000000e+00      6.281654e-04   
     7.309662        2.151284e-04      0.000000e+00      0.000000e+00      2.151284e-04   
     7.610739        7.034028e-05      0.000000e+00      0.000000e+00      7.034028e-05   
     7.915560        3.961282e-05      0.000000e+00      0.000000e+00      3.961282e-05   
     8.223305        4.568776e-05      0.000000e+00      0.000000e+00      4.568776e-05   
     8.533144        5.545364e-05      0.000000e+00      0.000000e+00      5.545364e-05   
     8.844241        5.849265e-05      0.000000e+00      0.000000e+00      5.849265e-05   
     9.155759        5.436627e-05      0.000000e+00      0.000000e+00      5.436627e-05   
     9.466856        4.585285e-05      0.000000e+00      0.000000e+00      4.585285e-05   
     9.776695        3.586725e-05      0.000000e+00      0.000000e+00      3.586725e-05   
    10.084440        2.641504e-05      0.000000e+00      0.000000e+00      2.641504e-05   
    10.389261        1.850873e-05      0.000000e+00      0.000000e+00      1.850873e-05   
    10.690338        1.243182e-05      0.000000e+00      0.000000e+00      1.243182e-05   
    10.986857        8.048568e-06      0.000000e+00      0.000000e+00      8.048568e-06   
    11.278020        5.043168e-06      0.000000e+00      0.000000e+00      5.043168e-06   
    11.563042        3.067586e-06      0.000000e+00      0.000000e+00      3.067586e-06   
    11.841155        1.815384e-06      0.000000e+00      0.000000e+00      1.815384e-06   
    12.111608        1.046883e-06      0.000000e+00      0.000000e+00      1.046883e-06   
    12.373673        5.889906e-07      0.000000e+00      0.000000e+00      5.889906e-07   
    12.626644        3.237291e-07      0.000000e+00      0.000000e+00      3.237291e-07   
    12.869837        1.742645e-07      0.000000e+00      0.000000e+00      1.742645e-07   
    13.102598        9.245653e-08      0.000000e+00      0.000000e+00      9.245653e-08   
    13.324299        4.906299e-08      0.000000e+00      0.000000e+00      4.906299e-08   
    13.534343        2.689850e-08      0.000000e+00      0.000000e+00      2.689850e-08   
    13.732162        1.610153e-08      0.000000e+00      0.000000e+00      1.610153e-08   
    13.917225        1.118091e-08      0.000000e+00      0.000000e+00      1.118091e-08   
    14.089032        9.164057e-09      0.000000e+00      0.000000e+00      9.164057e-09   
    14.247120        8.493002e-09      0.000000e+00      0.000000e+00      8.493002e-09   
    14.391062        8.388693e-09      0.000000e+00      0.000000e+00      8.388693e-09   
    14.520471        8.484360e-09      0.000000e+00      0.000000e+00      8.484360e-09   
    14.634998        8.623459e-09      0.000000e+00      0.000000e+00      8.623459e-09   
    14.734334        8.748219e-09      0.000000e+00      0.000000e+00      8.748219e-09   
    14.818211        8.842820e-09      0.000000e+00      0.000000e+00      8.842820e-09   
    14.886403        8.906922e-09      0.000000e+00      0.000000e+00      8.906922e-09   
    14.938727        8.946625e-09      0.000000e+00      0.000000e+00      8.946625e-09   
    14.975043        8.972634e-09      0.000000e+00      0.000000e+00      8.972634e-09   
    14.995261        8.986891e-09      0.000000e+00      0.000000e+00      8.986891e-09   