#        q              total               1              \delta U         \delta U^2    

     0.001185        9.288130e+03      9.288156e+03     -2.598237e-02      3.407880e-05   
     0.006239        4.534951e+03      4.534977e+03     -2.599424e-02      3.343231e-05   
     0.015318        2.812202e+03      2.812228e+03     -2.599014e-02      3.164932e-05   
     0.028399        2.045151e+03      2.045177e+03     -2.599342e-02      2.873925e-05   
     0.045447        1.510854e+03      1.510880e+03     -2.598284e-02      2.592504e-05   
     0.066417        1.144167e+03      1.144193e+03     -2.597039e-02      2.313082e-05   
     0.091251        8.977156e+02      8.977415e+02     -2.594179e-02      1.972076e-05   
     0.119882        7.381227e+02      7.381486e+02     -2.589915e-02      1.684615e-05   
     0.152235        5.986612e+02      5.986870e+02     -2.582304e-02      1.361604e-05   
     0.188220        5.162008e+02      5.162265e+02     -2.574008e-02      1.088706e-05   
     0.227742        4.072757e+02      4.073012e+02     -2.552497e-02      8.536765e-06   
     0.270694        3.439163e+02      3.439416e+02     -2.529240e-02      6.574412e-06   
     0.316959        3.148630e+02      3.148881e+02     -2.513717e-02      5.183508e-06   
     0.366414        2.617579e+02      2.617826e+02     -2.471395e-02      3.953358e-06   
     0.418925        2.149865e+02      2.150106e+02     -2.409413e-02      3.154201e-06   
     0.474351        1.938503e+02      1.938740e+02     -2.369126e-02      2.434495e-06   
     0.532541        1.558255e+02      1.558481e+02     -2.264104e-02      1.979729e-06   
     0.593339        1.388364e+02      1.388584e+02     -2.198055e-02      1.577879e-06   
     0.656582        1.086536e+02      1.086740e+02     -2.034027e-02      1.321766e-06   
     0.722098        9.535939e+01      9.537875e+01     -1.936163e-02      1.112520e-06   
     0.789711        7.211388e+01      7.213097e+01     -1.708744e-02      9.956901e-07   
     0.859239        6.206205e+01      6.207787e+01     -1.581915e-02      9.274880e-07   
     0.930495        4.484886e+01      4.486194e+01     -1.308697e-02      9.279676e-07   
     1.003286        3.115435e+01      3.116460e+01     -1.025441e-02      9.779142e-07   
     1.077416        2.057619e+01      2.058372e+01     -7.522401e-03      1.086232e-06   
     1.152685        1.271209e+01      1.271717e+01     -5.082400e-03      1.246026e-06   
     1.228890        5.124804e+00      5.127079e+00     -2.276745e-03      1.459700e-06   
     1.305826        2.512189e-02      2.513274e-02     -1.258026e-05      1.726395e-06   
     1.383286        2.048092e-06      0.000000e+00      0.000000e+00      2.048092e-06   
     1.461060        2.427523e-06      0.000000e+00      0.000000e+00      2.427523e-06   
     1.538940        2.868142e-06      0.000000e+00      0.000000e+00      2.868142e-06   
     1.616714        3.373530e-06      0.000000e+00      0.000000e+00      3.373530e-06   
     1.694174        3.946660e-06      0.000000e+00      0.000000e+00      3.946660e-06   
     1.771110        4.589437e-06      0.000000e+00      0.000000e+00      4.589437e-06   
     1.847315        5.302842e-06      0.000000e+00      0.000000e+00      5.302842e-06   
     1.922584        6.086366e-06      0.000000e+00      0.000000e+00      6.086366e-06   
     1.996714        6.937264e-06      0.000000e+00      0.000000e+00      6.937264e-06   
     2.069505        7.851594e-06      0.000000e+00      0.000000e+00      7.851594e-06   
     2.140761        8.824372e-06      0.000000e+00      0.000000e+00      8.824372e-06   
     2.210289        9.849420e-06      0.000000e+00      0.000000e+00      9.849420e-06   
     2.277902        1.091949e-05      0.000000e+00      0.000000e+00      1.091949e-05   
     2.343418        1.202629e-05      0.000000e+00      0.000000e+00      1.202629e-05   
     2.406661        1.316114e-05      0.000000e+00      0.000000e+00      1.316114e-05   
     2.467459        1.431501e-05      0.000000e+00      0.000000e+00      1.431501e-05   
     2.525649        1.547779e-05      0.000000e+00      0.000000e+00      1.547779e-05   
     2.581075        1.663953e-05      0.000000e+00      0.000000e+00      1.663953e-05   
     2.633586        1.779000e-05      0.000000e+00      0.000000e+00      1.779000e-05   
     2.683041        1.891834e-05      0.000000e+00      0.000000e+00      1.891834e-05   
     2.729306        2.001244e-05      0.000000e+00      0.000000e+00      2.001244e-05   
     2.772258        2.106053e-05      0.000000e+00      0.000000e+00      2.106053e-05   
     2.811780        2.205018e-05      0.000000e+00      0.000000e+00      2.205018e-05   
     2.847765        2.297163e-05      0.000000e+00      0.000000e+00      2.297163e-05   
     2.880118        2.381647e-05      0.000000e+00      0.000000e+00      2.381647e-05   
     2.908749        2.457831e-05      0.000000e+00      0.000000e+00      2.457831e-05   
     2.933583        2.525193e-05      0.000000e+00      0.000000e+00      2.525193e-05   
     2.954553        2.583230e-05      0.000000e+00      0.000000e+00      2.583230e-05   
     2.971601        2.631396e-05      0.000000e+00      0.000000e+00      2.631396e-05   
     2.984682        2.669066e-05      0.000000e+00      0.000000e+00      2.669066e-05   
     2.993761        2.695610e-05      0.000000e+00      0.000000e+00      2.695610e-05   
     2.998815        2.710509e-05      0.000000e+00      0.000000e+00      2.710509e-05   
     3.004739        2.727927e-05      0.000000e+00      0.000000e+00      2.727927e-05   
     3.024957        2.786927e-05      0.000000e+00      0.000000e+00      2.786927e-05   
     3.061273        2.892465e-05      0.000000e+00      0.000000e+00      2.892465e-05   
     3.113597        3.045489e-05      0.000000e+00      0.000000e+00      3.045489e-05   
     3.181789        3.249647e-05      0.000000e+00      0.000000e+00      3.249647e-05   
     3.265666        3.510803e-05      0.000000e+00      0.000000e+00      3.510803e-05   
     3.365002        3.824250e-05      0.000000e+00      0.000000e+00      3.824250e-05   
     3.479529        4.185831e-05      0.000000e+00      0.000000e+00      4.185831e-05   
     3.608938        4.590576e-05      0.000000e+00      0.000000e+00      4.590576e-05   
     3.752880        5.026356e-05      0.000000e+00      0.000000e+00      5.026356e-05   
     3.910968        5.475205e-05      0.000000e+00      0.000000e+00      5.475205e-05   
     4.082775        5.914553e-05      0.000000e+00      0.000000e+00      5.914553e-05   
     4.267838        6.316682e-05      0.000000e+00      0.000000e+00      6.316682e-05   
     4.465657        6.650273e-05      0.000000e+00      0.000000e+00      6.650273e-05   
     4.675701        6.882867e-05      0.000000e+00      0.000000e+00      6.882867e-05   
     4.897402        6.984641e-05      0.000000e+00      0.000000e+00      6.984641e-05   
     5.130163        6.932761e-05      0.000000e+00      0.000000e+00      6.932761e-05   
     5.373356        6.715612e-05      0.000000e+00      0.000000e+00      6.715612e-05   
     5.626327        6.335890e-05      0.000000e+00      0.000000e+00      6.335890e-05   
     5.888392        5.811782e-05      0.000000e+00      0.000000e+00      5.811782e-05   
     6.158845        5.175569e-05      0.000000e+00      0.000000e+00      5.175569e-05   
     6.436958        4.469684e-05      0.000000e+00      0.000000e+00      4.469684e-05   
     6.721980        3.740879e-05      0.000000e+00      0.000000e+00      3.740879e-05   
     7.013143        3.033771e-05      0.000000e+00      0.000000e+00      3.033771e-05   
     7.309662        2.385119e-05      0.000000e+00      0.000000e+00      2.385119e-05   
     7.610739        1.820110e-05      0.000000e+00      0.000000e+00      1.820110e-05   
     7.915560        1.351126e-05      0.000000e+00      0.000000e+00      1.351126e-05   
     8.223305        9.789171e-06      0.000000e+00      0.000000e+00      9.789171e-06   
     8.533144        6.954364e-06      0.000000e+00      0.000000e+00      6.954364e-06   
     8.844241        4.873573e-06      0.000000e+00      0.000000e+00      4.873573e-06   
     9.155759        3.393788e-06      0.000000e+00      0.000000e+00      3.393788e-06   
     9.466856        2.367408e-06      0.000000e+00      0.000000e+00      2.367408e-06   
     9.776695        1.667412e-06      0.000000e+00      0.000000e+00      1.667412e-06   
    10.084440        1.193463e-06      0.000000e+00      0.000000e+00      1.193463e-06   
    10.389261        8.715509e-07      0.000000e+00      0.000000e+00      8.715509e-07   
    10.690338        6.500327e-07      0.000000e+00      0.000000e+00      6.500327e-07   
    10.986857        4.944167e-07      0.000000e+00      0.000000e+00      4.944167e-07   
    11.278020        3.823719e-07      0.000000e+00      0.000000e+00      3.823719e-07   
    11.563042        2.996919e-07      0.000000e+00      0.000000e+00      2.996919e-07   
    11.841155        2.373642e-07      0.000000e+00      0.000000e+00      2.373642e-07   
    12.111608        1.895927e-07      0.000000e+00      0.000000e+00      1.895927e-07   
    12.373673        1.525430e-07      0.000000e+00      0.000000e+00      1.525430e-07   
    12.626644        1.235798e-07      0.000000e+00      0.000000e+00      1.235798e-07   
    12.869837        1.008186e-07      0.000000e+00      0.000000e+00      1.008186e-07   
    13.102598        8.286555e-08      0.000000e+00      0.000000e+00      8.286555e-08   
    13.324299        6.866567e-08      0.000000e+00      0.000000e+00      6.866567e-08   
    13.534343        5.740834e-08      0.000000e+00      0.000000e+00      5.740834e-08   
    13.732162        4.846495e-08      0.000000e+00      0.000000e+00      4.846495e-08   
    13.917225        4.134603e-08      0.000000e+00      0.000000e+00      4.134603e-08   
    14.089032        3.567170e-08      0.000000e+00      0.000000e+00      3.567170e-08   
    14.247120        3.115324e-08      0.000000e+00      0.000000e+00      3.115324e-08   
    14.391062        2.757910e-08      0.000000e+00      0.000000e+00      2.757910e-08   
    14.520471        2.478700e-08      0.000000e+00      0.000000e+00      2.478700e-08   
    14.634998        2.264441e-08      0.000000e+00      0.000000e+00      2.264441e-08   
    14.734334        2.105101e-08      0.000000e+00      0.000000e+00      2.105101e-08   
    14.818211        1.990352e-08      0.000000e+00      0.000000e+00      1.990352e-08   
    14.886403        1.908978e-08      0.000000e+00      0.000000e+00      1.908978e-08   
    14.938727        1.852082e-08      0.000000e+00      0.000000e+00      1.852082e-08   
    14.975043        1.814914e-08      0.000000e+00      0.000000e+00      1.814914e-08   
    14.995261        1.797544e-08      0.000000e+00      0.000000e+00      1.797544e-08   