#        q              total               1              \delta U         \delta U^2    

     0.001185        3.528632e+04      3.528840e+04     -2.087349e+00      5.276348e-04   
     0.006239        2.130435e+04      2.130643e+04     -2.087373e+00      5.223859e-04   
     0.015318        1.616455e+04      1.616664e+04     -2.087473e+00      5.094003e-04   
     0.028399        1.290584e+04      1.290792e+04     -2.086116e+00      4.789825e-04   
     0.045447        1.099688e+04      1.099897e+04     -2.086912e+00      4.596603e-04   
     0.066417        9.557906e+03      9.559992e+03     -2.086113e+00      4.385152e-04   
     0.091251        8.501579e+03      8.503663e+03     -2.084745e+00      4.079210e-04   
     0.119882        7.762551e+03      7.764635e+03     -2.084080e+00      3.809353e-04   
     0.152235        7.067633e+03      7.069714e+03     -2.081795e+00      3.452000e-04   
     0.188220        6.415468e+03      6.417545e+03     -2.077699e+00      3.096525e-04   
     0.227742        6.003771e+03      6.005846e+03     -2.074315e+00      2.772092e-04   
     0.270694        5.610072e+03      5.612141e+03     -2.069656e+00      2.447951e-04   
     0.316959        5.233967e+03      5.236030e+03     -2.062418e+00      2.219492e-04   
     0.366414        4.875057e+03      4.877109e+03     -2.052155e+00      1.982880e-04   
     0.418925        4.532939e+03      4.534977e+03     -2.038072e+00      1.828308e-04   
     0.474351        4.368052e+03      4.370081e+03     -2.029289e+00      1.676349e-04   
     0.532541        4.050372e+03      4.052378e+03     -2.006241e+00      1.590933e-04   
     0.593339        3.748484e+03      3.750458e+03     -1.975000e+00      1.509286e-04   
     0.656582        3.603336e+03      3.605292e+03     -1.955845e+00      1.475567e-04   
     0.722098        3.324384e+03      3.326293e+03     -1.909367e+00      1.456175e-04   
     0.789711        3.060221e+03      3.062073e+03     -1.851394e+00      1.478911e-04   
     0.859239        2.933560e+03      2.935379e+03     -1.818220e+00      1.528069e-04   
     0.930495        2.574657e+03      2.576357e+03     -1.700474e+00      1.623902e-04   
     1.003286        2.352449e+03      2.354058e+03     -1.609371e+00      1.759384e-04   
     1.077416        2.043719e+03      2.045177e+03     -1.458180e+00      1.953122e-04   
     1.152685        1.675840e+03      1.677083e+03     -1.242777e+00      2.205901e-04   
     1.228890        3.346344e+02      3.348938e+02     -2.596615e-01      2.529608e-04   
     1.305826        1.381537e+00      1.382301e+00     -1.056101e-03      2.926654e-04   
     1.383286        3.402151e-04      0.000000e+00      0.000000e+00      3.402151e-04   
     1.461060        3.959469e-04      0.000000e+00      0.000000e+00      3.959469e-04   
     1.538940        4.601952e-04      0.000000e+00      0.000000e+00      4.601952e-04   
     1.616714        5.332905e-04      0.000000e+00      0.000000e+00      5.332905e-04   
     1.694174        6.154924e-04      0.000000e+00      0.000000e+00      6.154924e-04   
     1.771110        7.069468e-04      0.000000e+00      0.000000e+00      7.069468e-04   
     1.847315        8.076820e-04      0.000000e+00      0.000000e+00      8.076820e-04   
     1.922584        9.175158e-04      0.000000e+00      0.000000e+00      9.175158e-04   
     1.996714        1.036095e-03      0.000000e+00      0.000000e+00      1.036095e-03   
     2.069505        1.162891e-03      0.000000e+00      0.000000e+00      1.162891e-03   
     2.140761        1.297291e-03      0.000000e+00      0.000000e+00      1.297291e-03   
     2.210289        1.438496e-03      0.000000e+00      0.000000e+00      1.438496e-03   
     2.277902        1.585545e-03      0.000000e+00      0.000000e+00      1.585545e-03   
     2.343418        1.737197e-03      0.000000e+00      0.000000e+00      1.737197e-03   
     2.406661        1.892489e-03      0.000000e+00      0.000000e+00      1.892489e-03   
     2.467459        2.050084e-03      0.000000e+00      0.000000e+00      2.050084e-03   
     2.525649        2.208753e-03      0.000000e+00      0.000000e+00      2.208753e-03   
     2.581075        2.366856e-03      0.000000e+00      0.000000e+00      2.366856e-03   
     2.633586        2.523008e-03      0.000000e+00      0.000000e+00      2.523008e-03   
     2.683041        2.675651e-03      0.000000e+00      0.000000e+00      2.675651e-03   
     2.729306        2.823022e-03      0.000000e+00      0.000000e+00      2.823022e-03   
     2.772258        2.963324e-03      0.000000e+00      0.000000e+00      2.963324e-03   
     2.811780        3.095529e-03      0.000000e+00      0.000000e+00      3.095529e-03   
     2.847765        3.218284e-03      0.000000e+00      0.000000e+00      3.218284e-03   
     2.880118        3.330839e-03      0.000000e+00      0.000000e+00      3.330839e-03   
     2.908749        3.432377e-03      0.000000e+00      0.000000e+00      3.432377e-03   
     2.933583        3.522160e-03      0.000000e+00      0.000000e+00      3.522160e-03   
     2.954553        3.599380e-03      0.000000e+00      0.000000e+00      3.599380e-03   
     2.971601        3.663195e-03      0.000000e+00      0.000000e+00      3.663195e-03   
     2.984682        3.712812e-03      0.000000e+00      0.000000e+00      3.712812e-03   
     2.993761        3.747587e-03      0.000000e+00      0.000000e+00      3.747587e-03   
     2.998815        3.767024e-03      0.000000e+00      0.000000e+00      3.767024e-03   
     3.004739        3.789755e-03      0.000000e+00      0.000000e+00      3.789755e-03   
     3.024957        3.866933e-03      0.000000e+00      0.000000e+00      3.866933e-03   
     3.061273        4.005132e-03      0.000000e+00      0.000000e+00      4.005132e-03   
     3.113597        4.204876e-03      0.000000e+00      0.000000e+00      4.204876e-03   
     3.181789        4.469085e-03      0.000000e+00      0.000000e+00      4.469085e-03   
     3.265666        4.805599e-03      0.000000e+00      0.000000e+00      4.805599e-03   
     3.365002        5.210235e-03      0.000000e+00      0.000000e+00      5.210235e-03   
     3.479529        5.672997e-03      0.000000e+00      0.000000e+00      5.672997e-03   
     3.608938        6.188113e-03      0.000000e+00      0.000000e+00      6.188113e-03   
     3.752880        6.740355e-03      0.000000e+00      0.000000e+00      6.740355e-03   
     3.910968        7.304846e-03      0.000000e+00      0.000000e+00      7.304846e-03   
     4.082775        7.851409e-03      0.000000e+00      0.000000e+00      7.851409e-03   
     4.267838        8.343854e-03      0.000000e+00      0.000000e+00      8.343854e-03   
     4.465657        8.741878e-03      0.000000e+00      0.000000e+00      8.741878e-03   
     4.675701        9.004622e-03      0.000000e+00      0.000000e+00      9.004622e-03   
     4.897402        9.094972e-03      0.000000e+00      0.000000e+00      9.094972e-03   
     5.130163        8.985529e-03      0.000000e+00      0.000000e+00      8.985529e-03   
     5.373356        8.663620e-03      0.000000e+00      0.000000e+00      8.663620e-03   
     5.626327        8.135163e-03      0.000000e+00      0.000000e+00      8.135163e-03   
     5.888392        7.425887e-03      0.000000e+00      0.000000e+00      7.425887e-03   
     6.158845        6.579276e-03      0.000000e+00      0.000000e+00      6.579276e-03   
     6.436958        5.651161e-03      0.000000e+00      0.000000e+00      5.651161e-03   
     6.721980        4.702131e-03      0.000000e+00      0.000000e+00      4.702131e-03   
     7.013143        3.789196e-03      0.000000e+00      0.000000e+00      3.789196e-03   
     7.309662        2.958497e-03      0.000000e+00      0.000000e+00      2.958497e-03   
     7.610739        2.240710e-03      0.000000e+00      0.000000e+00      2.240710e-03   
     7.915560        1.649786e-03      0.000000e+00      0.000000e+00      1.649786e-03   
     8.223305        1.184764e-03      0.000000e+00      0.000000e+00      1.184764e-03   
     8.533144        8.337038e-04      0.000000e+00      0.000000e+00      8.337038e-04   
     8.844241        5.783425e-04      0.000000e+00      0.000000e+00      5.783425e-04   
     9.155759        3.983873e-04      0.000000e+00      0.000000e+00      3.983873e-04   
     9.466856        2.746855e-04      0.000000e+00      0.000000e+00      2.746855e-04   
     9.776695        1.910441e-04      0.000000e+00      0.000000e+00      1.910441e-04   
    10.084440        1.348741e-04      0.000000e+00      0.000000e+00      1.348741e-04   
    10.389261        9.702482e-05      0.000000e+00      0.000000e+00      9.702482e-05   
    10.690338        7.119225e-05      0.000000e+00      0.000000e+00      7.119225e-05   
    10.986857        5.321118e-05      0.000000e+00      0.000000e+00      5.321118e-05   
    11.278020        4.040571e-05      0.000000e+00      0.000000e+00      4.040571e-05   
    11.563042        3.107936e-05      0.000000e+00      0.000000e+00      3.107936e-05   
    11.841155        2.415573e-05      0.000000e+00      0.000000e+00      2.415573e-05   
    12.111608        1.893910e-05      0.000000e+00      0.000000e+00      1.893910e-05   
    12.373673        1.496618e-05      0.000000e+00      0.000000e+00      1.496618e-05   
    12.626644        1.191780e-05      0.000000e+00      0.000000e+00      1.191780e-05   
    12.869837        9.566325e-06      0.000000e+00      0.000000e+00      9.566325e-06   
    13.102598        7.745143e-06      0.000000e+00      0.000000e+00      7.745143e-06   
    13.324299        6.329561e-06      0.000000e+00      0.000000e+00      6.329561e-06   
    13.534343        5.225752e-06      0.000000e+00      0.000000e+00      5.225752e-06   
    13.732162        4.362114e-06      0.000000e+00      0.000000e+00      4.362114e-06   
    13.917225        3.684316e-06      0.000000e+00      0.000000e+00      3.684316e-06   
    14.089032        3.151353e-06      0.000000e+00      0.000000e+00      3.151353e-06   
    14.247120        2.733004e-06      0.000000e+00      0.000000e+00      2.733004e-06   
    14.391062        2.407159e-06      0.000000e+00      0.000000e+00      2.407159e-06   
    14.520471        2.155743e-06      0.000000e+00      0.000000e+00      2.155743e-06   
    14.634998        1.965263e-06      0.000000e+00      0.000000e+00      1.965263e-06   
    14.734334        1.825015e-06      0.000000e+00      0.000000e+00      1.825015e-06   
    14.818211        1.723456e-06      0.000000e+00      0.000000e+00      1.723456e-06   
    14.886403        1.650296e-06      0.000000e+00      0.000000e+00      1.650296e-06   
    14.938727        1.598522e-06      0.000000e+00      0.000000e+00      1.598522e-06   
    14.975043        1.564939e-06      0.000000e+00      0.000000e+00      1.564939e-06   
    14.995261        1.549505e-06      0.000000e+00      0.000000e+00      1.549505e-06   