#        q              total               1              \delta U         \delta U^2    

     0.001185        3.520537e+04      3.528840e+04     -8.316327e+01      1.242522e-01   
     0.006239        2.122338e+04      2.130643e+04     -8.317887e+01      1.242416e-01   
     0.015318        1.608357e+04      1.616664e+04     -8.318652e+01      1.242200e-01   
     0.028399        1.282492e+04      1.290792e+04     -8.312949e+01      1.241517e-01   
     0.045447        1.091593e+04      1.099897e+04     -8.315763e+01      1.240948e-01   
     0.066417        9.477002e+03      9.559992e+03     -8.311452e+01      1.241307e-01   
     0.091251        8.420741e+03      8.503663e+03     -8.304535e+01      1.236173e-01   
     0.119882        7.681757e+03      7.764635e+03     -8.300075e+01      1.232805e-01   
     0.152235        6.986957e+03      7.069714e+03     -8.288037e+01      1.233426e-01   
     0.188220        6.334994e+03      6.417545e+03     -8.267331e+01      1.225834e-01   
     0.227742        5.923482e+03      6.005846e+03     -8.248569e+01      1.217007e-01   
     0.270694        5.530031e+03      5.612141e+03     -8.223076e+01      1.210552e-01   
     0.316959        5.154299e+03      5.236030e+03     -8.185127e+01      1.202215e-01   
     0.366414        4.795899e+03      4.877109e+03     -8.132877e+01      1.190182e-01   
     0.418925        4.454464e+03      4.534977e+03     -8.063094e+01      1.177812e-01   
     0.474351        4.290059e+03      4.370081e+03     -8.013850e+01      1.166060e-01   
     0.532541        3.973456e+03      4.052378e+03     -7.903747e+01      1.153686e-01   
     0.593339        3.672986e+03      3.750458e+03     -7.758655e+01      1.141804e-01   
     0.656582        3.528791e+03      3.605292e+03     -7.661428e+01      1.132472e-01   
     0.722098        3.251886e+03      3.326293e+03     -7.452002e+01      1.127031e-01   
     0.789711        2.990222e+03      3.062073e+03     -7.196290e+01      1.126886e-01   
     0.859239        2.865100e+03      2.935379e+03     -7.039153e+01      1.134161e-01   
     0.930495        2.510987e+03      2.576357e+03     -6.548501e+01      1.151282e-01   
     1.003286        2.292517e+03      2.354058e+03     -6.165966e+01      1.180598e-01   
     1.077416        1.989751e+03      2.045177e+03     -5.554844e+01      1.224537e-01   
     1.152685        1.630145e+03      1.677083e+03     -4.706645e+01      1.285620e-01   
     1.228890        3.252619e+02      3.348938e+02     -9.768520e+00      1.366250e-01   
     1.305826        1.490578e+00      1.382301e+00     -3.857569e-02      1.468534e-01   
     1.383286        1.594220e-01      0.000000e+00      0.000000e+00      1.594220e-01   
     1.461060        1.744679e-01      0.000000e+00      0.000000e+00      1.744679e-01   
     1.538940        1.920796e-01      0.000000e+00      0.000000e+00      1.920796e-01   
     1.616714        2.122923e-01      0.000000e+00      0.000000e+00      2.122923e-01   
     1.694174        2.350825e-01      0.000000e+00      0.000000e+00      2.350825e-01   
     1.771110        2.603603e-01      0.000000e+00      0.000000e+00      2.603603e-01   
     1.847315        2.879665e-01      0.000000e+00      0.000000e+00      2.879665e-01   
     1.922584        3.176799e-01      0.000000e+00      0.000000e+00      3.176799e-01   
     1.996714        3.492215e-01      0.000000e+00      0.000000e+00      3.492215e-01   
     2.069505        3.822639e-01      0.000000e+00      0.000000e+00      3.822639e-01   
     2.140761        4.164440e-01      0.000000e+00      0.000000e+00      4.164440e-01   
     2.210289        4.513680e-01      0.000000e+00      0.000000e+00      4.513680e-01   
     2.277902        4.866277e-01      0.000000e+00      0.000000e+00      4.866277e-01   
     2.343418        5.218011e-01      0.000000e+00      0.000000e+00      5.218011e-01   
     2.406661        5.565009e-01      0.000000e+00      0.000000e+00      5.565009e-01   
     2.467459        5.903571e-01      0.000000e+00      0.000000e+00      5.903571e-01   
     2.525649        6.230468e-01      0.000000e+00      0.000000e+00      6.230468e-01   
     2.581075        6.542520e-01      0.000000e+00      0.000000e+00      6.542520e-01   
     2.633586        6.837262e-01      0.000000e+00      0.000000e+00      6.837262e-01   
     2.683041        7.112666e-01      0.000000e+00      0.000000e+00      7.112666e-01   
     2.729306        7.366877e-01      0.000000e+00      0.000000e+00      7.366877e-01   
     2.772258        7.598508e-01      0.000000e+00      0.000000e+00      7.598508e-01   
     2.811780        7.807527e-01      0.000000e+00      0.000000e+00      7.807527e-01   
     2.847765        7.993514e-01      0.000000e+00      0.000000e+00      7.993514e-01   
     2.880118        8.157209e-01      0.000000e+00      0.000000e+00      8.157209e-01   
     2.908749        8.299115e-01      0.000000e+00      0.000000e+00      8.299115e-01   
     2.933583        8.420067e-01      0.000000e+00      0.000000e+00      8.420067e-01   
     2.954553        8.520658e-01      0.000000e+00      0.000000e+00      8.520658e-01   
     2.971601        8.601416e-01      0.000000e+00      0.000000e+00      8.601416e-01   
     2.984682        8.662759e-01      0.000000e+00      0.000000e+00      8.662759e-01   
     2.993761        8.704969e-01      0.000000e+00      0.000000e+00      8.704969e-01   
     2.998815        8.728317e-01      0.000000e+00      0.000000e+00      8.728317e-01   
     3.004739        8.755398e-01      0.000000e+00      0.000000e+00      8.755398e-01   
     3.024957        8.845566e-01      0.000000e+00      0.000000e+00      8.845566e-01   
     3.061273        9.000342e-01      0.000000e+00      0.000000e+00      9.000342e-01   
     3.113597        9.207158e-01      0.000000e+00      0.000000e+00      9.207158e-01   
     3.181789        9.449829e-01      0.000000e+00      0.000000e+00      9.449829e-01   
     3.265666        9.709117e-01      0.000000e+00      0.000000e+00      9.709117e-01   
     3.365002        9.946538e-01      0.000000e+00      0.000000e+00      9.946538e-01   
     3.479529        1.011209e+00      0.000000e+00      0.000000e+00      1.011209e+00   
     3.608938        1.015752e+00      0.000000e+00      0.000000e+00      1.015752e+00   
     3.752880        1.002936e+00      0.000000e+00      0.000000e+00      1.002936e+00   
     3.910968        9.678482e-01      0.000000e+00      0.000000e+00      9.678482e-01   
     4.082775        9.075925e-01      0.000000e+00      0.000000e+00      9.075925e-01   
     4.267838        8.222559e-01      0.000000e+00      0.000000e+00      8.222559e-01   
     4.465657        7.156470e-01      0.000000e+00      0.000000e+00      7.156470e-01   
     4.675701        5.951681e-01      0.000000e+00      0.000000e+00      5.951681e-01   
     4.897402        4.706534e-01      0.000000e+00      0.000000e+00      4.706534e-01   
     5.130163        3.523877e-01      0.000000e+00      0.000000e+00      3.523877e-01   
     5.373356        2.488970e-01      0.000000e+00      0.000000e+00      2.488970e-01   
     5.626327        1.653243e-01      0.000000e+00      0.000000e+00      1.653243e-01   
     5.888392        1.029526e-01      0.000000e+00      0.000000e+00      1.029526e-01   
     6.158845        5.987728e-02      0.000000e+00      0.000000e+00      5.987728e-02   
     6.436958        3.233642e-02      0.000000e+00      0.000000e+00      3.233642e-02   
     6.721980        1.606242e-02      0.000000e+00      0.000000e+00      1.606242e-02   
     7.013143        7.227193e-03      0.000000e+00      0.000000e+00      7.227193e-03   
     7.309662        2.879657e-03      0.000000e+00      0.000000e+00      2.879657e-03   
     7.610739        9.962899e-04      0.000000e+00      0.000000e+00      9.962899e-04   
     7.915560        3.255911e-04      0.000000e+00      0.000000e+00      3.255911e-04   
     8.223305        1.692550e-04      0.000000e+00      0.000000e+00      1.692550e-04   
     8.533144        1.809210e-04      0.000000e+00      0.000000e+00      1.809210e-04   
     8.844241        2.143951e-04      0.000000e+00      0.000000e+00      2.143951e-04   
     9.155759        2.240892e-04      0.000000e+00      0.000000e+00      2.240892e-04   
     9.466856        2.072213e-04      0.000000e+00      0.000000e+00      2.072213e-04   
     9.776695        1.742817e-04      0.000000e+00      0.000000e+00      1.742817e-04   
    10.084440        1.362504e-04      0.000000e+00      0.000000e+00      1.362504e-04   
    10.389261        1.005357e-04      0.000000e+00      0.000000e+00      1.005357e-04   
    10.690338        7.077328e-05      0.000000e+00      0.000000e+00      7.077328e-05   
    10.986857        4.790413e-05      0.000000e+00      0.000000e+00      4.790413e-05   
    11.278020        3.135957e-05      0.000000e+00      0.000000e+00      3.135957e-05   
    11.563042        1.994443e-05      0.000000e+00      0.000000e+00      1.994443e-05   
    11.841155        1.236770e-05      0.000000e+00      0.000000e+00      1.236770e-05   
    12.111608        7.500091e-06      0.000000e+00      0.000000e+00      7.500091e-06   
    12.373673        4.459700e-06      0.000000e+00      0.000000e+00      4.459700e-06   
    12.626644        2.607177e-06      0.000000e+00      0.000000e+00      2.607177e-06   
    12.869837        1.503438e-06      0.000000e+00      0.000000e+00      1.503438e-06   
    13.102598        8.593413e-07      0.000000e+00      0.000000e+00      8.593413e-07   
    13.324299        4.908508e-07      0.000000e+00      0.000000e+00      4.908508e-07   
    13.534343        2.841176e-07      0.000000e+00      0.000000e+00      2.841176e-07   
    13.732162        1.704262e-07      0.000000e+00      0.000000e+00      1.704262e-07   
    13.917225        1.092021e-07      0.000000e+00      0.000000e+00      1.092021e-07   
    14.089032        7.696939e-08      0.000000e+00      0.000000e+00      7.696939e-08   
    14.247120        6.041193e-08      0.000000e+00      0.000000e+00      6.041193e-08   
    14.391062        5.213687e-08      0.000000e+00      0.000000e+00      5.213687e-08   
    14.520471        4.812385e-08      0.000000e+00      0.000000e+00      4.812385e-08   
    14.634998        4.623888e-08      0.000000e+00      0.000000e+00      4.623888e-08   
    14.734334        4.539352e-08      0.000000e+00      0.000000e+00      4.539352e-08   
    14.818211        4.504125e-08      0.000000e+00      0.000000e+00      4.504125e-08   
    14.886403        4.490880e-08      0.000000e+00      0.000000e+00      4.490880e-08   
    14.938727        4.486568e-08      0.000000e+00      0.000000e+00      4.486568e-08   
    14.975043        4.481972e-08      0.000000e+00      0.000000e+00      4.481972e-08   
    14.995261        4.480760e-08      0.000000e+00      0.000000e+00      4.480760e-08   