#        q              total               1              \delta U         \delta U^2    

     0.001185        3.461573e+04      3.528840e+04     -7.011905e+02      2.851584e+01   
     0.006239        2.063343e+04      2.130643e+04     -7.015132e+02      2.851551e+01   
     0.015318        1.549356e+04      1.616664e+04     -7.015932e+02      2.851377e+01   
     0.028399        1.223537e+04      1.290792e+04     -7.010629e+02      2.850868e+01   
     0.045447        1.032634e+04      1.099897e+04     -7.011248e+02      2.849757e+01   
     0.066417        8.888031e+03      9.559992e+03     -7.004382e+02      2.847715e+01   
     0.091251        7.832717e+03      8.503663e+03     -6.993898e+02      2.844334e+01   
     0.119882        7.094681e+03      7.764635e+03     -6.983462e+02      2.839259e+01   
     0.152235        6.401696e+03      7.069714e+03     -6.963397e+02      2.832154e+01   
     0.188220        5.752601e+03      6.417545e+03     -6.931709e+02      2.822738e+01   
     0.227742        5.344129e+03      6.005846e+03     -6.898270e+02      2.811008e+01   
     0.270694        4.954727e+03      5.612141e+03     -6.853869e+02      2.797251e+01   
     0.316959        4.584589e+03      5.236030e+03     -6.792618e+02      2.782122e+01   
     0.366414        4.233526e+03      4.877109e+03     -6.712507e+02      2.766775e+01   
     0.418925        3.901449e+03      4.534977e+03     -6.610571e+02      2.752948e+01   
     0.474351        3.745126e+03      4.370081e+03     -6.523844e+02      2.742935e+01   
     0.532541        3.442305e+03      4.052378e+03     -6.374687e+02      2.739521e+01   
     0.593339        3.158897e+03      3.750458e+03     -6.190200e+02      2.745857e+01   
     0.656582        3.028389e+03      3.605292e+03     -6.045550e+02      2.765194e+01   
     0.722098        2.774339e+03      3.326293e+03     -5.799594e+02      2.800518e+01   
     0.789711        2.539039e+03      3.062073e+03     -5.515747e+02      2.854126e+01   
     0.859239        2.433183e+03      2.935379e+03     -5.314678e+02      2.927184e+01   
     0.930495        2.121535e+03      2.576357e+03     -4.850156e+02      3.019286e+01   
     1.003286        1.937108e+03      2.354058e+03     -4.482313e+02      3.128140e+01   
     1.077416        1.682064e+03      2.045177e+03     -3.956072e+02      3.249423e+01   
     1.152685        1.382656e+03      1.677083e+03     -3.281953e+02      3.376871e+01   
     1.228890        3.033582e+02      3.348938e+02     -6.656192e+01      3.502635e+01   
     1.305826        3.731345e+01      1.382301e+00     -2.475000e-01      3.617864e+01   
     1.383286        3.713533e+01      0.000000e+00      0.000000e+00      3.713533e+01   
     1.461060        3.781344e+01      0.000000e+00      0.000000e+00      3.781344e+01   
     1.538940        3.814583e+01      0.000000e+00      0.000000e+00      3.814583e+01   
     1.616714        3.808817e+01      0.000000e+00      0.000000e+00      3.808817e+01   
     1.694174        3.762310e+01      0.000000e+00      0.000000e+00      3.762310e+01   
     1.771110        3.676101e+01      0.000000e+00      0.000000e+00      3.676101e+01   
     1.847315        3.553780e+01      0.000000e+00      0.000000e+00      3.553780e+01   
     1.922584        3.401005e+01      0.000000e+00      0.000000e+00      3.401005e+01   
     1.996714        3.224811e+01      0.000000e+00      0.000000e+00      3.224811e+01   
     2.069505        3.032860e+01      0.000000e+00      0.000000e+00      3.032860e+01   
     2.140761        2.832730e+01      0.000000e+00      0.000000e+00      2.832730e+01   
     2.210289        2.631327e+01      0.000000e+00      0.000000e+00      2.631327e+01   
     2.277902        2.434471e+01      0.000000e+00      0.000000e+00      2.434471e+01   
     2.343418        2.246674e+01      0.000000e+00      0.000000e+00      2.246674e+01   
     2.406661        2.071102e+01      0.000000e+00      0.000000e+00      2.071102e+01   
     2.467459        1.909677e+01      0.000000e+00      0.000000e+00      1.909677e+01   
     2.525649        1.763275e+01      0.000000e+00      0.000000e+00      1.763275e+01   
     2.581075        1.631964e+01      0.000000e+00      0.000000e+00      1.631964e+01   
     2.633586        1.515242e+01      0.000000e+00      0.000000e+00      1.515242e+01   
     2.683041        1.412247e+01      0.000000e+00      0.000000e+00      1.412247e+01   
     2.729306        1.321930e+01      0.000000e+00      0.000000e+00      1.321930e+01   
     2.772258        1.243176e+01      0.000000e+00      0.000000e+00      1.243176e+01   
     2.811780        1.174897e+01      0.000000e+00      0.000000e+00      1.174897e+01   
     2.847765        1.116079e+01      0.000000e+00      0.000000e+00      1.116079e+01   
     2.880118        1.065811e+01      0.000000e+00      0.000000e+00      1.065811e+01   
     2.908749        1.023301e+01      0.000000e+00      0.000000e+00      1.023301e+01   
     2.933583        9.878720e+00      0.000000e+00      0.000000e+00      9.878720e+00   
     2.954553        9.589622e+00      0.000000e+00      0.000000e+00      9.589622e+00   
     2.971601        9.361154e+00      0.000000e+00      0.000000e+00      9.361154e+00   
     2.984682        9.189737e+00      0.000000e+00      0.000000e+00      9.189737e+00   
     2.993761        9.072706e+00      0.000000e+00      0.000000e+00      9.072706e+00   
     2.998815        9.008233e+00      0.000000e+00      0.000000e+00      9.008233e+00   
     3.004739        8.933279e+00      0.000000e+00      0.000000e+00      8.933279e+00   
     3.024957        8.682362e+00      0.000000e+00      0.000000e+00      8.682362e+00   
     3.061273        8.249983e+00      0.000000e+00      0.000000e+00      8.249983e+00   
     3.113597        7.665933e+00      0.000000e+00      0.000000e+00      7.665933e+00   
     3.181789        6.967778e+00      0.000000e+00      0.000000e+00      6.967778e+00   
     3.265666        6.196014e+00      0.000000e+00      0.000000e+00      6.196014e+00   
     3.365002        5.389805e+00      0.000000e+00      0.000000e+00      5.389805e+00   
     3.479529        4.584159e+00      0.000000e+00      0.000000e+00      4.584159e+00   
     3.608938        3.808670e+00      0.000000e+00      0.000000e+00      3.808670e+00   
     3.752880        3.087183e+00      0.000000e+00      0.000000e+00      3.087183e+00   
     3.910968        2.437637e+00      0.000000e+00      0.000000e+00      2.437637e+00   
     4.082775        1.871827e+00      0.000000e+00      0.000000e+00      1.871827e+00   
     4.267838        1.395295e+00      0.000000e+00      0.000000e+00      1.395295e+00   
     4.465657        1.007654e+00      0.000000e+00      0.000000e+00      1.007654e+00   
     4.675701        7.034529e-01      0.000000e+00      0.000000e+00      7.034529e-01   
     4.897402        4.734806e-01      0.000000e+00      0.000000e+00      4.734806e-01   
     5.130163        3.062860e-01      0.000000e+00      0.000000e+00      3.062860e-01   
     5.373356        1.896490e-01      0.000000e+00      0.000000e+00      1.896490e-01   
     5.626327        1.118042e-01      0.000000e+00      0.000000e+00      1.118042e-01   
     5.888392        6.230109e-02      0.000000e+00      0.000000e+00      6.230109e-02   
     6.158845        3.247906e-02      0.000000e+00      0.000000e+00      3.247906e-02   
     6.436958        1.560452e-02      0.000000e+00      0.000000e+00      1.560452e-02   
     6.721980        6.755667e-03      0.000000e+00      0.000000e+00      6.755667e-03   
     7.013143        2.553386e-03      0.000000e+00      0.000000e+00      2.553386e-03   
     7.309662        8.267894e-04      0.000000e+00      0.000000e+00      8.267894e-04   
     7.610739        2.808973e-04      0.000000e+00      0.000000e+00      2.808973e-04   
     7.915560        2.087603e-04      0.000000e+00      0.000000e+00      2.087603e-04   
     8.223305        2.672076e-04      0.000000e+00      0.000000e+00      2.672076e-04   
     8.533144        3.178971e-04      0.000000e+00      0.000000e+00      3.178971e-04   
     8.844241        3.246647e-04      0.000000e+00      0.000000e+00      3.246647e-04   
     9.155759        2.936103e-04      0.000000e+00      0.000000e+00      2.936103e-04   
     9.466856        2.422003e-04      0.000000e+00      0.000000e+00      2.422003e-04   
     9.776695        1.860008e-04      0.000000e+00      0.000000e+00      1.860008e-04   
    10.084440        1.348339e-04      0.000000e+00      0.000000e+00      1.348339e-04   
    10.389261        9.315505e-05      0.000000e+00      0.000000e+00      9.315505e-05   
    10.690338        6.176283e-05      0.000000e+00      0.000000e+00      6.176283e-05   
    10.986857        3.949527e-05      0.000000e+00      0.000000e+00      3.949527e-05   
    11.278020        2.444902e-05      0.000000e+00      0.000000e+00      2.444902e-05   
    11.563042        1.469048e-05      0.000000e+00      0.000000e+00      1.469048e-05   
    11.841155        8.583833e-06      0.000000e+00      0.000000e+00      8.583833e-06   
    12.111608        4.883756e-06      0.000000e+00      0.000000e+00      4.883756e-06   
    12.373673        2.708303e-06      0.000000e+00      0.000000e+00      2.708303e-06   
    12.626644        1.466029e-06      0.000000e+00      0.000000e+00      1.466029e-06   
    12.869837        7.773541e-07      0.000000e+00      0.000000e+00      7.773541e-07   
    13.102598        4.075302e-07      0.000000e+00      0.000000e+00      4.075302e-07   
    13.324299        2.160356e-07      0.000000e+00      0.000000e+00      2.160356e-07   
    13.534343        1.212318e-07      0.000000e+00      0.000000e+00      1.212318e-07   
    13.732162        7.704273e-08      0.000000e+00      0.000000e+00      7.704273e-08   
    13.917225        5.822612e-08      0.000000e+00      0.000000e+00      5.822612e-08   
    14.089032        5.140757e-08      0.000000e+00      0.000000e+00      5.140757e-08   
    14.247120        4.979247e-08      0.000000e+00      0.000000e+00      4.979247e-08   
    14.391062        5.012487e-08      0.000000e+00      0.000000e+00      5.012487e-08   
    14.520471        5.095737e-08      0.000000e+00      0.000000e+00      5.095737e-08   
    14.634998        5.174360e-08      0.000000e+00      0.000000e+00      5.174360e-08   
    14.734334        5.234712e-08      0.000000e+00      0.000000e+00      5.234712e-08   
    14.818211        5.275783e-08      0.000000e+00      0.000000e+00      5.275783e-08   
    14.886403        5.300283e-08      0.000000e+00      0.000000e+00      5.300283e-08   
    14.938727        5.312257e-08      0.000000e+00      0.000000e+00      5.312257e-08   
    14.975043        5.317683e-08      0.000000e+00      0.000000e+00      5.317683e-08   
    14.995261        5.322069e-08      0.000000e+00      0.000000e+00      5.322069e-08   