  0  1  1  0.5139965355273595E+01
  0  2  1  0.4196764138667854E+01
  0  2  2  0.1199325249563839E+02
  0  3  1  0.0000000000000000E+00
  0  3  2  0.7662207957590411E+01
  0  3  3  0.1884653963600318E+02
  0  4  1  0.0000000000000000E+00
  0  4  2  0.0000000000000000E+00
  0  4  3  0.1110359422210933E+02
  0  4  4  0.2569982677636797E+02
  0  5  1  0.0000000000000000E+00
  0  5  2  0.0000000000000000E+00
  0  5  3  0.0000000000000000E+00
  0  5  4  0.1453801743111152E+02
  0  5  5  0.3255311391673277E+02
  0  6  1  0.0000000000000000E+00
  0  6  2  0.0000000000000000E+00
  0  6  3  0.0000000000000000E+00
  0  6  4  0.0000000000000000E+00
  0  6  5  0.1796947047966328E+02
  0  6  6  0.3940640105709756E+02
  0  7  1  0.0000000000000000E+00
  0  7  2  0.0000000000000000E+00
  0  7  3  0.0000000000000000E+00
  0  7  4  0.0000000000000000E+00
  0  7  5  0.0000000000000000E+00
  0  7  6  0.2139938223701381E+02
  0  7  7  0.4625968819746236E+02
  0  8  1  0.0000000000000000E+00
  0  8  2  0.0000000000000000E+00
  0  8  3  0.0000000000000000E+00
  0  8  4  0.0000000000000000E+00
  0  8  5  0.0000000000000000E+00
  0  8  6  0.0000000000000000E+00
  0  8  7  0.2482839147521037E+02
  0  8  8  0.5311297533782714E+02
  0  9  1  0.0000000000000000E+00
  0  9  2  0.0000000000000000E+00
  0  9  3  0.0000000000000000E+00
  0  9  4  0.0000000000000000E+00
  0  9  5  0.0000000000000000E+00
  0  9  6  0.0000000000000000E+00
  0  9  7  0.0000000000000000E+00
  0  9  8  0.2825682676241125E+02
  0  9  9  0.5996626247819194E+02
  1  1  1  0.8566608925455991E+01
  1  2  1  0.5417999205673706E+01
  1  2  2  0.1541989606582078E+02
  1  3  1  0.0000000000000000E+00
  1  3  2  0.9066046718361125E+01
  1  3  3  0.2227318320618558E+02
  1  4  1  0.0000000000000000E+00
  1  4  2  0.0000000000000000E+00
  1  4  3  0.1259029241600356E+02
  1  4  4  0.2912647034655037E+02
  1  5  1  0.0000000000000000E+00
  1  5  2  0.0000000000000000E+00
  1  5  3  0.0000000000000000E+00
  1  5  4  0.1607238300488114E+02
  1  5  5  0.3597975748691516E+02
  1  6  1  0.0000000000000000E+00
  1  6  2  0.0000000000000000E+00
  1  6  3  0.0000000000000000E+00
  1  6  4  0.0000000000000000E+00
  1  6  5  0.1953487394647971E+02
  1  6  6  0.4283304462727996E+02
  1  7  1  0.0000000000000000E+00
  1  7  2  0.0000000000000000E+00
  1  7  3  0.0000000000000000E+00
  1  7  4  0.0000000000000000E+00
  1  7  5  0.0000000000000000E+00
  1  7  6  0.2298662387277123E+02
  1  7  7  0.4968633176764475E+02
  1  8  1  0.0000000000000000E+00
  1  8  2  0.0000000000000000E+00
  1  8  3  0.0000000000000000E+00
  1  8  4  0.0000000000000000E+00
  1  8  5  0.0000000000000000E+00
  1  8  6  0.0000000000000000E+00
  1  8  7  0.2643184114559191E+02
  1  8  8  0.5653961890800955E+02
  2  1  1  0.1199325249563839E+02
  2  2  1  0.6410663113107197E+01
  2  2  2  0.1884653963600318E+02
  2  3  1  0.0000000000000000E+00
  2  3  2  0.1027993071054719E+02
  2  3  3  0.2569982677636797E+02
  2  4  1  0.0000000000000000E+00
  2  4  2  0.0000000000000000E+00
  2  4  3  0.1391909198158034E+02
  2  4  4  0.3255311391673277E+02
  2  5  1  0.0000000000000000E+00
  2  5  2  0.0000000000000000E+00
  2  5  3  0.0000000000000000E+00
  2  5  4  0.1747252243048728E+02
  2  5  5  0.3940640105709756E+02
  2  6  1  0.0000000000000000E+00
  2  6  2  0.0000000000000000E+00
  2  6  3  0.0000000000000000E+00
  2  6  4  0.0000000000000000E+00
  2  6  5  0.2098382069333928E+02
  2  6  6  0.4625968819746236E+02
  2  7  1  0.0000000000000000E+00
  2  7  2  0.0000000000000000E+00
  2  7  3  0.0000000000000000E+00
  2  7  4  0.0000000000000000E+00
  2  7  5  0.0000000000000000E+00
  2  7  6  0.2447112980658413E+02
  2  7  7  0.5311297533782714E+02
  2  8  1  0.0000000000000000E+00
  2  8  2  0.0000000000000000E+00
  2  8  3  0.0000000000000000E+00
  2  8  4  0.0000000000000000E+00
  2  8  5  0.0000000000000000E+00
  2  8  6  0.0000000000000000E+00
  2  8  7  0.2794343267111813E+02
  2  8  8  0.5996626247819194E+02
  3  1  1  0.1541989606582078E+02
  3  2  1  0.7269008715555762E+01
  3  2  2  0.2227318320618558E+02
  3  3  1  0.0000000000000000E+00
  3  3  2  0.1136489101257887E+02
  3  3  3  0.2912647034655037E+02
  3  4  1  0.0000000000000000E+00
  3  4  2  0.0000000000000000E+00
  3  4  3  0.1513164829299541E+02
  3  4  4  0.3597975748691516E+02
  3  5  1  0.0000000000000000E+00
  3  5  2  0.0000000000000000E+00
  3  5  3  0.0000000000000000E+00
  3  5  4  0.1876849979918935E+02
  3  5  5  0.4283304462727996E+02
  3  6  1  0.0000000000000000E+00
  3  6  2  0.0000000000000000E+00
  3  6  3  0.0000000000000000E+00
  3  6  4  0.0000000000000000E+00
  3  6  5  0.2233898300450527E+02
  3  6  6  0.4968633176764475E+02
  3  7  1  0.0000000000000000E+00
  3  7  2  0.0000000000000000E+00
  3  7  3  0.0000000000000000E+00
  3  7  4  0.0000000000000000E+00
  3  7  5  0.0000000000000000E+00
  3  7  6  0.2587059162356216E+02
  3  7  7  0.5653961890800955E+02
  4  1  1  0.1884653963600318E+02
  4  2  1  0.8036191502440568E+01
  4  2  2  0.2569982677636797E+02
  4  3  1  0.0000000000000000E+00
  4  3  2  0.1235493909503162E+02
  4  3  3  0.3255311391673277E+02
  4  4  1  0.0000000000000000E+00
  4  4  2  0.0000000000000000E+00
  4  4  3  0.1625399761702112E+02
  4  4  4  0.3940640105709756E+02
  4  5  1  0.0000000000000000E+00
  4  5  2  0.0000000000000000E+00
  4  5  3  0.0000000000000000E+00
  4  5  4  0.1998059381851451E+02
  4  5  5  0.4625968819746236E+02
  4  6  1  0.0000000000000000E+00
  4  6  2  0.0000000000000000E+00
  4  6  3  0.0000000000000000E+00
  4  6  4  0.0000000000000000E+00
  4  6  5  0.2361651101371532E+02
  4  6  6  0.5311297533782714E+02
  4  7  1  0.0000000000000000E+00
  4  7  2  0.0000000000000000E+00
  4  7  3  0.0000000000000000E+00
  4  7  4  0.0000000000000000E+00
  4  7  5  0.0000000000000000E+00
  4  7  6  0.2719814015508338E+02
  4  7  7  0.5996626247819194E+02
  5  1  1  0.2227318320618558E+02
  5  2  1  0.8736261215243642E+01
  5  2  2  0.2912647034655037E+02
  5  3  1  0.0000000000000000E+00
  5  3  2  0.1327133348070515E+02
  5  3  3  0.3597975748691516E+02
  5  4  1  0.0000000000000000E+00
  5  4  2  0.0000000000000000E+00
  5  4  3  0.1730370182953189E+02
  5  4  4  0.4283304462727996E+02
  5  5  1  0.0000000000000000E+00
  5  5  2  0.0000000000000000E+00
  5  5  3  0.0000000000000000E+00
  5  5  4  0.2112324960721597E+02
  5  5  5  0.4968633176764475E+02
  5  6  1  0.0000000000000000E+00
  5  6  2  0.0000000000000000E+00
  5  6  3  0.0000000000000000E+00
  5  6  4  0.0000000000000000E+00
  5  6  5  0.2482839147521037E+02
  5  6  6  0.5653961890800955E+02
  6  1  1  0.2569982677636797E+02
  6  2  1  0.9384249899594677E+01
  6  2  2  0.3255311391673277E+02
  6  3  1  0.0000000000000000E+00
  6  3  2  0.1412841338120563E+02
  6  3  3  0.3940640105709756E+02
  6  4  1  0.0000000000000000E+00
  6  4  2  0.0000000000000000E+00
  6  4  3  0.1829327077032869E+02
  6  4  4  0.4625968819746236E+02
  6  5  1  0.0000000000000000E+00
  6  5  2  0.0000000000000000E+00
  6  5  3  0.0000000000000000E+00
  6  5  4  0.2220718844421867E+02
  6  5  5  0.5311297533782714E+02
  6  6  1  0.0000000000000000E+00
  6  6  2  0.0000000000000000E+00
  6  6  3  0.0000000000000000E+00
  6  6  4  0.0000000000000000E+00
  6  6  5  0.2598381138385323E+02
  6  6  6  0.5996626247819194E+02
  7  1  1  0.2912647034655037E+02
  7  2  1  0.9990296909257257E+01
  7  2  2  0.3597975748691516E+02
  7  3  1  0.0000000000000000E+00
  7  3  2  0.1493639303795849E+02
  7  3  3  0.4283304462727996E+02
  7  4  1  0.0000000000000000E+00
  7  4  2  0.0000000000000000E+00
  7  4  3  0.1923198933932159E+02
  7  4  4  0.4968633176764475E+02
  7  5  1  0.0000000000000000E+00
  7  5  2  0.0000000000000000E+00
  7  5  3  0.0000000000000000E+00
  7  5  4  0.2324062742753149E+02
  7  5  5  0.5653961890800955E+02
  8  1  1  0.3255311391673277E+02
  8  2  1  0.1056162480360799E+02
  8  2  2  0.3940640105709756E+02
  8  3  1  0.0000000000000000E+00
  8  3  2  0.1570285353999456E+02
  8  3  3  0.4625968819746236E+02
  8  4  1  0.0000000000000000E+00
  8  4  2  0.0000000000000000E+00
  8  4  3  0.2012697375213165E+02
  8  4  4  0.5311297533782714E+02
  8  5  1  0.0000000000000000E+00
  8  5  2  0.0000000000000000E+00
  8  5  3  0.0000000000000000E+00
  8  5  4  0.2423002905185254E+02
  8  5  5  0.5996626247819194E+02
  9  1  1  0.3597975748691516E+02
  9  2  1  0.1110359422210933E+02
  9  2  2  0.4283304462727996E+02
  9  3  1  0.0000000000000000E+00
  9  3  2  0.1643360525303758E+02
  9  3  3  0.4968633176764475E+02
  9  4  1  0.0000000000000000E+00
  9  4  2  0.0000000000000000E+00
  9  4  3  0.2098382069333928E+02
  9  4  4  0.5653961890800955E+02
 10  1  1  0.3940640105709756E+02
 10  2  1  0.1162031371376574E+02
 10  2  2  0.4625968819746236E+02
 10  3  1  0.0000000000000000E+00
 10  3  2  0.1713321785091199E+02
 10  3  3  0.5311297533782714E+02
 10  4  1  0.0000000000000000E+00
 10  4  2  0.0000000000000000E+00
 10  4  3  0.2180702614666729E+02
 10  4  4  0.5996626247819194E+02
 11  1  1  0.4283304462727996E+02
 11  2  1  0.1211501452592627E+02
 11  2  2  0.4968633176764475E+02
 11  3  1  0.0000000000000000E+00
 11  3  2  0.1780536228895536E+02
 11  3  3  0.5653961890800955E+02
 12  1  1  0.4625968819746236E+02
 12  2  1  0.1259029241600356E+02
 12  2  2  0.5311297533782714E+02
 12  3  1  0.0000000000000000E+00
 12  3  2  0.1845304036073998E+02
 12  3  3  0.5996626247819194E+02
 13  1  1  0.4968633176764475E+02
 13  2  1  0.1304826997258829E+02
 13  2  2  0.5653961890800955E+02
 14  1  1  0.5311297533782714E+02
 14  2  1  0.1349070922652407E+02
 14  2  2  0.5996626247819194E+02
 15  1  1  0.5653961890800955E+02
 16  1  1  0.5996626247819194E+02
