#        q                pp                pn                nn        

     0.001185        1.814460e+08      3.000308e+08      4.961118e+08   
     0.006239        5.724856e+07      8.649378e+07      1.306795e+08   
     0.015318        2.661949e+07      3.903735e+07      5.724856e+07   
     0.028399        1.574788e+07      2.246508e+07      3.204783e+07   
     0.045447        1.028286e+07      1.407951e+07      1.927825e+07   
     0.066417        7.032847e+06      9.478010e+06      1.277355e+07   
     0.091251        5.095480e+06      6.718494e+06      8.858678e+06   
     0.119882        3.954222e+06      5.069276e+06      6.498947e+06   
     0.152235        3.034426e+06      3.771610e+06      4.688045e+06   
     0.188220        2.300290e+06      2.887553e+06      3.624882e+06   
     0.227742        1.898392e+06      2.293398e+06      2.770718e+06   
     0.270694        1.556795e+06      1.892328e+06      2.300289e+06   
     0.316959        1.268033e+06      1.551482e+06      1.898392e+06   
     0.366414        1.025356e+06      1.263399e+06      1.556795e+06   
     0.418925        9.193732e+05      1.079685e+06      1.268033e+06   
     0.474351        7.346159e+05      8.678643e+05      1.025355e+06   
     0.532541        6.545505e+05      7.337861e+05      8.226806e+05   
     0.593339        5.160844e+05      6.157051e+05      7.346152e+05   
     0.656582        4.029392e+05      4.841967e+05      5.818925e+05   
     0.722098        3.546409e+05      4.277939e+05      5.160838e+05   
     0.789711        2.724059e+05      3.312880e+05      4.029385e+05   
     0.859239        2.376749e+05      2.903108e+05      3.546402e+05   
     0.930495        1.791916e+05      2.209235e+05      2.724052e+05   
     1.003286        1.332261e+05      1.659409e+05      2.067147e+05   
     1.077416        8.293212e+04      1.132945e+05      1.547916e+05   
     1.152685        4.956549e+04      7.523921e+04      1.142239e+05   
     1.228890        1.878621e+04      3.631348e+04      7.019676e+04   
     1.305826        2.110607e+02      2.957889e+03      4.132240e+04   
     1.383286        9.419494e-03      2.174028e-02      6.065774e+00   
     1.461060        1.005567e-02      2.396907e-02      1.396365e-02   
     1.538940        1.088764e-02      2.667737e-02      1.510882e-02   
     1.616714        1.193970e-02      2.991597e-02      1.655959e-02   
     1.694174        1.323283e-02      3.371511e-02      1.834858e-02   
     1.771110        1.478596e-02      3.809460e-02      2.050322e-02   
     1.847315        1.661399e-02      4.305986e-02      2.304527e-02   
     1.922584        1.872763e-02      4.860045e-02      2.599014e-02   
     1.996714        2.113128e-02      5.469196e-02      2.934459e-02   
     2.069505        2.382231e-02      6.129269e-02      3.310542e-02   
     2.140761        2.679025e-02      6.834968e-02      3.725837e-02   
     2.210289        3.001655e-02      7.579422e-02      4.177785e-02   
     2.277902        3.347462e-02      8.355154e-02      4.662682e-02   
     2.343418        3.713075e-02      9.153555e-02      5.175805e-02   
     2.406661        4.094469e-02      9.965593e-02      5.711504e-02   
     2.467459        4.487119e-02      1.078209e-01      6.263406e-02   
     2.525649        4.886156e-02      1.159378e-01      6.824645e-02   
     2.581075        5.286522e-02      1.239165e-01      7.388067e-02   
     2.633586        5.683102e-02      1.316717e-01      7.946440e-02   
     2.683041        6.070898e-02      1.391235e-01      8.492682e-02   
     2.729306        6.445129e-02      1.462024e-01      9.020011e-02   
     2.772258        6.801309e-02      1.528437e-01      9.522063e-02   
     2.811780        7.135385e-02      1.589937e-01      9.993083e-02   
     2.847765        7.443748e-02      1.646058e-01      1.042794e-01   
     2.880118        7.723240e-02      1.696435e-01      1.082214e-01   
     2.908749        7.971179e-02      1.740747e-01      1.117188e-01   
     2.933583        8.185374e-02      1.778775e-01      1.147402e-01   
     2.954553        8.364043e-02      1.810334e-01      1.172605e-01   
     2.971601        8.505847e-02      1.835329e-01      1.192603e-01   
     2.984682        8.609813e-02      1.853655e-01      1.207261e-01   
     2.993761        8.675314e-02      1.865286e-01      1.216486e-01   
     2.998815        8.701933e-02      1.870141e-01      1.220220e-01   
     3.004739        8.807966e-02      1.887723e-01      1.235250e-01   
     3.024957        9.093183e-02      1.935362e-01      1.275633e-01   
     3.061273        9.544782e-02      2.010580e-01      1.339533e-01   
     3.113597        1.017071e-01      2.113602e-01      1.428088e-01   
     3.181789        1.097746e-01      2.243985e-01      1.542238e-01   
     3.265666        1.196663e-01      2.400189e-01      1.682232e-01   
     3.365002        1.313024e-01      2.578925e-01      1.846966e-01   
     3.479529        1.444494e-01      2.774456e-01      2.033158e-01   
     3.608938        1.586592e-01      2.977959e-01      2.234485e-01   
     3.752880        1.732157e-01      3.177062e-01      2.440838e-01   
     3.910968        1.871116e-01      3.355871e-01      2.637980e-01   
     4.082775        1.990719e-01      3.495631e-01      2.807902e-01   
     4.267838        2.076491e-01      3.576310e-01      2.930165e-01   
     4.465657        2.113965e-01      3.579061e-01      2.984348e-01   
     4.675701        2.091099e-01      3.489456e-01      2.953447e-01   
     4.897402        2.000996e-01      3.300919e-01      2.827699e-01   
     5.130163        1.844278e-01      3.017531e-01      2.607899e-01   
     5.373356        1.630276e-01      2.655220e-01      2.307081e-01   
     5.626327        1.376375e-01      2.240505e-01      1.949612e-01   
     5.888392        1.105326e-01      1.806616e-01      1.567449e-01   
     6.158845        8.410119e-02      1.387692e-01      1.194225e-01   
     6.436958        6.038949e-02      1.012636e-01      8.588633e-02   
     6.721980        4.075428e-02      7.004724e-02      5.806612e-02   
     7.013143        2.572541e-02      4.585410e-02      3.673068e-02   
     7.309662        1.509362e-02      2.837314e-02      2.160481e-02   
     7.610739        8.153797e-03      1.658467e-02      1.170767e-02   
     7.915560        3.991974e-03      9.159688e-03      5.755724e-03   
     8.223305        1.720419e-03      4.791253e-03      2.495826e-03   
     8.533144        6.147111e-04      2.392878e-03      9.013376e-04   
     8.844241        1.570636e-04      1.166935e-03      2.359559e-04   
     9.155759        1.762244e-05      5.849161e-04      2.907601e-05   
     9.466856        8.681747e-06      3.273752e-04      1.192316e-05   
     9.776695        3.634926e-05      2.178162e-04      4.939851e-05   
    10.084440        6.156599e-05      1.678057e-04      8.481375e-05   
    10.389261        7.338018e-05      1.380969e-04      1.018544e-04   
    10.690338        7.286141e-05      1.141247e-04      1.016086e-04   
    10.986857        6.462315e-05      9.212261e-05      9.041125e-05   
    11.278020        5.307533e-05      7.210229e-05      7.443508e-05   
    11.563042        4.124310e-05      5.479581e-05      5.795320e-05   
    11.841155        3.075680e-05      4.062452e-05      4.328914e-05   
    12.111608        2.223702e-05      2.954828e-05      3.134338e-05   
    12.373673        1.570765e-05      2.120920e-05      2.216993e-05   
    12.626644        1.090738e-05      1.511115e-05      1.541463e-05   
    12.869837        7.484028e-06      1.074861e-05      1.059010e-05   
    13.102598        5.096712e-06      7.676299e-06      7.221229e-06   
    13.324299        3.458707e-06      5.534922e-06      4.906876e-06   
    13.534343        2.347483e-06      4.050776e-06      3.334930e-06   
    13.732162        1.599110e-06      3.023543e-06      2.275018e-06   
    13.917225        1.097057e-06      2.310870e-06      1.563119e-06   
    14.089032        7.605708e-07      1.813717e-06      1.085418e-06   
    14.247120        5.347219e-07      1.464124e-06      7.643977e-07   
    14.391062        3.826262e-07      1.215875e-06      5.479437e-07   
    14.520471        2.797310e-07      1.037749e-06      4.013244e-07   
    14.634998        2.097822e-07      9.087421e-07      3.015246e-07   
    14.734334        1.620543e-07      8.147535e-07      2.333426e-07   
    14.818211        1.294797e-07      7.463193e-07      1.867521e-07   
    14.886403        1.074079e-07      6.970836e-07      1.551492e-07   
    14.938727        9.280093e-08      6.627854e-07      1.342157e-07   
    14.975043        8.372193e-08      6.406128e-07      1.211956e-07   
    14.995261        7.900968e-08      6.288116e-07      1.144348e-07   