#        q                pp                pn                nn        

     0.001185        1.814406e+08      1.576738e+08      1.371005e+08   
     0.006239        4.313208e+07      3.829870e+07      3.404800e+07   
     0.015318        1.803327e+07      1.626467e+07      1.469692e+07   
     0.028399        8.857545e+06      8.194759e+06      7.601759e+06   
     0.045447        5.094626e+06      4.878129e+06      4.687226e+06   
     0.066417        3.318040e+06      3.165874e+06      3.033772e+06   
     0.091251        2.090769e+06      1.986610e+06      1.897880e+06   
     0.119882        1.556335e+06      1.474564e+06      1.405812e+06   
     0.152235        1.024988e+06      1.021092e+06      1.024988e+06   
     0.188220        7.343096e+05      7.310565e+05      7.343097e+05   
     0.227742        5.816254e+05      5.450714e+05      5.158333e+05   
     0.270694        4.563664e+05      4.263926e+05      4.027222e+05   
     0.316959        3.544418e+05      3.300703e+05      3.110809e+05   
     0.366414        2.722367e+05      2.526021e+05      2.375179e+05   
     0.418925        2.065731e+05      2.050472e+05      2.065732e+05   
     0.474351        1.546739e+05      1.534056e+05      1.546740e+05   
     0.532541        1.331207e+05      1.222233e+05      1.141274e+05   
     0.593339        9.745076e+04      9.653620e+04      9.745085e+04   
     0.656582        8.285646e+04      7.549899e+04      7.012792e+04   
     0.722098        5.907468e+04      5.844369e+04      5.907473e+04   
     0.789711        4.127514e+04      4.078421e+04      4.127517e+04   
     0.859239        3.421444e+04      3.380055e+04      3.421445e+04   
     0.930495        2.307554e+04      2.276470e+04      2.307553e+04   
     1.003286        1.513789e+04      1.491106e+04      1.513786e+04   
     1.077416        9.619068e+03      9.460210e+03      9.619012e+03   
     1.152685        5.889713e+03      5.785551e+03      5.889644e+03   
     1.228890        1.920431e+03      1.881916e+03      1.920357e+03   
     1.305826        2.057643e+02      2.728060e+02      3.254651e+02   
     1.383286        4.306684e+00      4.384675e+01      4.244406e+00   
     1.461060        3.630218e+00      4.914797e+01      3.580784e+00   
     1.538940        2.773358e+00      5.282416e+01      2.737980e+00   
     1.616714        1.879789e+00      5.463369e+01      1.857248e+00   
     1.694174        1.086970e+00      5.460239e+01      1.074491e+00   
     1.771110        4.923384e-01      5.297520e+01      4.866619e-01   
     1.847315        1.367820e-01      5.013451e+01      1.350353e-01   
     1.922584        8.020859e-03      4.651088e+01      8.163998e-03   
     1.996714        5.810324e-02      4.250794e+01      5.895342e-02   
     2.069505        2.252085e-01      3.845383e+01      2.262112e-01   
     2.140761        4.513462e-01      3.458102e+01      4.522911e-01   
     2.210289        6.920840e-01      3.102909e+01      6.928921e-01   
     2.277902        9.188346e-01      2.786158e+01      9.194525e-01   
     2.343418        1.116529e+00      2.508828e+01      1.116900e+00   
     2.406661        1.279607e+00      2.268638e+01      1.279680e+00   
     2.467459        1.408244e+00      2.061719e+01      1.407987e+00   
     2.525649        1.505576e+00      1.883740e+01      1.504977e+00   
     2.581075        1.575955e+00      1.730555e+01      1.575026e+00   
     2.633586        1.623989e+00      1.598503e+01      1.622759e+00   
     2.683041        1.654057e+00      1.484490e+01      1.652561e+00   
     2.729306        1.670096e+00      1.385966e+01      1.668374e+00   
     2.772258        1.675529e+00      1.300854e+01      1.673619e+00   
     2.811780        1.673266e+00      1.227462e+01      1.671202e+00   
     2.847765        1.665732e+00      1.164415e+01      1.663545e+00   
     2.880118        1.654923e+00      1.110592e+01      1.652639e+00   
     2.908749        1.642454e+00      1.065077e+01      1.640095e+00   
     2.933583        1.629616e+00      1.027125e+01      1.627199e+00   
     2.954553        1.617423e+00      9.961336e+00      1.614963e+00   
     2.971601        1.606659e+00      9.716224e+00      1.604168e+00   
     2.984682        1.597912e+00      9.532191e+00      1.595399e+00   
     2.993761        1.591603e+00      9.406479e+00      1.589075e+00   
     2.998815        1.588009e+00      9.337197e+00      1.585474e+00   
     3.004739        1.583724e+00      9.256633e+00      1.581180e+00   
     3.024957        1.568532e+00      8.986747e+00      1.565962e+00   
     3.061273        1.539207e+00      8.520980e+00      1.536600e+00   
     3.113597        1.492981e+00      7.890413e+00      1.490341e+00   
     3.181789        1.427162e+00      7.134810e+00      1.424513e+00   
     3.265666        1.340166e+00      6.298256e+00      1.337549e+00   
     3.365002        1.232356e+00      5.425147e+00      1.229826e+00   
     3.479529        1.106460e+00      4.556825e+00      1.104078e+00   
     3.608938        9.674436e-01      3.728981e+00      9.652691e-01   
     3.752880        8.218808e-01      2.969814e+00      8.199612e-01   
     3.910968        6.769999e-01      2.298979e+00      6.753653e-01   
     4.082775        5.396563e-01      1.727339e+00      5.383167e-01   
     4.267838        4.154628e-01      1.257551e+00      4.144086e-01   
     4.465657        3.082356e-01      8.853402e-01      3.074410e-01   
     4.675701        2.198092e-01      6.012755e-01      2.192372e-01   
     4.897402        1.501821e-01      3.927232e-01      1.497904e-01   
     5.130163        9.789684e-02      2.457122e-01      9.764306e-02   
     5.373356        6.053575e-02      1.464814e-01      6.038135e-02   
     5.626327        3.522295e-02      8.259011e-02      3.513573e-02   
     5.888392        1.905246e-02      4.356476e-02      1.900755e-02   
     6.158845        9.396779e-03      2.113645e-02      9.376378e-03   
     6.436958        4.084427e-03      9.164780e-03      4.076794e-03   
     6.721980        1.460449e-03      3.361794e-03      1.458523e-03   
     7.013143        3.596442e-04      9.203150e-04      3.596350e-04   
     7.309662        2.718807e-05      1.291047e-04      2.737208e-05   
     7.610739        1.833399e-05      2.910074e-05      1.814328e-05   
     7.915560        1.007261e-04      1.382315e-04      1.001402e-04   
     8.223305        1.731642e-04      2.510355e-04      1.723527e-04   
     8.533144        2.060228e-04      3.054978e-04      2.051664e-04   
     8.844241        2.024237e-04      3.027283e-04      2.016478e-04   
     9.155759        1.760047e-04      2.637918e-04      1.753705e-04   
     9.466856        1.401785e-04      2.099378e-04      1.396986e-04   
     9.776695        1.043123e-04      1.559117e-04      1.039711e-04   
    10.084440        7.343448e-05      1.095077e-04      7.320421e-05   
    10.389261        4.931509e-05      7.339043e-05      4.916668e-05   
    10.690338        3.177180e-05      4.721747e-05      3.168008e-05   
    10.986857        1.971291e-05      2.928539e-05      1.965844e-05   
    11.278020        1.180674e-05      1.755845e-05      1.177563e-05   
    11.563042        6.833018e-06      1.019356e-05      6.815967e-06   
    11.841155        3.819302e-06      5.734019e-06      3.810368e-06   
    12.111608        2.056919e-06      3.124895e-06      2.052483e-06   
    12.373673        1.062026e-06      1.649337e-06      1.059974e-06   
    12.626644        5.208760e-07      8.439049e-07      5.200217e-07   
    12.869837        2.386843e-07      4.213925e-07      2.383907e-07   
    13.102598        9.906680e-08      2.102105e-07      9.900753e-08   
    13.324299        3.490274e-08      1.112714e-07      3.492135e-08   
    13.534343        8.825543e-09      6.929663e-08      8.853872e-09   
    13.732162        7.930138e-10      5.453507e-08      8.061592e-10   
    13.917225        5.024139e-10      5.162783e-08      4.951031e-10   
    14.089032        2.939211e-09      5.306802e-08      2.913918e-09   
    14.247120        5.850529e-09      5.545805e-08      5.811895e-09   
    14.391062        8.358288e-09      5.744990e-08      8.310822e-09   
    14.520471        1.022645e-08      5.866616e-08      1.017376e-08   
    14.634998        1.148972e-08      5.915129e-08      1.143440e-08   
    14.734334        1.227451e-08      5.909835e-08      1.221825e-08   
    14.818211        1.271886e-08      5.872148e-08      1.266265e-08   
    14.886403        1.294151e-08      5.820528e-08      1.288585e-08   
    14.938727        1.303378e-08      5.769033e-08      1.297881e-08   
    14.975043        1.305428e-08      5.727113e-08      1.300017e-08   
    14.995261        1.305686e-08      5.704003e-08      1.300311e-08   