#        q              total               1              \delta U         \delta U^2    

     0.001185        8.928487e+08      8.928625e+08     -1.870643e+04      4.923373e+03   
     0.006239        4.772656e+08      4.772754e+08     -1.086491e+04      1.095658e+03   
     0.015318        1.595200e+08      1.595253e+08     -5.844192e+03      4.759713e+02   
     0.028399        4.313228e+07      4.313492e+07     -2.931120e+03      2.836857e+02   
     0.045447        3.204584e+07      3.204809e+07     -2.476479e+03      2.209473e+02   
     0.066417        2.344320e+07      2.344510e+07     -2.093124e+03      2.002410e+02   
     0.091251        1.803346e+07      1.803509e+07     -1.819119e+03      1.914526e+02   
     0.119882        1.370662e+07      1.370800e+07     -1.570612e+03      1.858351e+02   
     0.152235        1.106245e+07      1.106366e+07     -1.393785e+03      1.803028e+02   
     0.188220        8.857761e+06      8.858815e+06     -1.227132e+03      1.736832e+02   
     0.227742        7.601988e+06      7.602935e+06     -1.112909e+03      1.654663e+02   
     0.270694        6.498218e+06      6.499064e+06     -1.001200e+03      1.554200e+02   
     0.316959        5.531364e+06      5.532113e+06     -8.924928e+02      1.435025e+02   
     0.366414        4.687487e+06      4.688144e+06     -7.875358e+02      1.298550e+02   
     0.418925        3.953741e+06      3.954313e+06     -6.872799e+02      1.148252e+02   
     0.474351        3.624449e+06      3.624970e+06     -6.195481e+02      9.897833e+01   
     0.532541        3.034060e+06      3.034506e+06     -5.287423e+02      8.309208e+01   
     0.593339        2.770396e+06      2.770795e+06     -4.671590e+02      6.812098e+01   
     0.656582        2.300024e+06      2.300359e+06     -3.906963e+02      5.511460e+01   
     0.722098        1.898177e+06      1.898456e+06     -3.242619e+02      4.508808e+01   
     0.789711        1.720358e+06      1.720601e+06     -2.818524e+02      3.883682e+01   
     0.859239        1.406106e+06      1.406303e+06     -2.337361e+02      3.674212e+01   
     0.930495        1.141222e+06      1.141379e+06     -1.951641e+02      3.857871e+01   
     1.003286        9.192969e+05      9.194182e+05     -1.648088e+02      4.342257e+01   
     1.077416        6.545056e+05      6.545890e+05     -1.331034e+02      4.970382e+01   
     1.152685        5.160595e+05      5.161189e+05     -1.149105e+02      5.546587e+01   
     1.228890        2.698178e+05      2.698406e+05     -8.168833e+01      5.880117e+01   
     1.305826        5.835510e+01      0.000000e+00      0.000000e+00      5.835510e+01   
     1.383286        5.371734e+01      0.000000e+00      0.000000e+00      5.371734e+01   
     1.461060        4.553978e+01      0.000000e+00      0.000000e+00      4.553978e+01   
     1.538940        3.529084e+01      0.000000e+00      0.000000e+00      3.529084e+01   
     1.616714        2.475086e+01      0.000000e+00      0.000000e+00      2.475086e+01   
     1.694174        1.546159e+01      0.000000e+00      0.000000e+00      1.546159e+01   
     1.771110        8.354377e+00      0.000000e+00      0.000000e+00      8.354377e+00   
     1.847315        3.668320e+00      0.000000e+00      0.000000e+00      3.668320e+00   
     1.922584        1.113970e+00      0.000000e+00      0.000000e+00      1.113970e+00   
     1.996714        1.414197e-01      0.000000e+00      0.000000e+00      1.414197e-01   
     2.069505        1.752899e-01      0.000000e+00      0.000000e+00      1.752899e-01   
     2.140761        7.490410e-01      0.000000e+00      0.000000e+00      7.490410e-01   
     2.210289        1.543086e+00      0.000000e+00      0.000000e+00      1.543086e+00   
     2.277902        2.366071e+00      0.000000e+00      0.000000e+00      2.366071e+00   
     2.343418        3.117525e+00      0.000000e+00      0.000000e+00      3.117525e+00   
     2.406661        3.753593e+00      0.000000e+00      0.000000e+00      3.753593e+00   
     2.467459        4.262708e+00      0.000000e+00      0.000000e+00      4.262708e+00   
     2.525649        4.650410e+00      0.000000e+00      0.000000e+00      4.650410e+00   
     2.581075        4.930459e+00      0.000000e+00      0.000000e+00      4.930459e+00   
     2.633586        5.119787e+00      0.000000e+00      0.000000e+00      5.119787e+00   
     2.683041        5.235679e+00      0.000000e+00      0.000000e+00      5.235679e+00   
     2.729306        5.294275e+00      0.000000e+00      0.000000e+00      5.294275e+00   
     2.772258        5.309865e+00      0.000000e+00      0.000000e+00      5.309865e+00   
     2.811780        5.294648e+00      0.000000e+00      0.000000e+00      5.294648e+00   
     2.847765        5.258764e+00      0.000000e+00      0.000000e+00      5.258764e+00   
     2.880118        5.210466e+00      0.000000e+00      0.000000e+00      5.210466e+00   
     2.908749        5.156347e+00      0.000000e+00      0.000000e+00      5.156347e+00   
     2.933583        5.101593e+00      0.000000e+00      0.000000e+00      5.101593e+00   
     2.954553        5.050212e+00      0.000000e+00      0.000000e+00      5.050212e+00   
     2.971601        5.005241e+00      0.000000e+00      0.000000e+00      5.005241e+00   
     2.984682        4.968922e+00      0.000000e+00      0.000000e+00      4.968922e+00   
     2.993761        4.942840e+00      0.000000e+00      0.000000e+00      4.942840e+00   
     2.998815        4.928022e+00      0.000000e+00      0.000000e+00      4.928022e+00   
     3.004739        4.910390e+00      0.000000e+00      0.000000e+00      4.910390e+00   
     3.024957        4.848172e+00      0.000000e+00      0.000000e+00      4.848172e+00   
     3.061273        4.729222e+00      0.000000e+00      0.000000e+00      4.729222e+00   
     3.113597        4.544354e+00      0.000000e+00      0.000000e+00      4.544354e+00   
     3.181789        4.285891e+00      0.000000e+00      0.000000e+00      4.285891e+00   
     3.265666        3.951833e+00      0.000000e+00      0.000000e+00      3.951833e+00   
     3.365002        3.548877e+00      0.000000e+00      0.000000e+00      3.548877e+00   
     3.479529        3.093234e+00      0.000000e+00      0.000000e+00      3.093234e+00   
     3.608938        2.608889e+00      0.000000e+00      0.000000e+00      2.608889e+00   
     3.752880        2.123783e+00      0.000000e+00      0.000000e+00      2.123783e+00   
     3.910968        1.665094e+00      0.000000e+00      0.000000e+00      1.665094e+00   
     4.082775        1.254954e+00      0.000000e+00      0.000000e+00      1.254954e+00   
     4.267838        9.076651e-01      0.000000e+00      0.000000e+00      9.076651e-01   
     4.465657        6.288877e-01      0.000000e+00      0.000000e+00      6.288877e-01   
     4.675701        4.165975e-01      0.000000e+00      0.000000e+00      4.165975e-01   
     4.897402        2.632095e-01      0.000000e+00      0.000000e+00      2.632095e-01   
     5.130163        1.580986e-01      0.000000e+00      0.000000e+00      1.580986e-01   
     5.373356        8.987535e-02      0.000000e+00      0.000000e+00      8.987535e-02   
     5.626327        4.803956e-02      0.000000e+00      0.000000e+00      4.803956e-02   
     5.888392        2.390625e-02      0.000000e+00      0.000000e+00      2.390625e-02   
     6.158845        1.090345e-02      0.000000e+00      0.000000e+00      1.090345e-02   
     6.436958        4.437521e-03      0.000000e+00      0.000000e+00      4.437521e-03   
     6.721980        1.531563e-03      0.000000e+00      0.000000e+00      1.531563e-03   
     7.013143        3.989829e-04      0.000000e+00      0.000000e+00      3.989829e-04   
     7.309662        5.335348e-05      0.000000e+00      0.000000e+00      5.335348e-05   
     7.610739        1.082467e-06      0.000000e+00      0.000000e+00      1.082467e-06   
     7.915560        2.534541e-05      0.000000e+00      0.000000e+00      2.534541e-05   
     8.223305        4.882810e-05      0.000000e+00      0.000000e+00      4.882810e-05   
     8.533144        5.505069e-05      0.000000e+00      0.000000e+00      5.505069e-05   
     8.844241        4.830636e-05      0.000000e+00      0.000000e+00      4.830636e-05   
     9.155759        3.627528e-05      0.000000e+00      0.000000e+00      3.627528e-05   
     9.466856        2.433038e-05      0.000000e+00      0.000000e+00      2.433038e-05   
     9.776695        1.490247e-05      0.000000e+00      0.000000e+00      1.490247e-05   
    10.084440        8.436077e-06      0.000000e+00      0.000000e+00      8.436077e-06   
    10.389261        4.438656e-06      0.000000e+00      0.000000e+00      4.438656e-06   
    10.690338        2.171840e-06      0.000000e+00      0.000000e+00      2.171840e-06   
    10.986857        9.832566e-07      0.000000e+00      0.000000e+00      9.832566e-07   
    11.278020        4.064434e-07      0.000000e+00      0.000000e+00      4.064434e-07   
    11.563042        1.491094e-07      0.000000e+00      0.000000e+00      1.491094e-07   
    11.841155        4.559476e-08      0.000000e+00      0.000000e+00      4.559476e-08   
    12.111608        9.827890e-09      0.000000e+00      0.000000e+00      9.827890e-09   
    12.373673        7.070301e-10      0.000000e+00      0.000000e+00      7.070301e-10   
    12.626644        3.459385e-10      0.000000e+00      0.000000e+00      3.459385e-10   
    12.869837        1.847005e-09      0.000000e+00      0.000000e+00      1.847005e-09   
    13.102598        3.038345e-09      0.000000e+00      0.000000e+00      3.038345e-09   
    13.324299        3.537921e-09      0.000000e+00      0.000000e+00      3.537921e-09   
    13.534343        3.506006e-09      0.000000e+00      0.000000e+00      3.506006e-09   
    13.732162        3.180735e-09      0.000000e+00      0.000000e+00      3.180735e-09   
    13.917225        2.742317e-09      0.000000e+00      0.000000e+00      2.742317e-09   
    14.089032        2.297591e-09      0.000000e+00      0.000000e+00      2.297591e-09   
    14.247120        1.898526e-09      0.000000e+00      0.000000e+00      1.898526e-09   
    14.391062        1.563645e-09      0.000000e+00      0.000000e+00      1.563645e-09   
    14.520471        1.293889e-09      0.000000e+00      0.000000e+00      1.293889e-09   
    14.634998        1.082431e-09      0.000000e+00      0.000000e+00      1.082431e-09   
    14.734334        9.200523e-10      0.000000e+00      0.000000e+00      9.200523e-10   
    14.818211        7.977790e-10      0.000000e+00      0.000000e+00      7.977790e-10   
    14.886403        7.079724e-10      0.000000e+00      0.000000e+00      7.079724e-10   
    14.938727        6.446431e-10      0.000000e+00      0.000000e+00      6.446431e-10   
    14.975043        6.034201e-10      0.000000e+00      0.000000e+00      6.034201e-10   
    14.995261        5.867123e-10      0.000000e+00      0.000000e+00      5.867123e-10   