#        q              total               1              \delta U         \delta U^2    

     0.001185        8.928511e+08      8.928625e+08     -1.221513e+04      8.555000e+02   
     0.006239        4.772672e+08      4.772754e+08     -8.531343e+03      3.179063e+02   
     0.015318        1.595207e+08      1.595253e+08     -4.866070e+03      2.303363e+02   
     0.028399        4.313262e+07      4.313492e+07     -2.510774e+03      2.024652e+02   
     0.045447        3.204614e+07      3.204809e+07     -2.151341e+03      1.924746e+02   
     0.066417        2.344346e+07      2.344510e+07     -1.829307e+03      1.880302e+02   
     0.091251        1.803368e+07      1.803509e+07     -1.592799e+03      1.847108e+02   
     0.119882        1.370681e+07      1.370800e+07     -1.374772e+03      1.810164e+02   
     0.152235        1.106262e+07      1.106366e+07     -1.217871e+03      1.762411e+02   
     0.188220        8.857916e+06      8.858815e+06     -1.069036e+03      1.699770e+02   
     0.227742        7.602132e+06      7.602935e+06     -9.653037e+02      1.619706e+02   
     0.270694        6.498353e+06      6.499064e+06     -8.632356e+02      1.520823e+02   
     0.316959        5.531490e+06      5.532113e+06     -7.634248e+02      1.403097e+02   
     0.366414        4.687605e+06      4.688144e+06     -6.667171e+02      1.268207e+02   
     0.418925        3.953851e+06      3.954313e+06     -5.741463e+02      1.119745e+02   
     0.474351        3.624557e+06      3.624970e+06     -5.088490e+02      9.635064e+01   
     0.532541        3.034162e+06      3.034506e+06     -4.250441e+02      8.074140e+01   
     0.593339        2.770496e+06      2.770795e+06     -3.655786e+02      6.611159e+01   
     0.656582        2.300117e+06      2.300359e+06     -2.957692e+02      5.352672e+01   
     0.722098        1.898264e+06      1.898456e+06     -2.358474e+02      4.401281e+01   
     0.789711        1.720444e+06      1.720601e+06     -1.956652e+02      3.837975e+01   
     0.859239        1.406186e+06      1.406303e+06     -1.541231e+02      3.701882e+01   
     0.930495        1.141297e+06      1.141379e+06     -1.221003e+02      3.971357e+01   
     1.003286        9.193655e+05      9.194182e+05     -9.824847e+01      4.553782e+01   
     1.077416        6.545656e+05      6.545890e+05     -7.632130e+01      5.290479e+01   
     1.152685        5.161146e+05      5.161189e+05     -6.412403e+01      5.981626e+01   
     1.228890        2.698601e+05      2.698406e+05     -4.480676e+01      6.429211e+01   
     1.305826        6.487499e+01      0.000000e+00      0.000000e+00      6.487499e+01   
     1.383286        6.103531e+01      0.000000e+00      0.000000e+00      6.103531e+01   
     1.461060        5.330825e+01      0.000000e+00      0.000000e+00      5.330825e+01   
     1.538940        4.307925e+01      0.000000e+00      0.000000e+00      4.307925e+01   
     1.616714        3.210504e+01      0.000000e+00      0.000000e+00      3.210504e+01   
     1.694174        2.197348e+01      0.000000e+00      0.000000e+00      2.197348e+01   
     1.771110        1.372140e+01      0.000000e+00      0.000000e+00      1.372140e+01   
     1.847315        7.725146e+00      0.000000e+00      0.000000e+00      7.725146e+00   
     1.922584        3.830537e+00      0.000000e+00      0.000000e+00      3.830537e+00   
     1.996714        1.594315e+00      0.000000e+00      0.000000e+00      1.594315e+00   
     2.069505        5.071580e-01      0.000000e+00      0.000000e+00      5.071580e-01   
     2.140761        1.304421e-01      0.000000e+00      0.000000e+00      1.304421e-01   
     2.210289        1.450884e-01      0.000000e+00      0.000000e+00      1.450884e-01   
     2.277902        3.449602e-01      0.000000e+00      0.000000e+00      3.449602e-01   
     2.343418        6.087772e-01      0.000000e+00      0.000000e+00      6.087772e-01   
     2.406661        8.712294e-01      0.000000e+00      0.000000e+00      8.712294e-01   
     2.467459        1.101025e+00      0.000000e+00      0.000000e+00      1.101025e+00   
     2.525649        1.286400e+00      0.000000e+00      0.000000e+00      1.286400e+00   
     2.581075        1.426212e+00      0.000000e+00      0.000000e+00      1.426212e+00   
     2.633586        1.524651e+00      0.000000e+00      0.000000e+00      1.524651e+00   
     2.683041        1.588179e+00      0.000000e+00      0.000000e+00      1.588179e+00   
     2.729306        1.623804e+00      0.000000e+00      0.000000e+00      1.623804e+00   
     2.772258        1.638176e+00      0.000000e+00      0.000000e+00      1.638176e+00   
     2.811780        1.637158e+00      0.000000e+00      0.000000e+00      1.637158e+00   
     2.847765        1.625685e+00      0.000000e+00      0.000000e+00      1.625685e+00   
     2.880118        1.607771e+00      0.000000e+00      0.000000e+00      1.607771e+00   
     2.908749        1.586600e+00      0.000000e+00      0.000000e+00      1.586600e+00   
     2.933583        1.564638e+00      0.000000e+00      0.000000e+00      1.564638e+00   
     2.954553        1.543761e+00      0.000000e+00      0.000000e+00      1.543761e+00   
     2.971601        1.525362e+00      0.000000e+00      0.000000e+00      1.525362e+00   
     2.984682        1.510448e+00      0.000000e+00      0.000000e+00      1.510448e+00   
     2.993761        1.499717e+00      0.000000e+00      0.000000e+00      1.499717e+00   
     2.998815        1.493615e+00      0.000000e+00      0.000000e+00      1.493615e+00   
     3.004739        1.486350e+00      0.000000e+00      0.000000e+00      1.486350e+00   
     3.024957        1.460694e+00      0.000000e+00      0.000000e+00      1.460694e+00   
     3.061273        1.411658e+00      0.000000e+00      0.000000e+00      1.411658e+00   
     3.113597        1.335787e+00      0.000000e+00      0.000000e+00      1.335787e+00   
     3.181789        1.230945e+00      0.000000e+00      0.000000e+00      1.230945e+00   
     3.265666        1.098278e+00      0.000000e+00      0.000000e+00      1.098278e+00   
     3.365002        9.433368e-01      0.000000e+00      0.000000e+00      9.433368e-01   
     3.479529        7.758200e-01      0.000000e+00      0.000000e+00      7.758200e-01   
     3.608938        6.079088e-01      0.000000e+00      0.000000e+00      6.079088e-01   
     3.752880        4.517460e-01      0.000000e+00      0.000000e+00      4.517460e-01   
     3.910968        3.169519e-01      0.000000e+00      0.000000e+00      3.169519e-01   
     4.082775        2.089988e-01      0.000000e+00      0.000000e+00      2.089988e-01   
     4.267838        1.288608e-01      0.000000e+00      0.000000e+00      1.288608e-01   
     4.465657        7.382552e-02      0.000000e+00      0.000000e+00      7.382552e-02   
     4.675701        3.897359e-02      0.000000e+00      0.000000e+00      3.897359e-02   
     4.897402        1.872987e-02      0.000000e+00      0.000000e+00      1.872987e-02   
     5.130163        8.037666e-03      0.000000e+00      0.000000e+00      8.037666e-03   
     5.373356        2.977612e-03      0.000000e+00      0.000000e+00      2.977612e-03   
     5.626327        8.894436e-04      0.000000e+00      0.000000e+00      8.894436e-04   
     5.888392        1.801933e-04      0.000000e+00      0.000000e+00      1.801933e-04   
     6.158845        1.234667e-05      0.000000e+00      0.000000e+00      1.234667e-05   
     6.436958        7.158321e-06      0.000000e+00      0.000000e+00      7.158321e-06   
     6.721980        2.520032e-05      0.000000e+00      0.000000e+00      2.520032e-05   
     7.013143        3.170440e-05      0.000000e+00      0.000000e+00      3.170440e-05   
     7.309662        2.728346e-05      0.000000e+00      0.000000e+00      2.728346e-05   
     7.610739        1.893079e-05      0.000000e+00      0.000000e+00      1.893079e-05   
     7.915560        1.129587e-05      0.000000e+00      0.000000e+00      1.129587e-05   
     8.223305        5.976741e-06      0.000000e+00      0.000000e+00      5.976741e-06   
     8.533144        2.847728e-06      0.000000e+00      0.000000e+00      2.847728e-06   
     8.844241        1.229977e-06      0.000000e+00      0.000000e+00      1.229977e-06   
     9.155759        4.814539e-07      0.000000e+00      0.000000e+00      4.814539e-07   
     9.466856        1.694510e-07      0.000000e+00      0.000000e+00      1.694510e-07   
     9.776695        5.257666e-08      0.000000e+00      0.000000e+00      5.257666e-08   
    10.084440        1.376726e-08      0.000000e+00      0.000000e+00      1.376726e-08   
    10.389261        2.734894e-09      0.000000e+00      0.000000e+00      2.734894e-09   
    10.690338        2.877538e-10      0.000000e+00      0.000000e+00      2.877538e-10   
    10.986857        1.086741e-12      0.000000e+00      0.000000e+00      1.086741e-12   
    11.278020        6.456245e-11      0.000000e+00      0.000000e+00      6.456245e-11   
    11.563042        1.020368e-10      0.000000e+00      0.000000e+00      1.020368e-10   
    11.841155        9.283746e-11      0.000000e+00      0.000000e+00      9.283746e-11   
    12.111608        6.671705e-11      0.000000e+00      0.000000e+00      6.671705e-11   
    12.373673        4.203118e-11      0.000000e+00      0.000000e+00      4.203118e-11   
    12.626644        2.436587e-11      0.000000e+00      0.000000e+00      2.436587e-11   
    12.869837        1.335460e-11      0.000000e+00      0.000000e+00      1.335460e-11   
    13.102598        7.038605e-12      0.000000e+00      0.000000e+00      7.038605e-12   
    13.324299        3.608452e-12      0.000000e+00      0.000000e+00      3.608452e-12   
    13.534343        1.813993e-12      0.000000e+00      0.000000e+00      1.813993e-12   
    13.732162        9.437579e-13      0.000000e+00      0.000000e+00      9.437579e-13   
    13.917225        5.075269e-13      0.000000e+00      0.000000e+00      5.075269e-13   
    14.089032        2.683881e-13      0.000000e+00      0.000000e+00      2.683881e-13   
    14.247120        1.312572e-13      0.000000e+00      0.000000e+00      1.312572e-13   
    14.391062        6.458981e-14      0.000000e+00      0.000000e+00      6.458981e-14   
    14.520471        3.180387e-14      0.000000e+00      0.000000e+00      3.180387e-14   
    14.634998        1.561754e-14      0.000000e+00      0.000000e+00      1.561754e-14   
    14.734334        7.707212e-15      0.000000e+00      0.000000e+00      7.707212e-15   
    14.818211        3.854011e-15      0.000000e+00      0.000000e+00      3.854011e-15   
    14.886403        2.021516e-15      0.000000e+00      0.000000e+00      2.021516e-15   
    14.938727        1.128869e-15      0.000000e+00      0.000000e+00      1.128869e-15   
    14.975043        7.526194e-16      0.000000e+00      0.000000e+00      7.526194e-16   
    14.995261        4.101473e-12      0.000000e+00      0.000000e+00      4.101473e-12   