  0  1  1  0.7854603253446551E+01
  0  2  1  0.6413256700982902E+01
  0  2  2  0.1832740759137528E+02
  0  3  1  0.0000000000000000E+00
  0  3  2  0.1170895120733166E+02
  0  3  3  0.2880021192930402E+02
  0  4  1  0.0000000000000000E+00
  0  4  2  0.0000000000000000E+00
  0  4  3  0.1696788232481928E+02
  0  4  4  0.3927301626723276E+02
  0  5  1  0.0000000000000000E+00
  0  5  2  0.0000000000000000E+00
  0  5  3  0.0000000000000000E+00
  0  5  4  0.2221617289616789E+02
  0  5  5  0.4974582060516148E+02
  0  6  1  0.0000000000000000E+00
  0  6  2  0.0000000000000000E+00
  0  6  3  0.0000000000000000E+00
  0  6  4  0.0000000000000000E+00
  0  6  5  0.2745992463693601E+02
  0  6  6  0.6021862494309022E+02
  0  7  1  0.0000000000000000E+00
  0  7  2  0.0000000000000000E+00
  0  7  3  0.0000000000000000E+00
  0  7  4  0.0000000000000000E+00
  0  7  5  0.0000000000000000E+00
  0  7  6  0.3270132106399150E+02
  0  7  7  0.7069142928101896E+02
  0  8  1  0.0000000000000000E+00
  0  8  2  0.0000000000000000E+00
  0  8  3  0.0000000000000000E+00
  0  8  4  0.0000000000000000E+00
  0  8  5  0.0000000000000000E+00
  0  8  6  0.0000000000000000E+00
  0  8  7  0.3794133831251309E+02
  0  8  8  0.8116423361894769E+02
  0  9  1  0.0000000000000000E+00
  0  9  2  0.0000000000000000E+00
  0  9  3  0.0000000000000000E+00
  0  9  4  0.0000000000000000E+00
  0  9  5  0.0000000000000000E+00
  0  9  6  0.0000000000000000E+00
  0  9  7  0.0000000000000000E+00
  0  9  8  0.4318047848170700E+02
  0  9  9  0.9163703795687641E+02
  1  1  1  0.1309100542241092E+02
  1  2  1  0.8279478799286633E+01
  1  2  2  0.2356380976033965E+02
  1  3  1  0.0000000000000000E+00
  1  3  2  0.1385421790379894E+02
  1  3  3  0.3403661409826839E+02
  1  4  1  0.0000000000000000E+00
  1  4  2  0.0000000000000000E+00
  1  4  3  0.1923977010294870E+02
  1  4  4  0.4450941843619712E+02
  1  5  1  0.0000000000000000E+00
  1  5  2  0.0000000000000000E+00
  1  5  3  0.0000000000000000E+00
  1  5  4  0.2456090325808406E+02
  1  5  5  0.5498222277412586E+02
  1  6  1  0.0000000000000000E+00
  1  6  2  0.0000000000000000E+00
  1  6  3  0.0000000000000000E+00
  1  6  4  0.0000000000000000E+00
  1  6  5  0.2985208534494498E+02
  1  6  6  0.6545502711205458E+02
  1  7  1  0.0000000000000000E+00
  1  7  2  0.0000000000000000E+00
  1  7  3  0.0000000000000000E+00
  1  7  4  0.0000000000000000E+00
  1  7  5  0.0000000000000000E+00
  1  7  6  0.3512685362199499E+02
  1  7  7  0.7592783144998333E+02
  1  8  1  0.0000000000000000E+00
  1  8  2  0.0000000000000000E+00
  1  8  3  0.0000000000000000E+00
  1  8  4  0.0000000000000000E+00
  1  8  5  0.0000000000000000E+00
  1  8  6  0.0000000000000000E+00
  1  8  7  0.4039163906887806E+02
  1  8  8  0.8640063578791205E+02
  2  1  1  0.1832740759137528E+02
  2  2  1  0.9796411427812306E+01
  2  2  2  0.2880021192930402E+02
  2  3  1  0.0000000000000000E+00
  2  3  2  0.1570920650689310E+02
  2  3  3  0.3927301626723276E+02
  2  4  1  0.0000000000000000E+00
  2  4  2  0.0000000000000000E+00
  2  4  3  0.2127036616139278E+02
  2  4  4  0.4974582060516148E+02
  2  5  1  0.0000000000000000E+00
  2  5  2  0.0000000000000000E+00
  2  5  3  0.0000000000000000E+00
  2  5  4  0.2670051684056889E+02
  2  5  5  0.6021862494309022E+02
  2  6  1  0.0000000000000000E+00
  2  6  2  0.0000000000000000E+00
  2  6  3  0.0000000000000000E+00
  2  6  4  0.0000000000000000E+00
  2  6  5  0.3206628350491452E+02
  2  6  6  0.7069142928101896E+02
  2  7  1  0.0000000000000000E+00
  2  7  2  0.0000000000000000E+00
  2  7  3  0.0000000000000000E+00
  2  7  4  0.0000000000000000E+00
  2  7  5  0.0000000000000000E+00
  2  7  6  0.3739539131272557E+02
  2  7  7  0.8116423361894769E+02
  2  8  1  0.0000000000000000E+00
  2  8  2  0.0000000000000000E+00
  2  8  3  0.0000000000000000E+00
  2  8  4  0.0000000000000000E+00
  2  8  5  0.0000000000000000E+00
  2  8  6  0.0000000000000000E+00
  2  8  7  0.4270156742318084E+02
  2  8  8  0.9163703795687641E+02
  3  1  1  0.2356380976033965E+02
  3  2  1  0.1110808644808395E+02
  3  2  2  0.3403661409826839E+02
  3  3  1  0.0000000000000000E+00
  3  3  2  0.1736718124585801E+02
  3  3  3  0.4450941843619712E+02
  3  4  1  0.0000000000000000E+00
  3  4  2  0.0000000000000000E+00
  3  4  3  0.2312332587810688E+02
  3  4  4  0.5498222277412586E+02
  3  5  1  0.0000000000000000E+00
  3  5  2  0.0000000000000000E+00
  3  5  3  0.0000000000000000E+00
  3  5  4  0.2868095588110762E+02
  3  5  5  0.6545502711205458E+02
  3  6  1  0.0000000000000000E+00
  3  6  2  0.0000000000000000E+00
  3  6  3  0.0000000000000000E+00
  3  6  4  0.0000000000000000E+00
  3  6  5  0.3413716561452087E+02
  3  6  6  0.7592783144998333E+02
  3  7  1  0.0000000000000000E+00
  3  7  2  0.0000000000000000E+00
  3  7  3  0.0000000000000000E+00
  3  7  4  0.0000000000000000E+00
  3  7  5  0.0000000000000000E+00
  3  7  6  0.3953396941217361E+02
  3  7  7  0.8640063578791205E+02
  4  1  1  0.2880021192930402E+02
  4  2  1  0.1228045162904203E+02
  4  2  2  0.3927301626723276E+02
  4  3  1  0.0000000000000000E+00
  4  3  2  0.1888011651915187E+02
  4  3  3  0.4974582060516148E+02
  4  4  1  0.0000000000000000E+00
  4  4  2  0.0000000000000000E+00
  4  4  3  0.2483843639785990E+02
  4  4  4  0.6021862494309022E+02
  4  5  1  0.0000000000000000E+00
  4  5  2  0.0000000000000000E+00
  4  5  3  0.0000000000000000E+00
  4  5  4  0.3053320914929482E+02
  4  5  5  0.7069142928101896E+02
  4  6  1  0.0000000000000000E+00
  4  6  2  0.0000000000000000E+00
  4  6  3  0.0000000000000000E+00
  4  6  4  0.0000000000000000E+00
  4  6  5  0.3608941139127791E+02
  4  6  6  0.8116423361894769E+02
  4  7  1  0.0000000000000000E+00
  4  7  2  0.0000000000000000E+00
  4  7  3  0.0000000000000000E+00
  4  7  4  0.0000000000000000E+00
  4  7  5  0.0000000000000000E+00
  4  7  6  0.4156265371139682E+02
  4  7  7  0.9163703795687641E+02
  5  1  1  0.3403661409826839E+02
  5  2  1  0.1335025842028445E+02
  5  2  2  0.4450941843619712E+02
  5  3  1  0.0000000000000000E+00
  5  3  2  0.2028049839444339E+02
  5  3  3  0.5498222277412586E+02
  5  4  1  0.0000000000000000E+00
  5  4  2  0.0000000000000000E+00
  5  4  3  0.2644253478235276E+02
  5  4  4  0.6545502711205458E+02
  5  5  1  0.0000000000000000E+00
  5  5  2  0.0000000000000000E+00
  5  5  3  0.0000000000000000E+00
  5  5  4  0.3227935085554106E+02
  5  5  5  0.7592783144998333E+02
  5  6  1  0.0000000000000000E+00
  5  6  2  0.0000000000000000E+00
  5  6  3  0.0000000000000000E+00
  5  6  4  0.0000000000000000E+00
  5  6  5  0.3794133831251309E+02
  5  6  6  0.8640063578791205E+02
  6  1  1  0.3927301626723276E+02
  6  2  1  0.1434047794055381E+02
  6  2  2  0.4974582060516148E+02
  6  3  1  0.0000000000000000E+00
  6  3  2  0.2159023924085350E+02
  6  3  3  0.6021862494309022E+02
  6  4  1  0.0000000000000000E+00
  6  4  2  0.0000000000000000E+00
  6  4  3  0.2795473785856951E+02
  6  4  4  0.7069142928101896E+02
  6  5  1  0.0000000000000000E+00
  6  5  2  0.0000000000000000E+00
  6  5  3  0.0000000000000000E+00
  6  5  4  0.3393576464963856E+02
  6  5  5  0.8116423361894769E+02
  6  6  1  0.0000000000000000E+00
  6  6  2  0.0000000000000000E+00
  6  6  3  0.0000000000000000E+00
  6  6  4  0.0000000000000000E+00
  6  6  5  0.3970698542221817E+02
  6  6  6  0.9163703795687641E+02
  7  1  1  0.4450941843619712E+02
  7  2  1  0.1526660457464741E+02
  7  2  2  0.5498222277412586E+02
  7  3  1  0.0000000000000000E+00
  7  3  2  0.2282494788225287E+02
  7  3  3  0.6545502711205458E+02
  7  4  1  0.0000000000000000E+00
  7  4  2  0.0000000000000000E+00
  7  4  3  0.2938923428343692E+02
  7  4  4  0.7592783144998333E+02
  7  5  1  0.0000000000000000E+00
  7  5  2  0.0000000000000000E+00
  7  5  3  0.0000000000000000E+00
  7  5  4  0.3551500743426922E+02
  7  5  5  0.8640063578791205E+02
  8  1  1  0.4974582060516148E+02
  8  2  1  0.1613967542777053E+02
  8  2  2  0.6021862494309022E+02
  8  3  1  0.0000000000000000E+00
  8  3  2  0.2399620930851016E+02
  8  3  3  0.7069142928101896E+02
  8  4  1  0.0000000000000000E+00
  8  4  2  0.0000000000000000E+00
  8  4  3  0.3075689865367033E+02
  8  4  4  0.8116423361894769E+02
  8  5  1  0.0000000000000000E+00
  8  5  2  0.0000000000000000E+00
  8  5  3  0.0000000000000000E+00
  8  5  4  0.3702695482694649E+02
  8  5  5  0.9163703795687641E+02
  9  1  1  0.5498222277412586E+02
  9  2  1  0.1696788232481928E+02
  9  2  2  0.6545502711205458E+02
  9  3  1  0.0000000000000000E+00
  9  3  2  0.2511290259066241E+02
  9  3  3  0.7592783144998333E+02
  9  4  1  0.0000000000000000E+00
  9  4  2  0.0000000000000000E+00
  9  4  3  0.3206628350491451E+02
  9  4  4  0.8640063578791205E+02
 10  1  1  0.6021862494309022E+02
 10  2  1  0.1775750371713461E+02
 10  2  2  0.7069142928101896E+02
 10  3  1  0.0000000000000000E+00
 10  3  2  0.2618201084482184E+02
 10  3  3  0.8116423361894769E+02
 10  4  1  0.0000000000000000E+00
 10  4  2  0.0000000000000000E+00
 10  4  3  0.3332425934425184E+02
 10  4  4  0.9163703795687641E+02
 11  1  1  0.6545502711205458E+02
 11  2  1  0.1851347741347325E+02
 11  2  2  0.7592783144998333E+02
 11  3  1  0.0000000000000000E+00
 11  3  2  0.2720914381653046E+02
 11  3  3  0.8640063578791205E+02
 12  1  1  0.7069142928101896E+02
 12  2  1  0.1923977010294871E+02
 12  2  2  0.8116423361894769E+02
 12  3  1  0.0000000000000000E+00
 12  3  2  0.2819888867630970E+02
 12  3  3  0.9163703795687641E+02
 13  1  1  0.7592783144998333E+02
 13  2  1  0.1993962540494313E+02
 13  2  2  0.8640063578791205E+02
 14  1  1  0.8116423361894769E+02
 14  2  1  0.2061573595495897E+02
 14  2  2  0.9163703795687641E+02
 15  1  1  0.8640063578791205E+02
 16  1  1  0.9163703795687641E+02
