 16 16 16  1  1
  0  1  1  0.1995259220886137E+01
  0  2  1  0.3671423393688370E-02
  0  2  2  0.1980618660310229E+01
  0  3  1 -0.8614813197512547E-01
  0  3  2  0.6402505645349327E-01
  0  3  3  0.6146953364517009E-02
  0  4  1 -0.1683146748619512E-01
  0  4  2 -0.5254825887977560E-01
  0  4  3 -0.9087320383369146E-03
  0  4  4  0.1564178691106698E-02
  0  5  1 -0.2655868246817967E-02
  0  5  2 -0.6935502852917050E-01
  0  5  3 -0.2149919350956253E-02
  0  5  4  0.1863160109997080E-02
  0  5  5  0.2434881440392786E-02
  0  6  1 -0.4294473266159987E-02
  0  6  2 -0.1738894574881718E-02
  0  6  3  0.9926117547406397E-04
  0  6  4  0.7671213275500582E-04
  0  6  5  0.6811131747973270E-04
  0  6  6  0.1343600343571251E-04
  0  7  1 -0.7980056727826843E-02
  0  7  2  0.3356943187624679E-02
  0  7  3  0.4425141150628369E-03
  0  7  4 -0.2560791201929350E-04
  0  7  5 -0.1072999796901379E-03
  0  7  6  0.1519837543275683E-04
  0  7  7  0.3822212024401307E-04
  0  8  1 -0.6393389084239873E-02
  0  8  2  0.5634244958484273E-02
  0  8  3  0.4580658258173135E-03
  0  8  4 -0.9645522526730062E-04
  0  8  5 -0.1893499228725864E-03
  0  8  6  0.8905586098714734E-05
  0  8  7  0.3537629763908618E-04
  0  8  8  0.3678481200467337E-04
  0  9  1 -0.3678532183375792E-02
  0  9  2 -0.8708586692026643E-02
  0  9  3 -0.1194285093505896E-03
  0  9  4  0.2626323727856474E-03
  0  9  5  0.3094809737813960E-03
  0  9  6  0.1523244988163056E-04
  0  9  7 -0.1193473056852954E-06
  0  9  8 -0.1284412961930449E-04
  0  9  9  0.4531056294798663E-04
  1  1  1  0.5979306089531507E+01
  1  2  1 -0.3309030030574173E-01
  1  2  2  0.3916298205466988E-01
  1  3  1 -0.2491026013968410E+00
  1  3  2  0.5549717952794644E-02
  1  3  3  0.1133123770649358E-01
  1  4  1 -0.8243220645477276E-01
  1  4  2 -0.3443911552271118E-03
  1  4  3  0.3416512796973945E-02
  1  4  4  0.1184218728602804E-02
  1  5  1  0.1614829212320005E-01
  1  5  2 -0.2417876270523234E-02
  1  5  3 -0.1034167300550872E-02
  1  5  4 -0.1721897778961454E-03
  1  5  5  0.2297034479988337E-03
  1  6  1  0.5997460471423067E-02
  1  6  2 -0.7122906390554690E-03
  1  6  3 -0.4945935152835964E-03
  1  6  4 -0.7565858745801779E-04
  1  6  5  0.1187183603086932E-03
  1  6  6  0.1039705384550816E-03
  1  7  1 -0.1207101792719140E-01
  1  7  2 -0.1009262789163754E-03
  1  7  3  0.3665712320423878E-03
  1  7  4  0.1647681262470218E-03
  1  7  5  0.2119059653363554E-04
  1  7  6  0.5207639332565467E-04
  1  7  7  0.6909490490204212E-04
  1  8  1 -0.3738491007664491E-01
  1  8  2  0.3381550972982168E-03
  1  8  3  0.1480986023044438E-02
  1  8  4  0.5114560686803394E-03
  1  8  5 -0.7256576487918155E-04
  1  8  6  0.1026887162972148E-04
  1  8  7  0.1109987840176947E-03
  1  8  8  0.2644023520799418E-03
  2  1  1  0.9893881174708508E+01
  2  2  1  0.4922238046356492E+00
  2  2  2  0.2770748152468230E-01
  2  3  1 -0.2001152530020169E+00
  2  3  2 -0.7842787170370635E-02
  2  3  3  0.8758769144019523E-02
  2  4  1 -0.1961948705982514E+00
  2  4  2 -0.9180790435396550E-02
  2  4  3  0.5923615376116140E-02
  2  4  4  0.4745337399708336E-02
  2  5  1  0.3609719939427369E-01
  2  5  2  0.1777141918387656E-02
  2  5  3 -0.2591303789786043E-03
  2  5  4 -0.4881073940045514E-03
  2  5  5  0.2034000530945236E-03
  2  6  1  0.5042891579713188E-01
  2  6  2  0.2228117391680157E-02
  2  6  3 -0.1664318905624606E-02
  2  6  4 -0.1269000476991239E-02
  2  6  5  0.1182342846917487E-03
  2  6  6  0.3462766051102581E-03
  2  7  1  0.3661942889668342E-01
  2  7  2  0.1615514473986140E-02
  2  7  3 -0.1356368254711947E-02
  2  7  4 -0.9920299010981553E-03
  2  7  5  0.6405802965664712E-04
  2  7  6  0.2726189576691424E-03
  2  7  7  0.2203602422560304E-03
  2  8  1 -0.3196330479424933E-01
  2  8  2 -0.1842447557663484E-02
  2  8  3 -0.2212995709689977E-03
  2  8  4  0.2542241464999007E-03
  2  8  5 -0.2188071233541542E-03
  2  8  6 -0.4133673124861494E-04
  2  8  7  0.2774086003816872E-05
  2  8  8  0.2774153263842415E-03
  3  1  1  0.5950381670739589E+01
  3  2  1  0.5181005434416317E+00
  3  2  2  0.4587568910804633E-01
  3  3  1 -0.6373475114996140E-01
  3  3  2 -0.5296077416880996E-02
  3  3  3  0.8053305641970386E-03
  3  4  1 -0.2602010595354544E+00
  3  4  2 -0.2262389442850619E-01
  3  4  3  0.2813150774220739E-02
  3  4  4  0.1140620351730068E-01
  3  5  1 -0.4305897473021014E-01
  3  5  2 -0.3793461961305968E-02
  3  5  3  0.4500086083142413E-03
  3  5  4  0.1892761447993783E-02
  3  5  5  0.3198861990949406E-03
  3  6  1  0.4010643297066286E-02
  3  6  2  0.3231755917005282E-03
  3  6  3 -0.5380408876614995E-04
  3  6  4 -0.1706463613275687E-03
  3  6  5 -0.2389727542051329E-04
  3  6  6  0.6828487301400799E-05
  3  7  1  0.6685637650779926E-01
  3  7  2  0.5815541950793915E-02
  3  7  3 -0.7179972402484432E-03
  3  7  4 -0.2927520326402834E-02
  3  7  5 -0.4849157321400675E-03
  3  7  6  0.4499535384659832E-04
  3  7  7  0.7534416709958699E-03
  4  1  1  0.2739835090087261E-01
  4  2  1  0.6942160834402857E-02
  4  2  2  0.1996673184647610E-02
  4  3  1  0.4072097196792808E-03
  4  3  2  0.2198852816327962E-03
  4  3  3  0.7221197067146663E-04
  4  4  1 -0.1268333533921032E-02
  4  4  2 -0.2931219997853726E-03
  4  4  3 -0.3677668918907030E-06
  4  4  4  0.6540347658559358E-04
  4  5  1 -0.7902407887915140E-03
  4  5  2 -0.2075779350385208E-03
  4  5  3 -0.1451083818581422E-04
  4  5  4  0.3709087933776156E-04
  4  5  5  0.2448877996111213E-04
  4  6  1 -0.2711013331585779E-03
  4  6  2 -0.7748431026543237E-04
  4  6  3 -0.9014371562572274E-05
  4  6  4  0.1191542423586491E-04
  4  6  5  0.9519491396632899E-05
  4  6  6  0.4931540931065334E-05
  4  7  1  0.1821041305657246E-03
  4  7  2  0.4459906919035226E-04
  4  7  3  0.1859214837029069E-05
  4  7  4 -0.8253973827464445E-05
  4  7  5 -0.3983994146851882E-05
  4  7  6  0.1053275533206921E-06
  4  7  7  0.3502043472730113E-05
  5  1  1  0.4310066854274631E-02
  5  2  1  0.1766705973927088E-02
  5  2  2  0.7951895023806288E-03
  5  3  1  0.4175255722732820E-03
  5  3  2  0.2149259978189888E-03
  5  3  3  0.6937396658562233E-04
  5  4  1 -0.8357745647880564E-04
  5  4  2 -0.1956995730888411E-04
  5  4  3  0.1879044395916197E-05
  5  4  4  0.5277207404192738E-05
  5  5  1 -0.1400468857675615E-03
  5  5  2 -0.5687100038702138E-04
  5  5  3 -0.1330674806164360E-04
  5  5  4  0.3169175114071386E-05
  5  5  5  0.5415256416223359E-05
  5  6  1 -0.8261422766555536E-04
  5  6  2 -0.3592907525418484E-04
  5  6  3 -0.9656650332095112E-05
  5  6  4  0.1602918318401636E-05
  5  6  5  0.4058098006106437E-05
  5  6  6  0.3992638416328764E-05
  6  1  1  0.9573368673890819E-03
  6  2  1  0.5139552045615498E-03
  6  2  2  0.2949675963171474E-03
  6  3  1  0.1841248401322224E-03
  6  3  2  0.1117328697194731E-03
  6  3  3  0.4446005726850936E-04
  6  4  1  0.2646956439077785E-04
  6  4  2  0.1869180999388590E-04
  6  4  3  0.8288483737089931E-05
  6  4  4  0.2262304156373980E-05
  6  5  1 -0.1768026198944220E-04
  6  5  2 -0.9463219879555377E-05
  6  5  3 -0.3352164837813821E-05
  6  5  4  0.2912118249582010E-06
  6  5  5  0.1804512672103912E-05
  6  6  1 -0.1868790002518719E-04
  6  6  2 -0.1077794665557959E-04
  6  6  3 -0.4069914815580849E-05
  6  6  4  0.3676760394339261E-06
  6  6  5  0.2394192394690710E-05
  6  6  6  0.3384591902682248E-05
  7  1  1  0.2232903537231555E-03
  7  2  1  0.1394204199265991E-03
  7  2  2  0.9129669461812424E-04
  7  3  1  0.5969749793079991E-04
  7  3  2  0.3997922868025411E-04
  7  3  3  0.1781840688646274E-04
  7  4  1  0.1564767741827568E-04
  7  4  2  0.1038534336208480E-04
  7  4  3  0.4841771346089259E-05
  7  4  4  0.1892395083476339E-05
  7  5  1 -0.1471023576803592E-05
  7  5  2 -0.1391992104730349E-05
  7  5  3 -0.2502927526837587E-06
  7  5  4  0.1081159356486555E-05
  7  5  5  0.2367846898169786E-05
  8  1  1  0.4933020534623819E-04
  8  2  1  0.3253066012531571E-04
  8  2  2  0.2216886167017942E-04
  8  3  1  0.1414111773827312E-04
  8  3  2  0.9707783742861649E-05
  8  3  3  0.4596828155323116E-05
  8  4  1  0.3369144208452922E-05
  8  4  2  0.2250684766182298E-05
  8  4  3  0.1679146103259770E-05
  8  4  4  0.1682243617224975E-05
  8  5  1 -0.8819775797953318E-06
  8  5  2 -0.6643397665564119E-06
  8  5  3  0.7803280304144912E-06
  8  5  4  0.2169662794330480E-05
  8  5  5  0.3515405835739236E-05
  9  1  1  0.9692398792702030E-05
  9  2  1  0.6040735774758654E-05
  9  2  2  0.3891627505937507E-05
  9  3  1  0.2095999537867630E-05
  9  3  2  0.1459459343960133E-05
  9  3  3  0.9077472990842139E-06
  9  4  1 -0.2819585514269292E-06
  9  4  2  0.6442800479994563E-07
  9  4  3  0.8653420667168540E-06
  9  4  4  0.1972592657194934E-05
 10  1  1  0.1628828476484080E-05
 10  2  1  0.8235831049898359E-06
 10  2  2  0.5806765022768445E-06
 10  3  1  0.7992896017949221E-07
 10  3  2  0.3989514725378333E-06
 10  3  3  0.8348597213989984E-06
 10  4  1 -0.3315395780662676E-06
 10  4  2  0.4547352285236710E-06
 10  4  3  0.1428610489080410E-05
 10  4  4  0.2591776937852169E-05
 11  1  1  0.2392301285469380E-06
 11  2  1  0.8958977999699983E-07
 11  2  2  0.1350785654074705E-06
 11  3  1 -0.2622628528153306E-07
 11  3  2  0.2699803395946168E-06
 11  3  3  0.7758599422481262E-06
 12  1  1  0.4889547301508065E-07
 12  2  1  0.5295270786129398E-07
 12  2  2  0.1616203433431704E-06
 12  3  1  0.8776355172893632E-07
 12  3  2  0.3387122068553441E-06
 12  3  3  0.7275198088547127E-06
 13  1  1  0.7212693349311405E-08
 13  2  1  0.1474356202326750E-07
 13  2  2  0.7751327119587006E-07
 14  1  1  0.5095763985202385E-08
 14  2  1  0.1556975335211858E-07
 14  2  2  0.5520738502173593E-07
 15  1  1  0.5160823258992477E-09
 16  1  1  0.5021079702711767E-09
  0  1  1  0.9976296104430686E+00
  0  2  1  0.1835711696844185E-02
  0  2  2  0.9903093301551145E+00
  0  3  1 -0.4307406598756273E-01
  0  3  2  0.3201252822674663E-01
  0  3  3  0.3073476682258504E-02
  0  4  1 -0.8415733743097561E-02
  0  4  2 -0.2627412943988780E-01
  0  4  3 -0.4543660191684573E-03
  0  4  4  0.7820893455533490E-03
  0  5  1 -0.1327934123408983E-02
  0  5  2 -0.3467751426458525E-01
  0  5  3 -0.1074959675478127E-02
  0  5  4  0.9315800549985398E-03
  0  5  5  0.1217440720196393E-02
  0  6  1 -0.2147236633079994E-02
  0  6  2 -0.8694472874408590E-03
  0  6  3  0.4963058773703199E-04
  0  6  4  0.3835606637750291E-04
  0  6  5  0.3405565873986635E-04
  0  6  6  0.6718001717856257E-05
  0  7  1 -0.3990028363913422E-02
  0  7  2  0.1678471593812340E-02
  0  7  3  0.2212570575314185E-03
  0  7  4 -0.1280395600964675E-04
  0  7  5 -0.5364998984506893E-04
  0  7  6  0.7599187716378416E-05
  0  7  7  0.1911106012200654E-04
  0  8  1 -0.3196694542119937E-02
  0  8  2  0.2817122479242136E-02
  0  8  3  0.2290329129086567E-03
  0  8  4 -0.4822761263365031E-04
  0  8  5 -0.9467496143629318E-04
  0  8  6  0.4452793049357367E-05
  0  8  7  0.1768814881954309E-04
  0  8  8  0.1839240600233668E-04
  0  9  1 -0.1839266091687896E-02
  0  9  2 -0.4354293346013322E-02
  0  9  3 -0.5971425467529481E-04
  0  9  4  0.1313161863928237E-03
  0  9  5  0.1547404868906980E-03
  0  9  6  0.7616224940815282E-05
  0  9  7 -0.5967365284264769E-07
  0  9  8 -0.6422064809652247E-05
  0  9  9  0.2265528147399332E-04
  1  1  1 -0.1073385773391879E-02
  1  2  1 -0.2458244263200671E-01
  1  2  2  0.4171821136978050E-02
  1  3  1 -0.1691298812256443E-01
  1  3  2  0.1372757355658144E-02
  1  3  3  0.1356261647669521E-02
  1  4  1  0.2490486603021703E-03
  1  4  2  0.3037366687938808E-03
  1  4  3  0.2227215171729486E-03
  1  4  4 -0.6401769285586097E-05
  1  5  1  0.7205100787775767E-02
  1  5  2 -0.2696115196557609E-03
  1  5  3 -0.3260064855058148E-03
  1  5  4 -0.9714065470760019E-04
  1  5  5  0.3366576027899910E-04
  1  6  1  0.8288464872790738E-02
  1  6  2 -0.2759226053693155E-04
  1  6  3 -0.3178984475957489E-03
  1  6  4 -0.1148217700309732E-03
  1  6  5  0.1097172388428565E-04
  1  6  6 -0.6299264677221795E-05
  1  7  1  0.5735579270902525E-02
  1  7  2  0.7596082518310343E-04
  1  7  3 -0.1712700533680259E-03
  1  7  4 -0.8030179354885430E-04
  1  7  5 -0.1349567113456126E-04
  1  7  6 -0.2698533495831088E-04
  1  7  7 -0.3412668798466988E-04
  1  8  1  0.4545623777208233E-02
  1  8  2  0.2306228864394384E-03
  1  8  3 -0.5140677550995712E-04
  1  8  4 -0.6562918073062550E-04
  1  8  5 -0.4726089170011231E-04
  1  8  6 -0.6046600570666710E-04
  1  8  7 -0.5364908557282864E-04
  1  8  8 -0.6307495920675733E-04
  2  1  1  0.5881733094465992E-02
  2  2  1 -0.1351979679592907E-01
  2  2  2 -0.1314439573100361E-02
  2  3  1 -0.4289917470772594E-01
  2  3  2 -0.1956192842232758E-02
  2  3  3  0.1363480497649645E-02
  2  4  1 -0.1865183515837805E-01
  2  4  2 -0.7081966828453681E-03
  2  4  3  0.1063381592583235E-02
  2  4  4  0.6674679358166601E-03
  2  5  1 -0.4879089741867203E-02
  2  5  2 -0.3144570557818008E-03
  2  5  3 -0.1018878355498114E-03
  2  5  4  0.1078685528028546E-04
  2  5  5 -0.3994542944858847E-04
  2  6  1  0.5986565299346873E-02
  2  6  2  0.2407262327137809E-03
  2  6  3 -0.2879191149545953E-03
  2  6  4 -0.1905855029174741E-03
  2  6  5  0.3104447576905075E-05
  2  6  6  0.5376982563503670E-04
  2  7  1  0.5896077715960203E-02
  2  7  2  0.2579724721133282E-03
  2  7  3 -0.2265505051680220E-03
  2  7  4 -0.1633201324306387E-03
  2  7  5  0.9297883996239727E-05
  2  7  6  0.4499645418646107E-04
  2  7  7  0.3654364332948822E-04
  2  8  1  0.8409101846655272E-02
  2  8  2  0.4891319383063976E-03
  2  8  3  0.4226012753382748E-04
  2  8  4 -0.7504689014435989E-04
  2  8  5  0.5475730884789954E-04
  2  8  6  0.1330717689943384E-04
  2  8  7  0.2048738092710736E-05
  2  8  8 -0.6882061185442260E-04
  3  1  1  0.7293697385777642E+00
  3  2  1  0.6336876237961939E-01
  3  2  2  0.5520398182039038E-02
  3  3  1 -0.7830911477570087E-02
  3  3  2 -0.6753585221508770E-03
  3  3  3  0.8612727387143207E-04
  3  4  1 -0.3217248962127164E-01
  3  4  2 -0.2796121751175175E-02
  3  4  3  0.3455099510963942E-03
  3  4  4  0.1416006477026871E-02
  3  5  1 -0.5413739836497226E-02
  3  5  2 -0.4726072144125358E-03
  3  5  3  0.5757236145178681E-04
  3  5  4  0.2372146011426858E-03
  3  5  5  0.3956428056886003E-04
  3  6  1  0.3955474586965420E-03
  3  6  2  0.3276632241899874E-04
  3  6  3 -0.4713188668369400E-05
  3  6  4 -0.1859041971794891E-04
  3  6  5 -0.3382479768256471E-05
  3  6  6 -0.9520752549774574E-07
  3  7  1  0.8249220989069449E-02
  3  7  2  0.7164580102943165E-03
  3  7  3 -0.8871790296864369E-04
  3  7  4 -0.3632775796739410E-03
  3  7  5 -0.6088933865515761E-04
  3  7  6  0.4716053896956111E-05
  3  7  7  0.9319236029042529E-04
  4  1  1  0.1663529067503864E-02
  4  2  1  0.4300380671750689E-03
  4  2  2  0.1144321672799880E-03
  4  3  1  0.3093477701124658E-04
  4  3  2  0.9748446715455046E-05
  4  3  3  0.1552582068060738E-05
  4  4  1 -0.8759057666965630E-04
  4  4  2 -0.2198102006006546E-04
  4  4  3 -0.1241250676826792E-05
  4  4  4  0.4593431740053280E-05
  4  5  1 -0.6161217143930850E-04
  4  5  2 -0.1592578022161025E-04
  4  5  3 -0.1116844222635768E-05
  4  5  4  0.3079418328665666E-05
  4  5  5  0.2099737993058328E-05
  4  6  1 -0.2756697692675732E-04
  4  6  2 -0.7265220253912209E-05
  4  6  3 -0.5698397428060590E-06
  4  6  4  0.1294990368975164E-05
  4  6  5  0.8784536934058768E-06
  4  6  6  0.3510701250822569E-06
  4  7  1  0.6562117393908155E-05
  4  7  2  0.1537600753528553E-05
  4  7  3  0.4867890031811993E-07
  4  7  4 -0.4191943117246672E-06
  4  7  5 -0.2938176240645380E-06
  4  7  6 -0.1434084078067979E-06
  4  7  7  0.1733413524459876E-07
  5  1  1  0.1576875152277707E-03
  5  2  1  0.6861244566918336E-04
  5  2  2  0.3041105242506874E-04
  5  3  1  0.1866041667667492E-04
  5  3  2  0.8501688110026636E-05
  5  3  3  0.2466141614613159E-05
  5  4  1 -0.2932481238377028E-05
  5  4  2 -0.1064351676757155E-05
  5  4  3 -0.2008016194249403E-06
  5  4  4  0.1167283681509530E-06
  5  5  1 -0.6715869869450516E-05
  5  5  2 -0.2842624260798737E-05
  5  5  3 -0.7326696016064884E-06
  5  5  4  0.1358641247183217E-06
  5  5  5  0.2710470122900635E-06
  5  6  1 -0.5879583684353785E-05
  5  6  2 -0.2512351694064325E-05
  5  6  3 -0.6487501688044606E-06
  5  6  4  0.1040632257976595E-06
  5  6  5  0.2196167111197748E-06
  5  6  6  0.1648050326497053E-06
  6  1  1  0.2307307011812869E-04
  6  2  1  0.1358735603602413E-04
  6  2  2  0.8050896185045987E-05
  6  3  1  0.5648012765185388E-05
  6  3  2  0.3350651472290283E-05
  6  3  3  0.1385215180306843E-05
  6  4  1  0.1173684662199893E-05
  6  4  2  0.7029475291336830E-06
  6  4  3  0.2887329405627355E-06
  6  4  4  0.6349342816294451E-07
  6  5  1 -0.4497703663600108E-06
  6  5  2 -0.2590250116030515E-06
  6  5  3 -0.1041564897241454E-06
  6  5  4 -0.1432511933543258E-07
  6  5  5  0.1891980780881073E-07
  6  6  1 -0.9675490274343569E-06
  6  6  2 -0.5507243744337913E-06
  6  6  3 -0.2119532638732592E-06
  6  6  4 -0.2972699408015103E-07
  6  6  5  0.3093415948843670E-07
  6  6  6  0.4378453162818718E-07
  7  1  1  0.3638994236075133E-05
  7  2  1  0.2557149076942049E-05
  7  2  2  0.1786838238006287E-05
  7  3  1  0.1290528576674622E-05
  7  3  2  0.8896942444777555E-06
  7  3  3  0.4354132224575594E-06
  7  4  1  0.4547142421876606E-06
  7  4  2  0.3051906503693443E-06
  7  4  3  0.1467585871517768E-06
  7  4  4  0.5109207216829295E-07
  7  5  1  0.9121345637368080E-08
  7  5  2  0.3266937927701181E-10
  7  5  3  0.2347301578479010E-08
  7  5  4  0.8052133623982824E-08
  7  5  5  0.1547564462097210E-07
  8  1  1  0.5292931936151802E-06
  8  2  1  0.3988680561759517E-06
  8  2  2  0.2960653450939020E-06
  8  3  1  0.2075424324276364E-06
  8  3  2  0.1516417296014300E-06
  8  3  3  0.7989779997605085E-07
  8  4  1  0.7244314711356053E-07
  8  4  2  0.5241403169850062E-07
  8  4  3  0.3244798177708229E-07
  8  4  4  0.2033911011383254E-07
  8  5  1 -0.4647969264430176E-08
  8  5  2 -0.2157863556415105E-08
  8  5  3  0.9191892749850659E-08
  8  5  4  0.1755333348373076E-07
  8  5  5  0.2622095984870396E-07
  9  1  1  0.6111288247860328E-07
  9  2  1  0.4334176271968754E-07
  9  2  2  0.3078656386235450E-07
  9  3  1  0.1883733442522099E-07
  9  3  2  0.1440055090228775E-07
  9  3  3  0.9061626666322283E-08
  9  4  1 -0.6088585109929777E-09
  9  4  2  0.2449162520442908E-08
  9  4  3  0.6752140273203524E-08
  9  4  4  0.1293349301093336E-07
 10  1  1  0.4627914224438571E-08
 10  2  1  0.2360157257365915E-08
 10  2  2  0.2654553445544355E-08
 10  3  1  0.7632861796843355E-10
 10  3  2  0.2953635512988265E-08
 10  3  3  0.5656777164030727E-08
 10  4  1 -0.2047381636801227E-08
 10  4  2  0.3817793121792649E-08
 10  4  3  0.9274788505760647E-08
 10  4  4  0.1602128815360311E-07
 11  1  1  0.2318240585089064E-09
 11  2  1  0.1339955617616818E-09
 11  2  2  0.4652448121451047E-09
 11  3  1  0.1911076972631715E-10
 11  3  2  0.1038334997601987E-08
 11  3  3  0.2686391423552844E-08
 12  1  1  0.5789022431076384E-10
 12  2  1  0.1515053527461153E-09
 12  2  2  0.4233900748215542E-09
 12  3  1  0.2989618827776537E-09
 12  3  2  0.8548452761151062E-09
 12  3  3  0.1733018867484891E-08
 13  1  1  0.3385055314028102E-11
 13  2  1  0.1362153882038698E-10
 13  2  2  0.5724208603424198E-10
 14  1  1  0.2243754557275796E-11
 14  2  1  0.7130064340417761E-11
 14  2  2  0.2217222160279711E-10
 15  1  1  0.3895167133119075E-13
 16  1  1  0.7261758749698995E-14
  0  1  1  0.1994843392208201E+01
  0  2  1  0.2874258216645246E-02
  0  2  2  0.1982539154693359E+01
  0  3  1 -0.8422705024513608E-01
  0  3  2  0.1173022718194233E+00
  0  3  3  0.1134827652147432E-01
  0  4  1 -0.2134883656753218E-01
  0  4  2 -0.4229193134619003E-01
  0  4  3 -0.1527019458263554E-02
  0  4  4  0.1176548490934604E-02
  0  5  1 -0.6001738056075128E-02
  0  5  2 -0.7315315226031996E-01
  0  5  3 -0.4122366831411409E-02
  0  5  4  0.1626967040898536E-02
  0  5  5  0.2723365108079768E-02
  0  6  1 -0.8291057250988368E-02
  0  6  2 -0.1295295681772871E-01
  0  6  3 -0.4985598709027040E-03
  0  6  4  0.3563819629826457E-03
  0  6  5  0.5072285124812078E-03
  0  6  6  0.1273502727957338E-03
  0  7  1 -0.1220218502607151E-01
  0  7  2 -0.5237448145804003E-02
  0  7  3  0.1664968579709725E-03
  0  7  4  0.2332320698364281E-03
  0  7  5  0.2303977768830006E-03
  0  7  6  0.8880876919346311E-04
  0  7  7  0.9095150387654325E-04
  0  8  1 -0.1036528096575978E-01
  0  8  2  0.2158844266913989E-03
  0  8  3  0.4324541116822945E-03
  0  8  4  0.1014407824653225E-03
  0  8  5  0.2274398161985215E-04
  0  8  6  0.4341282936387252E-04
  0  8  7  0.6413501183882739E-04
  0  8  8  0.5469057135285017E-04
  0  9  1 -0.8996577374301640E-02
  0  9  2 -0.1403449798291197E-01
  0  9  3 -0.4598217872448967E-03
  0  9  4  0.3919680473933327E-03
  0  9  5  0.5440975923442502E-03
  0  9  6  0.1298070391527651E-03
  0  9  7  0.9280123803608015E-04
  0  9  8  0.4570983239297347E-04
  0  9  9  0.1402719265726287E-03
  1  1  1  0.5983011489027091E+01
  1  2  1  0.1045749635558064E+00
  1  2  2  0.1863484324187165E+01
  1  3  1 -0.2197067947256306E+00
  1  3  2  0.9875579361799129E-01
  1  3  3  0.1518025553489084E-01
  1  4  1 -0.8773047452507746E-01
  1  4  2  0.7259957967682903E-01
  1  4  3  0.7563915626527069E-02
  1  4  4  0.4353626727527295E-02
  1  5  1  0.1008696745000890E-01
  1  5  2 -0.9588409589083377E-01
  1  5  3 -0.5642413464983086E-02
  1  5  4 -0.3934990183711233E-02
  1  5  5  0.5022040586668481E-02
  1  6  1  0.4799939526458142E-02
  1  6  2 -0.6117182965732185E-03
  1  6  3 -0.4065897218099041E-03
  1  6  4 -0.1122589292227915E-03
  1  6  5  0.6965762285233442E-04
  1  6  6  0.5515929157223009E-04
  1  7  1 -0.1097811374137658E-01
  1  7  2 -0.1238561748735131E-01
  1  7  3 -0.3804077179640446E-03
  1  7  4 -0.3388283951861331E-03
  1  7  5  0.6263216733048294E-03
  1  7  6  0.2736512957399675E-04
  1  7  7  0.1209480830863323E-03
  1  8  1 -0.3887985942425537E-01
  1  8  2  0.7054908834736958E-02
  1  8  3  0.1755908258704235E-02
  1  8  4  0.8611730094370625E-03
  1  8  5 -0.4644397278525228E-03
  1  8  6 -0.1111506956380286E-04
  1  8  7  0.3576340530643952E-04
  1  8  8  0.3015019415736984E-03
  2  1  1  0.9913883857955891E+01
  2  2  1  0.7709015151582284E+00
  2  2  2  0.7127866325512532E-01
  2  3  1 -0.1143126208723790E+00
  2  3  2 -0.3887591268662600E-02
  2  3  3  0.6864584652844943E-02
  2  4  1 -0.1761568234113046E+00
  2  4  2 -0.1185459620286504E-01
  2  4  3  0.4434649434657441E-02
  2  4  4  0.4213989934820460E-02
  2  5  1  0.2734990510396073E-01
  2  5  2  0.2336055082926742E-02
  2  5  3  0.2725116476471669E-03
  2  5  4 -0.2035576158573992E-03
  2  5  5  0.1606401333059495E-03
  2  6  1  0.5155300345993145E-01
  2  6  2  0.3762592620210524E-02
  2  6  3 -0.1058120681238389E-02
  2  6  4 -0.1122783357236194E-02
  2  6  5  0.8813115777576506E-04
  2  6  6  0.3167098080186814E-03
  2  7  1  0.4008341199105771E-01
  2  7  2  0.2859611258897164E-02
  2  7  3 -0.9826635241574789E-03
  2  7  4 -0.9504129829744567E-03
  2  7  5  0.4565821537946826E-04
  2  7  6  0.2617800521949735E-03
  2  7  7  0.2221889907281991E-03
  2  8  1 -0.1989875445382398E-01
  2  8  2 -0.1841686922355580E-02
  2  8  3 -0.4436487914376118E-03
  2  8  4  0.4256639696473879E-04
  2  8  5 -0.1417054357355040E-03
  2  8  6 -0.3386671094775172E-04
  2  8  7 -0.1403356681689960E-05
  2  8  8  0.1444410469631688E-03
  3  1  1  0.7982454093741464E+01
  3  2  1  0.8408000265646390E+00
  3  2  2  0.9071260677611215E-01
  3  3  1  0.1010311246086981E-02
  3  3  2  0.1893830531920008E-03
  3  3  3  0.2887167881436262E-03
  3  4  1 -0.3104053204759197E+00
  3  4  2 -0.3291271032929084E-01
  3  4  3  0.1052355950395821E-03
  3  4  4  0.1218445521193104E-01
  3  5  1 -0.5683574339717005E-01
  3  5  2 -0.6281499909686615E-02
  3  5  3  0.7790697207739688E-04
  3  5  4  0.2298863752236203E-02
  3  5  5  0.4859232378696761E-03
  3  6  1  0.3147461617470692E-02
  3  6  2  0.2251478926835316E-03
  3  6  3  0.2313015390045608E-04
  3  6  4 -0.9430517823646239E-04
  3  6  5  0.5053419979963776E-05
  3  6  6  0.1102975471812752E-04
  3  7  1  0.8744612081151656E-01
  3  7  2  0.9243678985227046E-02
  3  7  3  0.3998165629458541E-05
  3  7  4 -0.3408709859989340E-02
  3  7  5 -0.6302092495045752E-03
  3  7  6  0.3239754262995042E-04
  3  7  7  0.9597949648021227E-03
  4  1  1  0.4248218046597883E-01
  4  2  1  0.5642307076130879E-02
  4  2  2  0.1036107344682923E-02
  4  3  1 -0.6954757511231241E-03
  4  3  2 -0.1345135839628305E-04
  4  3  3  0.5987901309884789E-04
  4  4  1 -0.2390008793001716E-02
  4  4  2 -0.3238535649281792E-03
  4  4  3  0.4661220585412412E-04
  4  4  4  0.1397764163777377E-03
  4  5  1 -0.1004219150364790E-02
  4  5  2 -0.1581593327374206E-03
  4  5  3  0.1095512639123141E-04
  4  5  4  0.5849128341572219E-04
  4  5  5  0.2670091620939030E-04
  4  6  1 -0.3184211566893978E-03
  4  6  2 -0.5698686899667900E-04
  4  6  3 -0.8335446119480575E-06
  4  6  4  0.1800731874550840E-04
  4  6  5  0.9392232149967192E-05
  4  6  6  0.4325777064623741E-05
  4  7  1  0.3754519139660636E-03
  4  7  2  0.4524511890500043E-04
  4  7  3 -0.8741181959454704E-05
  4  7  4 -0.2155201886802557E-04
  4  7  5 -0.8021790840115222E-05
  4  7  6 -0.1290025019139790E-05
  4  7  7  0.5399571306716958E-05
  5  1  1  0.5089404585405865E-02
  5  2  1  0.1229139089187351E-02
  5  2  2  0.3920418827992482E-03
  5  3  1 -0.6352097101355455E-06
  5  3  2  0.3102044229368442E-04
  5  3  3  0.1571382897670604E-04
  5  4  1 -0.3099284128299884E-03
  5  4  2 -0.7538023875487004E-04
  5  4  3  0.1478329974049699E-05
  5  4  4  0.1955565545676645E-04
  5  5  1 -0.2141113374832273E-03
  5  5  2 -0.6018293986105542E-04
  5  5  3 -0.3002252371982295E-05
  5  5  4  0.1322127886066649E-04
  5  5  5  0.1030636699307392E-04
  5  6  1 -0.1053495376681980E-03
  5  6  2 -0.3254682190755782E-04
  5  6  3 -0.3092360037770390E-05
  5  6  4  0.6565903822899163E-05
  5  6  5  0.6024046550452141E-05
  5  6  6  0.4481109574373976E-05
  6  1  1  0.1201538015746111E-02
  6  2  1  0.4269655477542527E-03
  6  2  2  0.1841968362959447E-03
  6  3  1  0.6982190868635665E-04
  6  3  2  0.3792325428076915E-04
  6  3  3  0.1067477906748613E-04
  6  4  1 -0.4904284022303648E-04
  6  4  2 -0.1620309935835171E-04
  6  4  3 -0.1947195182619869E-05
  6  4  4  0.2552416352350141E-05
  6  5  1 -0.5145184524137644E-04
  6  5  2 -0.2061049796156220E-04
  6  5  3 -0.3928819750057859E-05
  6  5  4  0.2649834748606873E-05
  6  5  5  0.3518377922485983E-05
  6  6  1 -0.3655936176714829E-04
  6  6  2 -0.1504857753229227E-04
  6  6  3 -0.2961063179302795E-05
  6  6  4  0.2212291693480049E-05
  6  6  5  0.3199340803249528E-05
  6  6  6  0.3329148215316478E-05
  7  1  1  0.3190627178701014E-03
  7  2  1  0.1407275716184132E-03
  7  2  2  0.7191866249933465E-04
  7  3  1  0.3710175513443991E-04
  7  3  2  0.2055840161389118E-04
  7  3  3  0.6435268499489722E-05
  7  4  1 -0.2813922001369668E-05
  7  4  2 -0.8578950447785703E-06
  7  4  3  0.8611577237060028E-07
  7  4  4  0.6378984199505640E-06
  7  5  1 -0.1296653438554989E-04
  7  5  2 -0.6554071748170803E-05
  7  5  3 -0.1571470337414825E-05
  7  5  4  0.1041986671484455E-05
  7  5  5  0.2267474256228091E-05
  8  1  1  0.8372071326140983E-04
  8  2  1  0.4047904400321361E-04
  8  2  2  0.2203921650053050E-04
  8  3  1  0.1203399779465200E-04
  8  3  2  0.6728211560462978E-05
  8  3  3  0.2370709057592070E-05
  8  4  1  0.2708093144725975E-06
  8  4  2  0.8544399302474029E-07
  8  4  3  0.5821813780665496E-06
  8  4  4  0.1165299144637335E-05
  8  5  1 -0.2599539334186733E-05
  8  5  2 -0.1453485269401230E-05
  8  5  3  0.3426944381620499E-06
  8  5  4  0.1635051947392307E-05
  8  5  5  0.2463131871288097E-05
  9  1  1  0.2054210919167204E-04
  9  2  1  0.9629877794831822E-05
  9  2  2  0.5026212501601313E-05
  9  3  1  0.2363943017218221E-05
  9  3  2  0.1315299538592756E-05
  9  3  3  0.7287352451010777E-06
  9  4  1 -0.7093874418874513E-06
  9  4  2 -0.2113233153519708E-06
  9  4  3  0.7822797343870010E-06
  9  4  4  0.1843140726164209E-05
 10  1  1  0.4605136034046338E-05
 10  2  1  0.1809520117322411E-05
 10  2  2  0.9500043289785065E-06
 10  3  1  0.1238007716722269E-06
 10  3  2  0.4329830507330800E-06
 10  3  3  0.9271061506936009E-06
 10  4  1 -0.4670067700335171E-06
 10  4  2  0.4305150260621602E-06
 10  4  3  0.1512701235880534E-05
 10  4  4  0.2577100040269255E-05
 11  1  1  0.9510706814159361E-06
 11  2  1  0.2662008836121696E-06
 11  2  2  0.2138973175565830E-06
 11  3  1 -0.9549769773777317E-07
 11  3  2  0.3317134890168748E-06
 11  3  3  0.1005356386172465E-05
 12  1  1  0.2086956979327612E-06
 12  2  1  0.8985454528267832E-07
 12  2  2  0.2445164553271443E-06
 12  3  1  0.9067033900987195E-07
 12  3  2  0.4960161901024213E-06
 12  3  3  0.1057416866295318E-05
 13  1  1  0.3767616823660332E-07
 13  2  1  0.1790756420350475E-07
 13  2  2  0.1372768744463970E-06
 14  1  1  0.1577169009529328E-07
 14  2  1  0.3132007980467483E-07
 14  2  2  0.1205643519092264E-06
 15  1  1  0.4164631821949783E-09
 16  1  1  0.1268582407670064E-08
  0  1  1  0.9974216961041003E+00
  0  2  1  0.1437129108322623E-02
  0  2  2  0.9912695773466795E+00
  0  3  1 -0.4211352512256804E-01
  0  3  2  0.5865113590971163E-01
  0  3  3  0.5674138260737161E-02
  0  4  1 -0.1067441828376609E-01
  0  4  2 -0.2114596567309501E-01
  0  4  3 -0.7635097291317768E-03
  0  4  4  0.5882742454673019E-03
  0  5  1 -0.3000869028037564E-02
  0  5  2 -0.3657657613015998E-01
  0  5  3 -0.2061183415705705E-02
  0  5  4  0.8134835204492678E-03
  0  5  5  0.1361682554039884E-02
  0  6  1 -0.4145528625494184E-02
  0  6  2 -0.6476478408864353E-02
  0  6  3 -0.2492799354513520E-03
  0  6  4  0.1781909814913228E-03
  0  6  5  0.2536142562406039E-03
  0  6  6  0.6367513639786692E-04
  0  7  1 -0.6101092513035755E-02
  0  7  2 -0.2618724072902002E-02
  0  7  3  0.8324842898548627E-04
  0  7  4  0.1166160349182141E-03
  0  7  5  0.1151988884415003E-03
  0  7  6  0.4440438459673155E-04
  0  7  7  0.4547575193827162E-04
  0  8  1 -0.5182640482879890E-02
  0  8  2  0.1079422133456995E-03
  0  8  3  0.2162270558411472E-03
  0  8  4  0.5072039123266123E-04
  0  8  5  0.1137199080992608E-04
  0  8  6  0.2170641468193626E-04
  0  8  7  0.3206750591941369E-04
  0  8  8  0.2734528567642509E-04
  0  9  1 -0.4498288687150820E-02
  0  9  2 -0.7017248991455984E-02
  0  9  3 -0.2299108936224483E-03
  0  9  4  0.1959840236966663E-03
  0  9  5  0.2720487961721251E-03
  0  9  6  0.6490351957638257E-04
  0  9  7  0.4640061901804008E-04
  0  9  8  0.2285491619648673E-04
  0  9  9  0.7013596328631435E-04
  1  1  1  0.2629132490466951E-03
  1  2  1 -0.3098271445394684E-01
  1  2  2  0.3709216083203637E+00
  1  3  1 -0.1946954970206372E-01
  1  3  2  0.2020701339544635E-01
  1  3  3  0.2364210810583887E-02
  1  4  1 -0.2590034171674718E-02
  1  4  2  0.1476452215947149E-01
  1  4  3  0.1125770077826622E-02
  1  4  4  0.6298481302098779E-03
  1  5  1  0.4826602782450087E-02
  1  5  2 -0.2014187035408805E-01
  1  5  3 -0.1247313764916759E-02
  1  5  4 -0.8554877051446662E-03
  1  5  5  0.1097144197056843E-02
  1  6  1  0.5924634255110952E-02
  1  6  2  0.7838413833720849E-05
  1  6  3 -0.2044218803191312E-03
  1  6  4 -0.8956564676258208E-04
  1  6  5  0.1081308788133071E-04
  1  6  6 -0.2016355719173359E-05
  1  7  1  0.4085269094317266E-02
  1  7  2 -0.2293704483651025E-02
  1  7  3 -0.2188190998979894E-03
  1  7  4 -0.1473414914039890E-03
  1  7  5  0.1246111490807472E-03
  1  7  6 -0.1478525397778707E-04
  1  7  7 -0.4265334620745204E-05
  1  8  1  0.2726887670170155E-02
  1  8  2  0.2399209772222779E-02
  1  8  3  0.1585310210328451E-03
  1  8  4  0.6310917600547211E-04
  1  8  5 -0.1410727210299441E-03
  1  8  6 -0.4216861050551109E-04
  1  8  7 -0.4898490741511564E-04
  1  8  8 -0.2872333823815077E-04
  2  1  1  0.3229670169970157E-02
  2  2  1 -0.2200060375072052E-01
  2  2  2 -0.3153472569602636E-02
  2  3  1 -0.4311374010754937E-01
  2  3  2 -0.3193552420550101E-02
  2  3  3  0.6465394393128637E-03
  2  4  1 -0.1973393378132399E-01
  2  4  2 -0.1205580360802073E-02
  2  4  3  0.8294360467013720E-03
  2  4  4  0.6245861427592151E-03
  2  5  1 -0.5324214712190668E-02
  2  5  2 -0.5159853869445756E-03
  2  5  3 -0.1070301117871477E-03
  2  5  4  0.1856776840868428E-04
  2  5  5 -0.3464478522320918E-04
  2  6  1  0.4438180421744832E-02
  2  6  2  0.2412281687323369E-03
  2  6  3 -0.2386080459251686E-03
  2  6  4 -0.1641022309858884E-03
  2  6  5 -0.1063072172895487E-04
  2  6  6  0.4211094653680701E-04
  2  7  1  0.4973708300138697E-02
  2  7  2  0.3152958101040952E-03
  2  7  3 -0.1893988772380446E-03
  2  7  4 -0.1485474749237629E-03
  2  7  5 -0.2515919485680388E-05
  2  7  6  0.3927938113166801E-04
  2  7  7  0.3517227251271759E-04
  2  8  1  0.6507616586095652E-02
  2  8  2  0.5856244053908713E-03
  2  8  3  0.6945499338127377E-04
  2  8  4 -0.4992657044278067E-04
  2  8  5  0.3552365142912333E-04
  2  8  6  0.1908454870483991E-04
  2  8  7  0.9803772339319157E-05
  2  8  8 -0.3466889105387110E-04
  3  1  1  0.9516627157026567E+00
  3  2  1  0.1039776342647307E+00
  3  2  2  0.1120450827882213E-01
  3  3  1 -0.7960085633280582E-03
  3  3  2 -0.2992259665040787E-04
  3  3  3 -0.6384415403936515E-05
  3  4  1 -0.3801662800866301E-01
  3  4  2 -0.4101764694634641E-02
  3  4  3  0.2046968174445371E-04
  3  4  4  0.1505513161285761E-02
  3  5  1 -0.7772097661982813E-02
  3  5  2 -0.8013432350963273E-03
  3  5  3 -0.6049779214541863E-05
  3  5  4  0.2971424305878487E-03
  3  5  5  0.5039354665648091E-04
  3  6  1  0.2649738211359553E-04
  3  6  2  0.1855762790723920E-04
  3  6  3 -0.4741728335004052E-05
  3  6  4 -0.5806674081138915E-05
  3  6  5 -0.4785315884878805E-05
  3  6  6 -0.1592494469428100E-05
  3  7  1  0.1051632554270942E-01
  3  7  2  0.1143780001218847E-02
  3  7  3 -0.7949050310874947E-05
  3  7  4 -0.4189642564059230E-03
  3  7  5 -0.8470007951552817E-04
  3  7  6  0.7049077243850168E-06
  3  7  7  0.1160950881225415E-03
  4  1  1  0.3096055178442076E-02
  4  2  1  0.4902592680348070E-03
  4  2  2  0.7701562420741966E-04
  4  3  1 -0.6545017790756282E-05
  4  3  2 -0.1686550918696454E-05
  4  3  3 -0.4352827752676731E-06
  4  4  1 -0.1787667994322852E-03
  4  4  2 -0.2764929097124006E-04
  4  4  3  0.7341309571775551E-06
  4  4  4  0.1034766727083073E-04
  4  5  1 -0.8791741546631954E-04
  4  5  2 -0.1333073430959394E-04
  4  5  3  0.5766759634556587E-06
  4  5  4  0.5015243630127450E-05
  4  5  5  0.2360140258787133E-05
  4  6  1 -0.3702447254077778E-04
  4  6  2 -0.5371935156281159E-05
  4  6  3  0.4034604349298330E-06
  4  6  4  0.2072527207496766E-05
  4  6  5  0.9227297526545551E-06
  4  6  6  0.3233516621300659E-06
  4  7  1  0.2377025180115898E-04
  4  7  2  0.3744353756514689E-05
  4  7  3 -0.2181313333261972E-07
  4  7  4 -0.1395436729384454E-05
  4  7  5 -0.6965355725167817E-06
  4  7  6 -0.3031818895447649E-06
  4  7  7  0.1886495433691402E-06
  5  1  1  0.2006846502074556E-03
  5  2  1  0.6043282996266086E-04
  5  2  2  0.1817624544553419E-04
  5  3  1  0.8157422751787497E-05
  5  3  2  0.2312035292172227E-05
  5  3  3  0.1477765150575514E-06
  5  4  1 -0.1090903805962929E-04
  5  4  2 -0.3253511940847776E-05
  5  4  3 -0.4590351820315044E-06
  5  4  4  0.5852976651350847E-06
  5  5  1 -0.1005888449498140E-04
  5  5  2 -0.2946184973645543E-05
  5  5  3 -0.3512090017447136E-06
  5  5  4  0.5508449515175778E-06
  5  5  5  0.4907808166549476E-06
  5  6  1 -0.7043627592904579E-05
  5  6  2 -0.2001312916755722E-05
  5  6  3 -0.1834748979815359E-06
  5  6  4  0.4001880943800112E-06
  5  6  5  0.3348007736407422E-06
  5  6  6  0.2123042498746316E-06
  6  1  1  0.2891702345936072E-04
  6  2  1  0.1293702502335765E-04
  6  2  2  0.5727997551957640E-05
  6  3  1  0.3801668408797219E-05
  6  3  2  0.1614564391328680E-05
  6  3  3  0.3986334722933139E-06
  6  4  1 -0.4343602740996227E-06
  6  4  2 -0.2278740223378862E-06
  6  4  3 -0.9936605933841875E-07
  6  4  4 -0.9692855089242646E-08
  6  5  1 -0.1329219677898862E-05
  6  5  2 -0.5903516920763994E-06
  6  5  3 -0.1724546268284894E-06
  6  5  4  0.2483607081162194E-07
  6  5  5  0.6855673495139671E-07
  6  6  1 -0.1513701010871676E-05
  6  6  2 -0.6354022506530893E-06
  6  6  3 -0.1580006132944458E-06
  6  6  4  0.4564998387206718E-07
  6  6  5  0.7939066542690904E-07
  6  6  6  0.7905168426204092E-07
  7  1  1  0.4887534433532679E-05
  7  2  1  0.2760083594181346E-05
  7  2  2  0.1522624135273630E-05
  7  3  1  0.1106431390684844E-05
  7  3  2  0.5806953502723923E-06
  7  3  3  0.2025650910267044E-06
  7  4  1  0.2336515820592328E-06
  7  4  2  0.1032943472010787E-06
  7  4  3  0.2558599265143209E-07
  7  4  4 -0.6905369910069570E-09
  7  5  1 -0.1889470940594656E-06
  7  5  2 -0.1126515853211839E-06
  7  5  3 -0.4349792344114847E-07
  7  5  4 -0.2573654763309925E-08
  7  5  5  0.2052582638696800E-07
  8  1  1  0.8100593952228106E-06
  8  2  1  0.5114317587410932E-06
  8  2  2  0.3101542280303307E-06
  8  3  1  0.2266349610601431E-06
  8  3  2  0.1291662247507094E-06
  8  3  3  0.5263030811281218E-07
  8  4  1  0.6239239125993424E-07
  8  4  2  0.3110509229319039E-07
  8  4  3  0.1552066778692332E-07
  8  4  4  0.1114900771443646E-07
  8  5  1 -0.1817923207219886E-07
  8  5  2 -0.1304194712807449E-07
  8  5  3  0.2195948539310534E-08
  8  5  4  0.1284287089218128E-07
  8  5  5  0.2033486667949529E-07
  9  1  1  0.1161595019235467E-06
  9  2  1  0.7201587148944603E-07
  9  2  2  0.4265839007093376E-07
  9  3  1  0.2861670958479884E-07
  9  3  2  0.1685170091031433E-07
  9  3  3  0.8996609736977328E-08
  9  4  1  0.1182029245437675E-08
  9  4  2  0.2253391051021652E-08
  9  4  3  0.6873309964949955E-08
  9  4  4  0.1333362424516990E-07
 10  1  1  0.1263725928668446E-07
 10  2  1  0.6238972475272168E-08
 10  2  2  0.4571525864360000E-08
 10  3  1  0.8617441717890978E-09
 10  3  2  0.3768266763374705E-08
 10  3  3  0.6873856592701385E-08
 10  4  1 -0.2789788295656183E-08
 10  4  2  0.4141165882016834E-08
 10  4  3  0.1063902640211443E-07
 10  4  4  0.1736413097062039E-07
 11  1  1  0.1066135933433661E-08
 11  2  1  0.4416896201631870E-09
 11  2  2  0.7347228843060658E-09
 11  3  1 -0.1470102009972039E-09
 11  3  2  0.1411655938299159E-08
 11  3  3  0.3795430575959417E-08
 12  1  1  0.1264763555539800E-09
 12  2  1  0.2198223778572659E-09
 12  2  2  0.6876826838369913E-09
 12  3  1  0.3786800795756686E-09
 12  3  2  0.1374969081341944E-08
 12  3  3  0.2795511457465060E-08
 13  1  1  0.9110943738150161E-11
 13  2  1  0.2039177817797991E-10
 13  2  2  0.1181118242277708E-09
 14  1  1  0.5440929008989867E-11
 14  2  1  0.1752172277537132E-10
 14  2  2  0.6079230108771838E-10
 15  1  1  0.4476511304724261E-13
 16  1  1  0.6348819132940546E-13
  0  1  1  0.3745340720376029E-01
  0  2  1 -0.1390208113359175E-01
  0  2  2  0.1622148676339365E+00
  0  3  1 -0.9270433239625482E-03
  0  3  2  0.5083335176653997E-02
  0  3  3  0.2605261335234044E-01
  0  4  1  0.2840370076178861E-03
  0  4  2 -0.4106011445601618E-02
  0  4  3  0.4002896754863186E-02
  0  4  4  0.6445315429646504E-02
  0  5  1  0.3913272129828455E-03
  0  5  2 -0.5528205166648564E-02
  0  5  3 -0.1581289110296872E-02
  0  5  4  0.1364360650018366E-02
  0  5  5  0.1767293584095127E-02
  0  6  1 -0.1659574834460636E-03
  0  6  2 -0.3316438412334970E-04
  0  6  3 -0.2214767712482448E-02
  0  6  4 -0.3311540080203891E-03
  0  6  5  0.4356334057309952E-03
  0  6  6  0.3675049213350901E-03
  0  7  1 -0.2146808593770787E-03
  0  7  2  0.3389076900072119E-03
  0  7  3 -0.7715483267846210E-03
  0  7  4 -0.6222951130906410E-03
  0  7  5 -0.7577730049356101E-04
  0  7  6 -0.2699049701956320E-04
  0  7  7 -0.1926145818425717E-03
  0  8  1 -0.1674984841898786E-03
  0  8  2  0.5001494520983343E-03
  0  8  3 -0.4535242112113158E-04
  0  8  4 -0.2064262496488410E-03
  0  8  5 -0.1220581765535337E-03
  0  8  6 -0.1218479107991000E-03
  0  8  7 -0.2575011026649078E-03
  0  8  8 -0.3850294935775863E-03
  0  9  1  0.2414106153009893E-05
  0  9  2 -0.6938341774318300E-03
  0  9  3  0.2663172421639962E-03
  0  9  4  0.6820852029024625E-04
  0  9  5  0.9707499888546966E-04
  0  9  6  0.2720047455295994E-04
  0  9  7 -0.1719713053717884E-03
  0  9  8 -0.3528173581841968E-03
  0  9  9 -0.5893815613004433E-03
  1  1  1 -0.2079992255118476E+00
  1  2  1 -0.4196008740876464E-02
  1  2  2 -0.4677516824939009E+00
  1  3  1  0.6509999832462585E-02
  1  3  2 -0.4104068952091394E-01
  1  3  3 -0.3980579371493506E-01
  1  4  1  0.2483610107601434E-02
  1  4  2  0.1045064796471585E-01
  1  4  3 -0.7255046441773631E-02
  1  4  4 -0.1078039793097124E-01
  1  5  1 -0.2543863881789855E-03
  1  5  2  0.2539547269897620E-01
  1  5  3  0.2767873196711452E-02
  1  5  4 -0.3075375144629168E-02
  1  5  5 -0.3661772132866901E-02
  1  6  1  0.4838280164076881E-05
  1  6  2  0.4810034994493423E-02
  1  6  3  0.3443855065779133E-02
  1  6  4  0.1759562921006164E-03
  1  6  5 -0.7013937363586347E-03
  1  6  6 -0.1258121473787137E-03
  1  7  1  0.5073030581865295E-03
  1  7  2 -0.2747120973985997E-03
  1  7  3  0.1237157904541633E-02
  1  7  4  0.8448194850738599E-03
  1  7  5  0.2707477929947125E-03
  1  7  6  0.4834618113633316E-03
  1  7  7  0.9069908511836124E-03
  1  8  1  0.1281279548261488E-02
  1  8  2 -0.3193304481682172E-02
  1  8  3 -0.2380059927091009E-03
  1  8  4  0.1257439716955205E-03
  1  8  5  0.1366647585995661E-03
  1  8  6  0.4368549058505764E-03
  1  8  7  0.9373449439680513E-03
  1  8  8  0.1695140420213683E-02
  2  1  1  0.7898602054160420E+00
  2  2  1  0.3339493654859831E-01
  2  2  2  0.1630565316416205E+00
  2  3  1 -0.1264487417771605E-01
  2  3  2  0.3354543592488258E-01
  2  3  3  0.3806410741687950E-01
  2  4  1 -0.1334556054390410E-01
  2  4  2 -0.4597096288616689E-02
  2  4  3  0.9641845500458764E-02
  2  4  4  0.9898454410784624E-02
  2  5  1  0.3896711444029370E-02
  2  5  2 -0.1061420704133427E-01
  2  5  3 -0.1021839463878078E-02
  2  5  4  0.2933818129759555E-02
  2  5  5  0.2293655568055102E-02
  2  6  1  0.3621626216574556E-02
  2  6  2 -0.4237845605823844E-02
  2  6  3 -0.2945398850480617E-02
  2  6  4 -0.2041944909502704E-03
  2  6  5  0.1130813824617354E-03
  2  6  6 -0.8129986457258703E-03
  2  7  1  0.2364644314418725E-02
  2  7  2 -0.3202380284513759E-03
  2  7  3 -0.1157452687697337E-02
  2  7  4 -0.5914180464280103E-03
  2  7  5 -0.5657592357744554E-03
  2  7  6 -0.1218178394435474E-02
  2  7  7 -0.1873731733946346E-02
  2  8  1 -0.3415187678789174E-02
  2  8  2  0.1626121916377656E-02
  2  8  3  0.2558202757642310E-03
  2  8  4  0.2933207855154187E-03
  2  8  5  0.2095526562918363E-04
  2  8  6 -0.9043273427211968E-03
  2  8  7 -0.1765876845666829E-02
  2  8  8 -0.2924531838879068E-02
  3  1  1 -0.3994345888030365E+01
  3  2  1 -0.3443131131970247E+00
  3  2  2 -0.1289183545141701E+00
  3  3  1  0.4386924485164998E-01
  3  3  2 -0.2351474420817171E-01
  3  3  3 -0.3025475427801563E-01
  3  4  1  0.1645266123038306E+00
  3  4  2  0.1334447655499245E-01
  3  4  3 -0.1060488148652159E-01
  3  4  4 -0.1405128697900714E-01
  3  5  1  0.2340691896897118E-01
  3  5  2  0.8908181650007486E-02
  3  5  3 -0.4321132941523647E-03
  3  5  4 -0.3013334710346110E-02
  3  5  5 -0.9708777383165185E-03
  3  6  1 -0.6409186816164835E-02
  3  6  2  0.3137291439321542E-02
  3  6  3  0.1963605227509355E-02
  3  6  4  0.5668210753757923E-03
  3  6  5  0.8207375979312251E-03
  3  6  6  0.1860942399118278E-02
  3  7  1 -0.4304269735791059E-01
  3  7  2 -0.3126547072651140E-02
  3  7  3  0.8614129984403237E-03
  3  7  4  0.1834058367421414E-02
  3  7  5  0.1213887619326293E-02
  3  7  6  0.2087555691499934E-02
  3  7  7  0.3479706523189184E-02
  4  1  1  0.6522259652167788E+00
  4  2  1  0.1512046700826503E+00
  4  2  2  0.9648426282950477E-01
  4  3  1  0.3899821936162196E-02
  4  3  2  0.2618584877458561E-01
  4  3  3  0.2259838437120376E-01
  4  4  1 -0.3017628132370838E-01
  4  4  2 -0.2102772497946414E-02
  4  4  3  0.7710914923410568E-02
  4  4  4  0.6159864496111344E-02
  4  5  1 -0.1708625564755158E-01
  4  5  2 -0.6498006516603384E-02
  4  5  3  0.4138652238110316E-03
  4  5  4  0.1440206654269830E-02
  4  5  5 -0.5750451604327324E-03
  4  6  1 -0.5071818123767015E-02
  4  6  2 -0.3439176634369332E-02
  4  6  3 -0.1085803904996523E-02
  4  6  4 -0.6039994167718592E-03
  4  6  5 -0.1747561721058520E-02
  4  6  6 -0.3017629907459116E-02
  4  7  1  0.4865468343407417E-02
  4  7  2  0.4408470775163152E-03
  4  7  3  0.1323942475896911E-03
  4  7  4 -0.1557593814286128E-03
  4  7  5 -0.1660338045154299E-02
  4  7  6 -0.3095458418735090E-02
  4  7  7 -0.5146614394392969E-02
  5  1  1 -0.2820912641222120E+00
  5  2  1 -0.1023703748751718E+00
  5  2  2 -0.7365024130467972E-01
  5  3  1 -0.1985412187503011E-01
  5  3  2 -0.2632579128491939E-01
  5  3  3 -0.1796314753484637E-01
  5  4  1  0.7714128625681565E-02
  5  4  2 -0.3070085987102601E-02
  5  4  3 -0.5880819660476764E-02
  5  4  4 -0.2892985801890604E-02
  5  5  1  0.9107555486827412E-02
  5  5  2  0.3154782093226715E-02
  5  5  3 -0.1230043588095029E-03
  5  5  4  0.3162700449786871E-03
  5  5  5  0.2168965518022305E-02
  5  6  1  0.4845071120971586E-02
  5  6  2  0.2517463053449977E-02
  5  6  3  0.6523335556604637E-03
  5  6  4  0.1342336632492783E-02
  5  6  5  0.2983597137217844E-02
  5  6  6  0.5696110685752729E-02
  6  1  1  0.1396795094981295E+00
  6  2  1  0.6540846342072380E-01
  6  2  2  0.5122665114069959E-01
  6  3  1  0.2062012649375451E-01
  6  3  2  0.2190844148947345E-01
  6  3  3  0.1337528431133506E-01
  6  4  1  0.1463326889597201E-02
  6  4  2  0.5194464727939323E-02
  6  4  3  0.4060921789988851E-02
  6  4  4  0.3469378588026495E-03
  6  5  1 -0.3024337699652327E-02
  6  5  2 -0.5840969168844031E-03
  6  5  3 -0.2934738812155424E-03
  6  5  4 -0.1958259660162656E-02
  6  5  5 -0.3820588011014408E-02
  6  6  1 -0.2782325527174013E-02
  6  6  2 -0.1073766057632056E-02
  6  6  3 -0.6213445560627662E-03
  6  6  4 -0.2396695049483145E-02
  6  6  5 -0.4304577999842674E-02
  6  6  6 -0.7169164810806272E-02
  7  1  1 -0.7001400481435269E-01
  7  2  1 -0.3803727245021087E-01
  7  2  2 -0.3151182026350219E-01
  7  3  1 -0.1506176287361305E-01
  7  3  2 -0.1478296481394626E-01
  7  3  3 -0.8051716799413165E-02
  7  4  1 -0.3792890981519387E-02
  7  4  2 -0.4326272266809468E-02
  7  4  3 -0.1697990619233181E-02
  7  4  4  0.1736465293835049E-02
  7  5  1  0.3320093433406458E-03
  7  5  2 -0.2719150491562290E-03
  7  5  3  0.1394537126728266E-02
  7  5  4  0.3776884574578621E-02
  7  5  5  0.7376054290951785E-02
  8  1  1  0.3432517502090113E-01
  8  2  1  0.1999322584590246E-01
  8  2  2  0.1676110665217352E-01
  8  3  1  0.8704491508152952E-02
  8  3  2  0.7703069891942678E-02
  8  3  3  0.2892295808380528E-02
  8  4  1  0.2785930005877266E-02
  8  4  2  0.1905231061306805E-02
  8  4  3 -0.9751088560129542E-03
  8  4  4 -0.3849964719291209E-02
  8  5  1  0.5534413122287622E-03
  8  5  2 -0.2064806516542111E-03
  8  5  3 -0.2865556681175935E-02
  8  5  4 -0.5383930212247579E-02
  8  5  5 -0.9023109368349240E-02
  9  1  1 -0.1622065622128672E-01
  9  2  1 -0.9349435208810812E-02
  9  2  2 -0.7275070221634968E-02
  9  3  1 -0.3872135671416829E-02
  9  3  2 -0.2484072253693076E-02
  9  3  3  0.7395690593534064E-03
  9  4  1 -0.1146692170869488E-02
  9  4  2  0.7205969993696674E-03
  9  4  3  0.3526432054262934E-02
  9  4  4  0.7768882550507164E-02
 10  1  1  0.7315453517394510E-02
 10  2  1  0.3705680405819554E-02
 10  2  2  0.2016174920574001E-02
 10  3  1  0.1019374653499757E-02
 10  3  2 -0.6085418807668642E-03
 10  3  3 -0.2985968060367878E-02
 10  4  1 -0.2434208025892774E-03
 10  4  2 -0.2478357633948520E-02
 10  4  3 -0.4955565229986303E-02
 10  4  4 -0.8810609994146778E-02
 11  1  1 -0.3101402964628157E-02
 11  2  1 -0.1070242250311315E-02
 11  2  2  0.2721397646220973E-03
 11  3  1  0.4884933451472496E-03
 11  3  2  0.2232219438825227E-02
 11  3  3  0.5514629474240263E-02
 12  1  1  0.1180471587055428E-02
 12  2  1 -0.4370967748923203E-04
 12  2  2 -0.1182790660592922E-02
 12  3  1 -0.1023470419773323E-02
 12  3  2 -0.2582865928639500E-02
 12  3  3 -0.5350219944648885E-02
 13  1  1 -0.3790725420847320E-03
 13  2  1  0.4957343142663862E-03
 13  2  2  0.1984829276761252E-02
 14  1  1  0.3976350005305646E-04
 14  2  1 -0.5421795004819888E-03
 14  2  2 -0.1705274469211872E-02
 15  1  1  0.1788772217369836E-03
 16  1  1 -0.1820415451270107E-03
  0  1  1  0.1872670360188015E-01
  0  2  1 -0.6951040566795873E-02
  0  2  2  0.8110743381696824E-01
  0  3  1 -0.4635216619812741E-03
  0  3  2  0.2541667588326999E-02
  0  3  3  0.1302630667617022E-01
  0  4  1  0.1420185038089431E-03
  0  4  2 -0.2053005722800809E-02
  0  4  3  0.2001448377431593E-02
  0  4  4  0.3222657714823252E-02
  0  5  1  0.1956636064914227E-03
  0  5  2 -0.2764102583324282E-02
  0  5  3 -0.7906445551484361E-03
  0  5  4  0.6821803250091830E-03
  0  5  5  0.8836467920475636E-03
  0  6  1 -0.8297874172303179E-04
  0  6  2 -0.1658219206167485E-04
  0  6  3 -0.1107383856241224E-02
  0  6  4 -0.1655770040101946E-03
  0  6  5  0.2178167028654976E-03
  0  6  6  0.1837524606675450E-03
  0  7  1 -0.1073404296885393E-03
  0  7  2  0.1694538450036060E-03
  0  7  3 -0.3857741633923105E-03
  0  7  4 -0.3111475565453205E-03
  0  7  5 -0.3788865024678051E-04
  0  7  6 -0.1349524850978160E-04
  0  7  7 -0.9630729092128583E-04
  0  8  1 -0.8374924209493928E-04
  0  8  2  0.2500747260491672E-03
  0  8  3 -0.2267621056056579E-04
  0  8  4 -0.1032131248244205E-03
  0  8  5 -0.6102908827676684E-04
  0  8  6 -0.6092395539955001E-04
  0  8  7 -0.1287505513324539E-03
  0  8  8 -0.1925147467887932E-03
  0  9  1  0.1207053076504947E-05
  0  9  2 -0.3469170887159150E-03
  0  9  3  0.1331586210819981E-03
  0  9  4  0.3410426014512313E-04
  0  9  5  0.4853749944273483E-04
  0  9  6  0.1360023727647997E-04
  0  9  7 -0.8598565268589422E-04
  0  9  8 -0.1764086790920984E-03
  0  9  9 -0.2946907806502217E-03
  1  1  1  0.3188437687202439E-02
  1  2  1 -0.1245347693239946E-02
  1  2  2 -0.2728007640449801E-01
  1  3  1  0.1701448732011071E-03
  1  3  2 -0.2565770297549739E-02
  1  3  3 -0.5255065443572310E-03
  1  4  1 -0.3282623968542020E-04
  1  4  2 -0.1156157312975477E-03
  1  4  3 -0.1394693084772662E-03
  1  4  4 -0.1074926532747759E-03
  1  5  1 -0.1333694810840370E-03
  1  5  2  0.1466721963593331E-02
  1  5  3  0.7674962968283881E-04
  1  5  4 -0.2879038802786558E-04
  1  5  5 -0.9006739104999844E-04
  1  6  1 -0.2639449911457204E-03
  1  6  2  0.1118462387585330E-04
  1  6  3  0.1030866994377215E-04
  1  6  4 -0.4009541853438686E-05
  1  6  5  0.1713729274513842E-05
  1  6  6  0.9169950908241527E-05
  1  7  1 -0.2119822161351611E-03
  1  7  2 -0.1461004316012030E-03
  1  7  3 -0.8035956638133896E-05
  1  7  4  0.1321968288056142E-04
  1  7  5  0.1277159549316612E-04
  1  7  6  0.1110775650763757E-04
  1  7  7  0.7990804390492874E-05
  1  8  1 -0.2000370489194996E-03
  1  8  2 -0.7065094041922989E-03
  1  8  3 -0.7027130197062440E-04
  1  8  4  0.7145931403003596E-05
  1  8  5  0.3919995240460778E-04
  1  8  6  0.1484485173945768E-04
  1  8  7  0.8883971784438018E-05
  1  8  8  0.4957791459665431E-05
  2  1  1 -0.3839913446671667E-01
  2  2  1 -0.2886077576018800E-02
  2  2  2  0.2319248908354875E-02
  2  3  1 -0.2777496003690743E-02
  2  3  2  0.4362586412800448E-03
  2  3  3  0.8002003294172493E-04
  2  4  1 -0.8070171543583550E-03
  2  4  2 -0.9323699795874658E-04
  2  4  3  0.4752473081186880E-04
  2  4  4  0.5871451054085412E-04
  2  5  1 -0.5683233712350428E-03
  2  5  2 -0.3139389262959561E-03
  2  5  3 -0.7045876873616055E-04
  2  5  4  0.1986935558489980E-04
  2  5  5  0.2152612091398206E-04
  2  6  1  0.3177425250338651E-03
  2  6  2 -0.1302094936485986E-03
  2  6  3 -0.3037855278422942E-04
  2  6  4  0.1491628931331190E-05
  2  6  5  0.1185248398436747E-04
  2  6  6  0.6703037090944536E-06
  2  7  1  0.3722471972110813E-03
  2  7  2 -0.2644220565501510E-04
  2  7  3 -0.2367752924015344E-04
  2  7  4 -0.8547810258688984E-05
  2  7  5  0.6341827424752653E-06
  2  7  6 -0.3477157066600079E-05
  2  7  7 -0.5625590425177509E-05
  2  8  1  0.8665090581456755E-03
  2  8  2  0.1596100456654743E-03
  2  8  3  0.4665468326964485E-04
  2  8  4  0.1699560371537622E-06
  2  8  5  0.1537006247530144E-06
  2  8  6 -0.9490144007222924E-05
  2  8  7 -0.9297707847511333E-05
  2  8  8 -0.1715477567197767E-04
  3  1  1 -0.3417638864150774E+00
  3  2  1 -0.2880206663328625E-01
  3  2  2 -0.3446299484673322E-02
  3  3  1  0.3784724084743011E-02
  3  3  2  0.2698968811520922E-04
  3  3  3 -0.2541044960816373E-03
  3  4  1  0.1674335448952437E-01
  3  4  2  0.1374277643243522E-02
  3  4  3 -0.2071823370725957E-03
  3  4  4 -0.7776669381720038E-03
  3  5  1  0.3341269673270119E-02
  3  5  2  0.4259636299592589E-03
  3  5  3 -0.1459817355636515E-04
  3  5  4 -0.1346639624596308E-03
  3  5  5 -0.2978444195102947E-04
  3  6  1  0.3874941395911555E-03
  3  6  2  0.1362655438813427E-03
  3  6  3  0.4516980489364142E-04
  3  6  4  0.5127735618389498E-05
  3  6  5  0.4346981585009532E-05
  3  6  6  0.5175320102035962E-05
  3  7  1 -0.4197544027981504E-02
  3  7  2 -0.2829301042027400E-03
  3  7  3  0.6990140672581447E-04
  3  7  4  0.1999630093091042E-03
  3  7  5  0.3697409088816240E-04
  3  7  6  0.6160231228354291E-05
  3  7  7 -0.4040884631114666E-04
  4  1  1  0.2226908617945347E-01
  4  2  1  0.5750030507265346E-02
  4  2  2  0.1893171263576272E-02
  4  3  1  0.4473760858341630E-03
  4  3  2  0.3326833854712467E-03
  4  3  3  0.1581764911878768E-03
  4  4  1 -0.1384704875129054E-02
  4  4  2 -0.2644065605631249E-03
  4  4  3  0.3175316828692941E-04
  4  4  4  0.9418896138625270E-04
  4  5  1 -0.1063491097958427E-02
  4  5  2 -0.2839815421058908E-03
  4  5  3 -0.1811776021076859E-04
  4  5  4  0.5033573049357489E-04
  4  5  5  0.3060613191352744E-04
  4  6  1 -0.5599880187548687E-03
  4  6  2 -0.1799357084721745E-03
  4  6  3 -0.3035291920088001E-04
  4  6  4  0.1578012077069893E-04
  4  6  5  0.9086852835095290E-05
  4  6  6 -0.5204842862902582E-06
  4  7  1  0.1464557048801578E-04
  4  7  2 -0.4497392004959226E-04
  4  7  3 -0.2314058959511944E-04
  4  7  4 -0.1298619781504330E-04
  4  7  5 -0.1039523526872301E-04
  4  7  6 -0.1020705618862217E-04
  4  7  7 -0.1142958169585988E-04
  5  1  1 -0.5342985314457977E-02
  5  2  1 -0.2368219921452566E-02
  5  2  2 -0.1190006595066651E-02
  5  3  1 -0.6882824904911387E-03
  5  3  2 -0.4105150205538815E-03
  5  3  3 -0.1730766257728920E-03
  5  4  1  0.1325679956556932E-03
  5  4  2 -0.8699478311790665E-05
  5  4  3 -0.3221635004287375E-04
  5  4  4 -0.2107496983551967E-04
  5  5  1  0.3024737353098887E-03
  5  5  2  0.1098187553571265E-03
  5  5  3  0.2062606996437958E-04
  5  5  4 -0.5756788698743639E-05
  5  5  5 -0.5289521941859855E-05
  5  6  1  0.3165201767140397E-03
  5  6  2  0.1364579021441888E-03
  5  6  3  0.3836477631235854E-04
  5  6  4  0.3703856004871880E-05
  5  6  5 -0.3105499987081222E-06
  5  6  6  0.4645873342640181E-05
  6  1  1  0.1634548837840936E-02
  6  2  1  0.1002301907700695E-02
  6  2  2  0.6503224045817007E-03
  6  3  1  0.4536850657910528E-03
  6  3  2  0.3095615676181163E-03
  6  3  3  0.1496948542861089E-03
  6  4  1  0.1033657847695444E-03
  6  4  2  0.8904965861302681E-04
  6  4  3  0.4344510475358143E-04
  6  4  4  0.7158541117287088E-05
  6  5  1 -0.4207869678393723E-04
  6  5  2 -0.1120159476189649E-04
  6  5  3 -0.4667430756863755E-05
  6  5  4 -0.8880515401630125E-05
  6  5  5 -0.1130129928658505E-04
  6  6  1 -0.1161079303926642E-03
  6  6  2 -0.5869936652183803E-04
  6  6  3 -0.2564413188006670E-04
  6  6  4 -0.1506420330619948E-04
  6  6  5 -0.1219150430571211E-04
  6  6  6 -0.1349112517016783E-04
  7  1  1 -0.5198686968655164E-03
  7  2  1 -0.3921499297890257E-03
  7  2  2 -0.2974235849585318E-03
  7  3  1 -0.2249842355864774E-03
  7  3  2 -0.1676413051555736E-03
  7  3  3 -0.8607155676280000E-04
  7  4  1 -0.9734645366258346E-04
  7  4  2 -0.7119958532806641E-04
  7  4  3 -0.2947273286153451E-04
  7  4  4 -0.1625247114241880E-05
  7  5  1 -0.1294549342021899E-04
  7  5  2 -0.9545949340587239E-05
  7  5  3  0.5843946550022108E-05
  7  5  4  0.1523581538661593E-04
  7  5  5  0.2293836432913236E-04
  8  1  1  0.1586083513531586E-03
  8  2  1  0.1351336056000035E-03
  8  2  2  0.1088347141848017E-03
  8  3  1  0.8812033949217010E-04
  8  3  2  0.6343607953825074E-04
  8  3  3  0.2640169156242574E-04
  8  4  1  0.4641296443420398E-04
  8  4  2  0.2843406888235198E-04
  8  4  3  0.2709133399704956E-05
  8  4  4 -0.1217376230741000E-04
  8  5  1  0.1661128235288389E-04
  8  5  2  0.3543619400240980E-05
  8  5  3 -0.1449863619795542E-04
  8  5  4 -0.2260242241060738E-04
  8  5  5 -0.3058847914556059E-04
  9  1  1 -0.4303115311715884E-04
  9  2  1 -0.3778480375847712E-04
  9  2  2 -0.2753166487357422E-04
  9  3  1 -0.2532102990814725E-04
  9  3  2 -0.1358958663593430E-04
  9  3  3 -0.4625254753948807E-06
  9  4  1 -0.1391073830803149E-04
  9  4  2 -0.5843077885289199E-08
  9  4  3  0.1181778888965240E-04
  9  4  4  0.2433295163125609E-04
 10  1  1  0.9334592042566953E-05
 10  2  1  0.6824994665933112E-05
 10  2  2  0.7615867765282553E-06
 10  3  1  0.3508304119177637E-05
 10  3  2 -0.4067838980837108E-05
 10  3  3 -0.9859651203066853E-05
 10  4  1 -0.7330921098848973E-06
 10  4  2 -0.1074200211131154E-04
 10  4  3 -0.1689240050305908E-04
 10  4  4 -0.2576435826168718E-04
 11  1  1 -0.1358036664323471E-05
 11  2  1 -0.5139018131714353E-06
 11  2  2  0.1399009364342763E-05
 11  3  1  0.1174268143192877E-05
 11  3  2  0.4386381692458170E-05
 11  3  3  0.9344226259925440E-05
 12  1  1 -0.1733701612459792E-06
 12  2  1 -0.6498988710805131E-06
 12  2  2 -0.1680461322072937E-05
 12  3  1 -0.1589186319026654E-05
 12  3  2 -0.3323052730401983E-05
 12  3  3 -0.6199368615846317E-05
 13  1  1  0.4688534545485847E-07
 13  2  1  0.2203199906333098E-06
 13  2  2  0.7239356953400441E-06
 14  1  1 -0.4590942560529637E-07
 14  2  1 -0.1234125225178477E-06
 14  2  2 -0.3378999115619089E-06
 15  1  1  0.6750705157094930E-08
 16  1  1 -0.1316401547142020E-08
  0  1  1  0.4502501316912913E-01
  0  2  1  0.1603029147961533E-01
  0  2  2  0.1141157007539765E+00
  0  3  1  0.7458646670163382E-03
  0  3  2  0.3646517583196907E-02
  0  3  3  0.4058654255015851E-01
  0  4  1 -0.6144964694227244E-03
  0  4  2 -0.2556057753616652E-02
  0  4  3  0.2854958646046066E-02
  0  4  4  0.9102492061935946E-02
  0  5  1 -0.7939543451828592E-03
  0  5  2 -0.4013518108237891E-02
  0  5  3 -0.2182820189672506E-02
  0  5  4  0.1178492692399645E-02
  0  5  5  0.2839762629479430E-02
  0  6  1 -0.4551087884747700E-03
  0  6  2 -0.5665128405565770E-03
  0  6  3 -0.3897520594870719E-02
  0  6  4 -0.5336485470478717E-03
  0  6  5  0.6197445464581188E-03
  0  6  6  0.1017114533024380E-02
  0  7  1 -0.4086704089459935E-03
  0  7  2 -0.3217242656525639E-03
  0  7  3 -0.1852985941199960E-02
  0  7  4 -0.1262812071682702E-02
  0  7  5 -0.1344324291407170E-03
  0  7  6  0.2052097903272572E-03
  0  7  7  0.1556755224517859E-03
  0  8  1 -0.2823514439463400E-03
  0  8  2 -0.4843613188486761E-04
  0  8  3 -0.9185554920139850E-03
  0  8  4 -0.7043968517731635E-03
  0  8  5 -0.4076530600930745E-03
  0  8  6 -0.6819680333582349E-04
  0  8  7 -0.7561388769463389E-04
  0  8  8 -0.1763251273454043E-03
  0  9  1 -0.3483432799840461E-03
  0  9  2 -0.8839017107928928E-03
  0  9  3 -0.4959455122235069E-03
  0  9  4 -0.5714965152623948E-03
  0  9  5 -0.3691498412743216E-03
  0  9  6 -0.1877737525782040E-03
  0  9  7 -0.1607310939087241E-03
  0  9  8 -0.2386572329495930E-03
  0  9  9 -0.4477191815994232E-03
  1  1  1 -0.1428325911014515E+00
  1  2  1  0.2957465915440792E-01
  1  2  2 -0.2448773986604587E+01
  1  3  1  0.3978403287807871E-02
  1  3  2 -0.1332605634917212E+00
  1  3  3 -0.8441523817007952E-01
  1  4  1  0.2645129841409871E-02
  1  4  2 -0.9813704302374679E-01
  1  4  3 -0.1850343749580577E-01
  1  4  4 -0.2528610278377689E-01
  1  5  1 -0.1953666658094474E-02
  1  5  2  0.1226132100243314E+00
  1  5  3  0.1246317773826162E-02
  1  5  4 -0.3978810139192174E-03
  1  5  5 -0.1299122250180349E-01
  1  6  1  0.5897015632621460E-04
  1  6  2  0.1540416201296468E-03
  1  6  3  0.4241842968758916E-02
  1  6  4 -0.1048496154964808E-02
  1  6  5 -0.1622053895592452E-02
  1  6  6 -0.1884462207183178E-02
  1  7  1  0.1564564734629720E-03
  1  7  2  0.1539544373850654E-01
  1  7  3  0.2163807216589266E-02
  1  7  4  0.2041134399746394E-02
  1  7  5 -0.1031800387811892E-02
  1  7  6 -0.2191422643727140E-03
  1  7  7 -0.3505249876859612E-04
  1  8  1  0.1058002119876459E-02
  1  8  2 -0.8628033183523771E-02
  1  8  3  0.1179265652258928E-02
  1  8  4  0.8218294980256835E-03
  1  8  5  0.1195473794682749E-02
  1  8  6  0.3202348797190642E-03
  1  8  7  0.6256708286995908E-03
  1  8  8  0.1199868175072166E-02
  2  1  1  0.3710166201214455E+00
  2  2  1  0.7217377549591284E-02
  2  2  2  0.3082271357066423E+00
  2  3  1 -0.6951934404785998E-02
  2  3  2  0.6850761500273506E-01
  2  3  3  0.7228233437135320E-01
  2  4  1 -0.6794008091392184E-02
  2  4  2  0.1875334744607705E-01
  2  4  3  0.2286479700631428E-01
  2  4  4  0.2294323002375480E-01
  2  5  1  0.1625375846448277E-02
  2  5  2 -0.3815716970043286E-02
  2  5  3  0.5293148752548653E-02
  2  5  4  0.7785407250673533E-02
  2  5  5  0.6919738918914003E-02
  2  6  1  0.1791553154272674E-02
  2  6  2  0.2345742410817317E-04
  2  6  3 -0.9989260028331860E-03
  2  6  4  0.1863241134748758E-02
  2  6  5  0.2093308507416487E-02
  2  6  6  0.1105497691324337E-02
  2  7  1  0.1278540079729433E-02
  2  7  2  0.6227451280130341E-03
  2  7  3 -0.8155237033867879E-03
  2  7  4 -0.5739108413787743E-03
  2  7  5  0.7861180548948609E-04
  2  7  6 -0.3181543510303362E-03
  2  7  7 -0.1045806432290021E-02
  2  8  1 -0.1102462730761106E-02
  2  8  2  0.1963708835149237E-02
  2  8  3 -0.7487161032561379E-03
  2  8  4 -0.9719123173258927E-03
  2  8  5 -0.7613310883581499E-03
  2  8  6 -0.9749062206746220E-03
  2  8  7 -0.1484764145217000E-02
  2  8  8 -0.2690657924523142E-02
  3  1  1 -0.1710821074879061E+01
  3  2  1 -0.9466369101293919E-01
  3  2  2 -0.1274420635968757E+00
  3  3  1 -0.1687304999965810E-01
  3  3  2 -0.2866081775329822E-01
  3  3  3 -0.4606064124324767E-01
  3  4  1  0.4579155264081046E-01
  3  4  2 -0.8857757761044093E-03
  3  4  3 -0.1437684722348951E-01
  3  4  4 -0.1700870220945597E-01
  3  5  1 -0.8590746400225118E-02
  3  5  2  0.2674132109274926E-02
  3  5  3 -0.4443385873119444E-02
  3  5  4 -0.6040909350116854E-02
  3  5  5 -0.4833430742159939E-02
  3  6  1 -0.7977337476611739E-02
  3  6  2  0.4601702506289109E-03
  3  6  3  0.3714433012584564E-03
  3  6  4 -0.1371842785078567E-02
  3  6  5 -0.1154647530640076E-02
  3  6  6  0.1640686083455025E-03
  3  7  1 -0.1685597040536485E-01
  3  7  2 -0.2075205072329222E-02
  3  7  3  0.5294166741297708E-03
  3  7  4  0.9192345244440926E-03
  3  7  5  0.7012947102596627E-03
  3  7  6  0.1449751602097548E-02
  3  7  7  0.3259160965701675E-02
  4  1  1  0.8049369475868245E+00
  4  2  1  0.9215041356670893E-01
  4  2  2  0.7842808362251520E-01
  4  3  1 -0.1811565544149221E-01
  4  3  2  0.1114642868667420E-01
  4  3  3  0.2320854646766505E-01
  4  4  1 -0.4404197521006872E-01
  4  4  2 -0.7293748400534978E-02
  4  4  3  0.6828439227392666E-02
  4  4  4  0.9461167858667876E-02
  4  5  1 -0.1682677774978774E-01
  4  5  2 -0.7362767291882980E-02
  4  5  3  0.5208281898283899E-03
  4  5  4  0.3015732775432312E-02
  4  5  5  0.1594652528221576E-02
  4  6  1 -0.4372841608056113E-02
  4  6  2 -0.3207174247911992E-02
  4  6  3 -0.1340623707119478E-02
  4  6  4  0.9741884179723434E-04
  4  6  5 -0.5559249951150523E-03
  4  6  6 -0.1848509208087237E-02
  4  7  1  0.7545142682385514E-02
  4  7  2 -0.1694378377130107E-03
  4  7  3 -0.1246725508621561E-02
  4  7  4 -0.1159603644676683E-02
  4  7  5 -0.1728074218572428E-02
  4  7  6 -0.2687902526708786E-02
  4  7  7 -0.4821142244337540E-02
  5  1  1 -0.3179715183610848E+00
  5  2  1 -0.6595832954819743E-01
  5  2  2 -0.5782208242323936E-01
  5  3  1  0.3518647698737257E-02
  5  3  2 -0.1039748482775995E-01
  5  3  3 -0.1316905169046850E-01
  5  4  1  0.1930913560711264E-01
  5  4  2  0.5269099932662679E-02
  5  4  3 -0.2335991336214778E-02
  5  4  4 -0.3064596841727507E-02
  5  5  1  0.1246733077746389E-01
  5  5  2  0.6643961864824278E-02
  5  5  3  0.1468575922674628E-02
  5  5  4  0.4849405914764180E-04
  5  5  5  0.9909357306932224E-03
  5  6  1  0.5709563665785180E-02
  5  6  2  0.4401389500037866E-02
  5  6  3  0.2075080935575324E-02
  5  6  4  0.1398107266707931E-02
  5  6  5  0.2149338672027366E-02
  5  6  6  0.4537534312063435E-02
  6  1  1  0.1664686844120086E+00
  6  2  1  0.5020999125468899E-01
  6  2  2  0.4348383504690274E-01
  6  3  1  0.6134931288694184E-02
  6  3  2  0.1110786488310170E-01
  6  3  3  0.8761996365258352E-02
  6  4  1 -0.7339449225544116E-02
  6  4  2 -0.1849989431287973E-02
  6  4  3  0.6094338808064935E-03
  6  4  4 -0.2603679758879352E-03
  6  5  1 -0.6782509686408882E-02
  6  5  2 -0.4125742370019277E-02
  6  5  3 -0.1997667689954329E-02
  6  5  4 -0.1947668931843737E-02
  6  5  5 -0.2890076765229751E-02
  6  6  1 -0.4687140176389681E-02
  6  6  2 -0.3222216737280325E-02
  6  6  3 -0.1754442032705721E-02
  6  6  4 -0.2151426535188243E-02
  6  6  5 -0.3238624826156372E-02
  6  6  6 -0.5602299779009583E-02
  7  1  1 -0.9066260682963136E-01
  7  2  1 -0.3368802474511826E-01
  7  2  2 -0.2958221396903553E-01
  7  3  1 -0.7840676370859218E-02
  7  3  2 -0.9117376192512523E-02
  7  3  3 -0.5336164784520993E-02
  7  4  1  0.1248887929741205E-02
  7  4  2 -0.1025989620217863E-03
  7  4  3  0.4241939092893539E-03
  7  4  4  0.2077142566004480E-02
  7  5  1  0.3418063849366160E-02
  7  5  2  0.2369408703197535E-02
  7  5  3  0.2406077298346374E-02
  7  5  4  0.3375868059081932E-02
  7  5  5  0.5762781965734253E-02
  8  1  1  0.4888658059586747E-01
  8  2  1  0.1999539539711075E-01
  8  2  2  0.1753972720280940E-01
  8  3  1  0.5750978318225396E-02
  8  3  2  0.5359659814096668E-02
  8  3  3  0.1785288825589832E-02
  8  4  1  0.3452783005170934E-03
  8  4  2 -0.1534571907405459E-03
  8  4  3 -0.1921282095161903E-02
  8  4  4 -0.3764244047760961E-02
  8  5  1 -0.1034076686992761E-02
  8  5  2 -0.1327448766076490E-02
  8  5  3 -0.2914189558204711E-02
  8  5  4 -0.4552757272042244E-02
  8  5  5 -0.7155914585724242E-02
  9  1  1 -0.2568948424844009E-01
  9  2  1 -0.1046227422154256E-01
  9  2  2 -0.8650758955165306E-02
  9  3  1 -0.2908927888726305E-02
  9  3  2 -0.1690994359947602E-02
  9  3  3  0.1109898370407257E-02
  9  4  1 -0.4552708472666884E-04
  9  4  2  0.1594233373369452E-02
  9  4  3  0.3827513743738221E-02
  9  4  4  0.7239532548493385E-02
 10  1  1  0.1306507566245508E-01
 10  2  1  0.4657246258315001E-02
 10  2  2  0.3009949256570647E-02
 10  3  1  0.6837846598574297E-03
 10  3  2 -0.9933779880415587E-03
 10  3  3 -0.3282291393112600E-02
 10  4  1 -0.6134263426356314E-03
 10  4  2 -0.2835264219913996E-02
 10  4  3 -0.5144547913861834E-02
 10  4  4 -0.8532449138836738E-02
 11  1  1 -0.6381444022939601E-02
 11  2  1 -0.1561546331695774E-02
 11  2  2 -0.1342019915328747E-03
 11  3  1  0.7617447993650527E-03
 11  3  2  0.2713971638341056E-02
 11  3  3  0.6181628214573850E-02
 12  1  1  0.2929605835439242E-02
 12  2  1  0.4177931556507051E-04
 12  2  2 -0.1283110634246238E-02
 12  3  1 -0.1359450769945493E-02
 12  3  2 -0.3249956158359388E-02
 12  3  3 -0.6356307229103141E-02
 13  1  1 -0.1244499567617500E-02
 13  2  1  0.6969122579067103E-03
 13  2  2  0.2631779367218871E-02
 14  1  1  0.4033980753954009E-03
 14  2  1 -0.8671744535988838E-03
 14  2  2 -0.2498072671673367E-02
 15  1  1  0.1606880384136044E-03
 16  1  1 -0.2893551137643130E-03
  0  1  1  0.2251250658456456E-01
  0  2  1  0.8015145739807663E-02
  0  2  2  0.5705785037698825E-01
  0  3  1  0.3729323335081691E-03
  0  3  2  0.1823258791598453E-02
  0  3  3  0.2029327127507926E-01
  0  4  1 -0.3072482347113622E-03
  0  4  2 -0.1278028876808326E-02
  0  4  3  0.1427479323023033E-02
  0  4  4  0.4551246030967973E-02
  0  5  1 -0.3969771725914296E-03
  0  5  2 -0.2006759054118945E-02
  0  5  3 -0.1091410094836253E-02
  0  5  4  0.5892463461998226E-03
  0  5  5  0.1419881314739715E-02
  0  6  1 -0.2275543942373850E-03
  0  6  2 -0.2832564202782885E-03
  0  6  3 -0.1948760297435359E-02
  0  6  4 -0.2668242735239358E-03
  0  6  5  0.3098722732290594E-03
  0  6  6  0.5085572665121900E-03
  0  7  1 -0.2043352044729967E-03
  0  7  2 -0.1608621328262820E-03
  0  7  3 -0.9264929705999801E-03
  0  7  4 -0.6314060358413511E-03
  0  7  5 -0.6721621457035850E-04
  0  7  6  0.1026048951636286E-03
  0  7  7  0.7783776122589296E-04
  0  8  1 -0.1411757219731700E-03
  0  8  2 -0.2421806594243380E-04
  0  8  3 -0.4592777460069925E-03
  0  8  4 -0.3521984258865818E-03
  0  8  5 -0.2038265300465373E-03
  0  8  6 -0.3409840166791175E-04
  0  8  7 -0.3780694384731694E-04
  0  8  8 -0.8816256367270216E-04
  0  9  1 -0.1741716399920231E-03
  0  9  2 -0.4419508553964464E-03
  0  9  3 -0.2479727561117535E-03
  0  9  4 -0.2857482576311974E-03
  0  9  5 -0.1845749206371608E-03
  0  9  6 -0.9388687628910202E-04
  0  9  7 -0.8036554695436204E-04
  0  9  8 -0.1193286164747965E-03
  0  9  9 -0.2238595907997116E-03
  1  1  1  0.2565400753530633E-02
  1  2  1 -0.4971543046509316E-02
  1  2  2 -0.2530192403721278E+00
  1  3  1 -0.2807339574393130E-03
  1  3  2 -0.1155045010217167E-01
  1  3  3 -0.1766743601521146E-02
  1  4  1 -0.2986250046908906E-03
  1  4  2 -0.8737612188316020E-02
  1  4  3 -0.6565693456357533E-03
  1  4  4 -0.4534263955070447E-03
  1  5  1  0.5907125410965193E-04
  1  5  2  0.1611047382174914E-01
  1  5  3  0.5835775349221831E-03
  1  5  4  0.5503733729215218E-03
  1  5  5 -0.1010857116449483E-02
  1  6  1 -0.1281308969443834E-03
  1  6  2  0.2142435110672363E-03
  1  6  3  0.1477965802706690E-03
  1  6  4  0.1254866940172594E-04
  1  6  5  0.3854178869238764E-05
  1  6  6 -0.1546038141457418E-04
  1  7  1 -0.6836092339660618E-04
  1  7  2  0.1838638653816902E-02
  1  7  3  0.1260150600864433E-03
  1  7  4  0.9755351721669667E-04
  1  7  5 -0.1136230574082114E-03
  1  7  6  0.1462364706094146E-06
  1  7  7 -0.1646790556325839E-04
  1  8  1 -0.4642383359727583E-04
  1  8  2 -0.2650514875258445E-02
  1  8  3 -0.7076593040152629E-04
  1  8  4 -0.8591816820552764E-04
  1  8  5  0.1505416204476597E-03
  1  8  6 -0.7825795286998177E-06
  1  8  7  0.1917032983634332E-04
  1  8  8 -0.9770016590077070E-05
  2  1  1 -0.1202958791046997E-01
  2  2  1 -0.1291921108214229E-02
  2  2  2  0.6000807373746154E-02
  2  3  1 -0.1169683218097781E-02
  2  3  2  0.1336754997122487E-02
  2  3  3  0.6972741584288844E-03
  2  4  1 -0.3939332169678715E-03
  2  4  2  0.1981896679704828E-03
  2  4  3  0.3077320915897228E-03
  2  4  4  0.1831871315575408E-03
  2  5  1 -0.1715166914368463E-03
  2  5  2 -0.5055296786997322E-03
  2  5  3  0.8924808512537049E-05
  2  5  4  0.5507435392070724E-04
  2  5  5  0.5775560706728695E-04
  2  6  1  0.1355185139705756E-03
  2  6  2 -0.2559033296264300E-03
  2  6  3 -0.5672799144988455E-04
  2  6  4 -0.6119687708567766E-05
  2  6  5  0.1153809124059681E-04
  2  6  6  0.6576718966015239E-06
  2  7  1  0.1578777256085396E-03
  2  7  2 -0.1268793921469762E-03
  2  7  3 -0.5396917592860018E-04
  2  7  4 -0.2328828728451496E-04
  2  7  5 -0.1597715479294069E-05
  2  7  6 -0.2976771095289497E-05
  2  7  7 -0.2937951562267268E-05
  2  8  1  0.2734999786736108E-03
  2  8  2  0.1578595979622950E-03
  2  8  3  0.1819690815598398E-05
  2  8  4 -0.1781215795773116E-04
  2  8  5 -0.1662355174284425E-04
  2  8  6 -0.9802830097279377E-05
  2  8  7 -0.6540111227913559E-05
  2  8  8 -0.6547804220709955E-05
  3  1  1  0.6632111623771532E-01
  3  2  1 -0.5375163363637296E-02
  3  2  2 -0.2385810674007469E-02
  3  3  1  0.3339747382804557E-02
  3  3  2 -0.6105581963194574E-03
  3  3  3 -0.1158132296533127E-03
  3  4  1  0.9397909417812987E-03
  3  4  2  0.2345885689649035E-03
  3  4  3 -0.1510383628540674E-03
  3  4  4 -0.1516822900466708E-03
  3  5  1  0.2976723624139870E-02
  3  5  2  0.2793244463666196E-03
  3  5  3  0.8568038941511035E-04
  3  5  4 -0.9133346956260890E-04
  3  5  5  0.6753959824601752E-05
  3  6  1  0.1232605384020106E-02
  3  6  2  0.1986494940405286E-03
  3  6  3  0.6538694791791452E-04
  3  6  4 -0.2138169665702477E-04
  3  6  5  0.5361738254741991E-05
  3  6  6  0.5547606519110200E-05
  3  7  1  0.4107996627334960E-03
  3  7  2  0.2604972539471619E-04
  3  7  3  0.6980686019530197E-04
  3  7  4  0.2643927600324430E-04
  3  7  5  0.3181534609648488E-04
  3  7  6  0.1561767108129988E-04
  3  7  7  0.1052735331335612E-04
  4  1  1  0.3516938427299625E-01
  4  2  1  0.6621989559555182E-02
  4  2  2  0.1520687572021377E-02
  4  3  1  0.5878329647345582E-03
  4  3  2  0.2754061709558928E-03
  4  3  3  0.1639370726141247E-03
  4  4  1 -0.2115797203765838E-02
  4  4  2 -0.3055404448948921E-03
  4  4  3  0.3755991738510213E-04
  4  4  4  0.1485413801655829E-03
  4  5  1 -0.1232770187741748E-02
  4  5  2 -0.2299695937174318E-03
  4  5  3  0.5442926117286692E-05
  4  5  4  0.7385752932570760E-04
  4  5  5  0.3754789571109020E-04
  4  6  1 -0.6491395979155216E-03
  4  6  2 -0.1435733546449229E-03
  4  6  3 -0.1712922070416637E-04
  4  6  4  0.3042957658232898E-04
  4  6  5  0.1309049613609401E-04
  4  6  6  0.2433902220719050E-05
  4  7  1  0.2122838857245846E-03
  4  7  2 -0.3516868579541488E-05
  4  7  3 -0.1632564094831291E-04
  4  7  4 -0.2076941871343834E-04
  4  7  5 -0.1351476301549296E-04
  4  7  6 -0.1106459626662608E-04
  4  7  7 -0.7381955667094215E-05
  5  1  1 -0.6586437430022147E-02
  5  2  1 -0.2280031127098119E-02
  5  2  2 -0.8887200777696605E-03
  5  3  1 -0.5149927456451384E-03
  5  3  2 -0.2408619131797894E-03
  5  3  3 -0.8948343184135457E-04
  5  4  1  0.3173917858333310E-03
  5  4  2  0.6595966897380763E-04
  5  4  3 -0.4117243690426499E-05
  5  4  4 -0.2086929954824009E-04
  5  5  1  0.3826617618159662E-03
  5  5  2  0.1186011426118275E-03
  5  5  3  0.1638057225817926E-04
  5  5  4 -0.1453759185569246E-04
  5  5  5 -0.1251510321044006E-04
  5  6  1  0.3332733670274803E-03
  5  6  2  0.1193266928071996E-03
  5  6  3  0.2571662893406673E-04
  5  6  4 -0.6030709013268924E-05
  5  6  5 -0.5668642155295795E-05
  5  6  6 -0.3751272041311960E-07
  6  1  1  0.1966178457177884E-02
  6  2  1  0.9975866352785025E-03
  6  2  2  0.5304173700737668E-03
  6  3  1  0.3774964845771901E-03
  6  3  2  0.2068779883416565E-03
  6  3  3  0.7763912554180291E-04
  6  4  1  0.1765619415844103E-04
  6  4  2  0.2438738961881541E-04
  6  4  3  0.5568664055061269E-05
  6  4  4 -0.8483889690337434E-05
  6  5  1 -0.9412611903553411E-04
  6  5  2 -0.3851596507773128E-04
  6  5  3 -0.1609482497901772E-04
  6  5  4 -0.1083761712819629E-04
  6  5  5 -0.8933575321467916E-05
  6  6  1 -0.1484259995522275E-03
  6  6  2 -0.6775930370312892E-04
  6  6  3 -0.2535020240932879E-04
  6  6  4 -0.1078514652212993E-04
  6  6  5 -0.7911640905127381E-05
  6  6  6 -0.8531173955596450E-05
  7  1  1 -0.6433990805308578E-03
  7  2  1 -0.4160161396113865E-03
  7  2  2 -0.2668166632099673E-03
  7  3  1 -0.2083356095934297E-03
  7  3  2 -0.1277681201361097E-03
  7  3  3 -0.4989587852549540E-04
  7  4  1 -0.7202646995698876E-04
  7  4  2 -0.4203995911781972E-04
  7  4  3 -0.7394993064646051E-05
  7  4  4  0.1033734749364653E-04
  7  5  1  0.1650507822062401E-04
  7  5  2  0.1025857735968414E-04
  7  5  3  0.1639484945597758E-04
  7  5  4  0.1908493106076503E-04
  7  5  5  0.2165029070568738E-04
  8  1  1  0.2085445245299169E-03
  8  2  1  0.1560981115073027E-03
  8  2  2  0.1083037326499234E-03
  8  3  1  0.9174491825232886E-04
  8  3  2  0.5437578956621014E-04
  8  3  3  0.1454951232125915E-04
  8  4  1  0.4280069516482095E-04
  8  4  2  0.1981201075985214E-04
  8  4  3 -0.5663450627405563E-05
  8  4  4 -0.1725902739298119E-04
  8  5  1  0.9246896586898198E-05
  8  5  2 -0.2099491873844216E-05
  8  5  3 -0.1740351508797344E-04
  8  5  4 -0.2307031495253502E-04
  8  5  5 -0.2772681977239375E-04
  9  1  1 -0.6253166657778414E-04
  9  2  1 -0.4947194082190415E-04
  9  2  2 -0.3143637218062889E-04
  9  3  1 -0.3089423715355506E-04
  9  3  2 -0.1317488566230657E-04
  9  3  3  0.2789686902917152E-05
  9  4  1 -0.1620488882076444E-04
  9  4  2  0.1445037212170734E-05
  9  4  3  0.1490508706943373E-04
  9  4  4  0.2686033152385231E-04
 10  1  1  0.1604146121602440E-04
 10  2  1  0.1131658196596251E-04
 10  2  2  0.2226870674914119E-05
 10  3  1  0.5980110621723465E-05
 10  3  2 -0.4467466166104643E-05
 10  3  3 -0.1188995003228552E-04
 10  4  1  0.9320161120754532E-06
 10  4  2 -0.1144202605895583E-04
 10  4  3 -0.1892350599128266E-04
 10  4  4 -0.2773924689504253E-04
 11  1  1 -0.3345552795034882E-05
 11  2  1 -0.1789623189001900E-05
 11  2  2  0.1258436862233376E-05
 11  3  1  0.5142770483863254E-06
 11  3  2  0.5271057762101179E-05
 11  3  3  0.1177105019188165E-04
 12  1  1  0.2351258492186393E-06
 12  2  1 -0.5622479634302844E-06
 12  2  2 -0.2183971837021457E-05
 12  3  1 -0.1839218654481479E-05
 12  3  2 -0.4442552606996649E-05
 12  3  3 -0.8344799443922699E-05
 13  1  1 -0.5898535191903339E-07
 13  2  1  0.2477400672989551E-06
 13  2  2  0.1146654760568118E-05
 14  1  1 -0.4580171965861065E-07
 14  2  1 -0.2033116853171640E-06
 14  2  2 -0.6353358047847260E-06
 15  1  1  0.8636567528268202E-08
 16  1  1 -0.7240800812979041E-08
