#        q              total               1              \delta U         \delta U^2    

     0.001185        8.321684e+08      8.321811e+08     -1.805958e+04      5.305327e+03   
     0.006239        4.590283e+08      4.590376e+08     -1.065530e+04      1.340901e+03   
     0.015318        2.476753e+08      2.476821e+08     -7.282104e+03      5.579360e+02   
     0.028399        7.501449e+07      7.501801e+07     -3.865465e+03      3.447182e+02   
     0.045447        4.838130e+07      4.838408e+07     -3.042879e+03      2.648975e+02   
     0.066417        3.404824e+07      3.405052e+07     -2.522498e+03      2.389584e+02   
     0.091251        2.498852e+07      2.499043e+07     -2.141356e+03      2.286039e+02   
     0.119882        1.927681e+07      1.927845e+07     -1.862592e+03      2.222550e+02   
     0.152235        1.469717e+07      1.469856e+07     -1.606511e+03      2.161238e+02   
     0.188220        1.106250e+07      1.106366e+07     -1.371365e+03      2.088279e+02   
     0.227742        9.547757e+06      9.548804e+06     -1.247222e+03      1.997704e+02   
     0.270694        7.602041e+06      7.602935e+06     -1.082894e+03      1.886731e+02   
     0.316959        6.498272e+06      6.499064e+06     -9.673522e+02      1.754665e+02   
     0.366414        5.531418e+06      5.532113e+06     -8.554908e+02      1.602763e+02   
     0.418925        4.687540e+06      4.688144e+06     -7.483393e+02      1.434448e+02   
     0.474351        3.953792e+06      3.954313e+06     -6.470806e+02      1.255456e+02   
     0.532541        3.318363e+06      3.318808e+06     -5.529567e+02      1.073793e+02   
     0.593339        2.770418e+06      2.770795e+06     -4.671590e+02      8.993968e+01   
     0.656582        2.526130e+06      2.526465e+06     -4.094474e+02      7.433237e+01   
     0.722098        2.091095e+06      2.091374e+06     -3.403389e+02      6.164433e+01   
     0.789711        1.720372e+06      1.720601e+06     -2.818524e+02      5.275996e+01   
     0.859239        1.556655e+06      1.556853e+06     -2.459292e+02      4.815773e+01   
     0.930495        1.267928e+06      1.268086e+06     -2.057118e+02      4.771519e+01   
     1.003286        1.025280e+06      1.025403e+06     -1.740488e+02      5.060191e+01   
     1.077416        8.226299e+05      8.227238e+05     -1.492217e+02      5.531945e+01   
     1.152685        5.818674e+05      5.819294e+05     -1.220169e+02      5.994062e+01   
     1.228890        4.029326e+05      4.029699e+05     -9.982577e+01      6.252858e+01   
     1.305826        2.067291e+05      2.067381e+05     -7.068115e+01      6.163593e+01   
     1.383286        2.706025e+04      2.702882e+04     -2.528213e+01      5.671350e+01   
     1.461060        4.825897e+01      0.000000e+00      0.000000e+00      4.825897e+01   
     1.538940        3.762874e+01      0.000000e+00      0.000000e+00      3.762874e+01   
     1.616714        2.657487e+01      0.000000e+00      0.000000e+00      2.657487e+01   
     1.694174        1.669877e+01      0.000000e+00      0.000000e+00      1.669877e+01   
     1.771110        9.042503e+00      0.000000e+00      0.000000e+00      9.042503e+00   
     1.847315        3.948882e+00      0.000000e+00      0.000000e+00      3.948882e+00   
     1.922584        1.180229e+00      0.000000e+00      0.000000e+00      1.180229e+00   
     1.996714        1.762035e-01      0.000000e+00      0.000000e+00      1.762035e-01   
     2.069505        3.093923e-01      0.000000e+00      0.000000e+00      3.093923e-01   
     2.140761        1.050475e+00      0.000000e+00      0.000000e+00      1.050475e+00   
     2.210289        2.028760e+00      0.000000e+00      0.000000e+00      2.028760e+00   
     2.277902        3.021402e+00      0.000000e+00      0.000000e+00      3.021402e+00   
     2.343418        3.913615e+00      0.000000e+00      0.000000e+00      3.913615e+00   
     2.406661        4.658283e+00      0.000000e+00      0.000000e+00      4.658283e+00   
     2.467459        5.246161e+00      0.000000e+00      0.000000e+00      5.246161e+00   
     2.525649        5.687240e+00      0.000000e+00      0.000000e+00      5.687240e+00   
     2.581075        6.000125e+00      0.000000e+00      0.000000e+00      6.000125e+00   
     2.633586        6.206249e+00      0.000000e+00      0.000000e+00      6.206249e+00   
     2.683041        6.326818e+00      0.000000e+00      0.000000e+00      6.326818e+00   
     2.729306        6.381277e+00      0.000000e+00      0.000000e+00      6.381277e+00   
     2.772258        6.386636e+00      0.000000e+00      0.000000e+00      6.386636e+00   
     2.811780        6.357296e+00      0.000000e+00      0.000000e+00      6.357296e+00   
     2.847765        6.305149e+00      0.000000e+00      0.000000e+00      6.305149e+00   
     2.880118        6.239822e+00      0.000000e+00      0.000000e+00      6.239822e+00   
     2.908749        6.168971e+00      0.000000e+00      0.000000e+00      6.168971e+00   
     2.933583        6.098592e+00      0.000000e+00      0.000000e+00      6.098592e+00   
     2.954553        6.033303e+00      0.000000e+00      0.000000e+00      6.033303e+00   
     2.971601        5.976593e+00      0.000000e+00      0.000000e+00      5.976593e+00   
     2.984682        5.931026e+00      0.000000e+00      0.000000e+00      5.931026e+00   
     2.993761        5.898411e+00      0.000000e+00      0.000000e+00      5.898411e+00   
     2.998815        5.879917e+00      0.000000e+00      0.000000e+00      5.879917e+00   
     3.004739        5.857944e+00      0.000000e+00      0.000000e+00      5.857944e+00   
     3.024957        5.780654e+00      0.000000e+00      0.000000e+00      5.780654e+00   
     3.061273        5.633762e+00      0.000000e+00      0.000000e+00      5.633762e+00   
     3.113597        5.407126e+00      0.000000e+00      0.000000e+00      5.407126e+00   
     3.181789        5.092589e+00      0.000000e+00      0.000000e+00      5.092589e+00   
     3.265666        4.688759e+00      0.000000e+00      0.000000e+00      4.688759e+00   
     3.365002        4.204420e+00      0.000000e+00      0.000000e+00      4.204420e+00   
     3.479529        3.659360e+00      0.000000e+00      0.000000e+00      3.659360e+00   
     3.608938        3.082225e+00      0.000000e+00      0.000000e+00      3.082225e+00   
     3.752880        2.506027e+00      0.000000e+00      0.000000e+00      2.506027e+00   
     3.910968        1.962621e+00      0.000000e+00      0.000000e+00      1.962621e+00   
     4.082775        1.477759e+00      0.000000e+00      0.000000e+00      1.477759e+00   
     4.267838        1.067913e+00      0.000000e+00      0.000000e+00      1.067913e+00   
     4.465657        7.393920e-01      0.000000e+00      0.000000e+00      7.393920e-01   
     4.675701        4.895189e-01      0.000000e+00      0.000000e+00      4.895189e-01   
     4.897402        3.091530e-01      0.000000e+00      0.000000e+00      3.091530e-01   
     5.130163        1.856528e-01      0.000000e+00      0.000000e+00      1.856528e-01   
     5.373356        1.055416e-01      0.000000e+00      0.000000e+00      1.055416e-01   
     5.626327        5.643389e-02      0.000000e+00      0.000000e+00      5.643389e-02   
     5.888392        2.810765e-02      0.000000e+00      0.000000e+00      2.810765e-02   
     6.158845        1.284044e-02      0.000000e+00      0.000000e+00      1.284044e-02   
     6.436958        5.241073e-03      0.000000e+00      0.000000e+00      5.241073e-03   
     6.721980        1.818784e-03      0.000000e+00      0.000000e+00      1.818784e-03   
     7.013143        4.794869e-04      0.000000e+00      0.000000e+00      4.794869e-04   
     7.309662        6.677359e-05      0.000000e+00      0.000000e+00      6.677359e-05   
     7.610739        1.357639e-06      0.000000e+00      0.000000e+00      1.357639e-06   
     7.915560        2.806031e-05      0.000000e+00      0.000000e+00      2.806031e-05   
     8.223305        5.525895e-05      0.000000e+00      0.000000e+00      5.525895e-05   
     8.533144        6.287519e-05      0.000000e+00      0.000000e+00      6.287519e-05   
     8.844241        5.546968e-05      0.000000e+00      0.000000e+00      5.546968e-05   
     9.155759        4.181418e-05      0.000000e+00      0.000000e+00      4.181418e-05   
     9.466856        2.813224e-05      0.000000e+00      0.000000e+00      2.813224e-05   
     9.776695        1.727823e-05      0.000000e+00      0.000000e+00      1.727823e-05   
    10.084440        9.806204e-06      0.000000e+00      0.000000e+00      9.806204e-06   
    10.389261        5.172833e-06      0.000000e+00      0.000000e+00      5.172833e-06   
    10.690338        2.537933e-06      0.000000e+00      0.000000e+00      2.537933e-06   
    10.986857        1.152484e-06      0.000000e+00      0.000000e+00      1.152484e-06   
    11.278020        4.781472e-07      0.000000e+00      0.000000e+00      4.781472e-07   
    11.563042        1.762888e-07      0.000000e+00      0.000000e+00      1.762888e-07   
    11.841155        5.433774e-08      0.000000e+00      0.000000e+00      5.433774e-08   
    12.111608        1.191769e-08      0.000000e+00      0.000000e+00      1.191769e-08   
    12.373673        9.330148e-10      0.000000e+00      0.000000e+00      9.330148e-10   
    12.626644        3.703320e-10      0.000000e+00      0.000000e+00      3.703320e-10   
    12.869837        2.081218e-09      0.000000e+00      0.000000e+00      2.081218e-09   
    13.102598        3.473558e-09      0.000000e+00      0.000000e+00      3.473558e-09   
    13.324299        4.072482e-09      0.000000e+00      0.000000e+00      4.072482e-09   
    13.534343        4.052390e-09      0.000000e+00      0.000000e+00      4.052390e-09   
    13.732162        3.686800e-09      0.000000e+00      0.000000e+00      3.686800e-09   
    13.917225        3.185267e-09      0.000000e+00      0.000000e+00      3.185267e-09   
    14.089032        2.673052e-09      0.000000e+00      0.000000e+00      2.673052e-09   
    14.247120        2.211675e-09      0.000000e+00      0.000000e+00      2.211675e-09   
    14.391062        1.823528e-09      0.000000e+00      0.000000e+00      1.823528e-09   
    14.520471        1.510298e-09      0.000000e+00      0.000000e+00      1.510298e-09   
    14.634998        1.264426e-09      0.000000e+00      0.000000e+00      1.264426e-09   
    14.734334        1.075422e-09      0.000000e+00      0.000000e+00      1.075422e-09   
    14.818211        9.329811e-10      0.000000e+00      0.000000e+00      9.329811e-10   
    14.886403        8.282948e-10      0.000000e+00      0.000000e+00      8.282948e-10   
    14.938727        7.544365e-10      0.000000e+00      0.000000e+00      7.544365e-10   
    14.975043        7.063432e-10      0.000000e+00      0.000000e+00      7.063432e-10   
    14.995261        6.871088e-10      0.000000e+00      0.000000e+00      6.871088e-10   