#        q          3S1-3S1 init.     3S1-3D1 init.     3D1-3D1 init.      3S1-3S1 SRG       3S1-3D1 SRG       3D1-3D1 SRG    

     0.000790         100.000000         0.000000          0.000000         99.659605          0.340105          0.000290     
     0.004159         100.000000         0.000000          0.000000         99.659501          0.340208          0.000290     
     0.010212         100.000000         0.000000          0.000000         99.658978          0.340731          0.000292     
     0.018933         99.999997          0.000000          0.000003         99.657456          0.342247          0.000297     
     0.030298         99.999980          0.000000          0.000020         99.654103          0.345577          0.000320     
     0.044278         99.999907          0.000000          0.000093         99.647829          0.351767          0.000404     
     0.060834         99.999668          0.000000          0.000332         99.637271          0.362068          0.000661     
     0.079922         99.999013          0.000000          0.000987         99.620758          0.377896          0.001346     
     0.101490         99.997437          0.000000          0.002563         99.596248          0.400785          0.002967     
     0.125480         99.994022          0.000000          0.005978         99.561234          0.432318          0.006448     
     0.151828         99.987220          0.000000          0.012780         99.512618          0.474042          0.013340     
     0.180462         99.974579          0.000000          0.025421         99.446545          0.527360          0.026095     
     0.211306         99.952398          0.000000          0.047602         99.358197          0.593408          0.048395     
     0.244276         99.915358          0.000000          0.084642         99.241587          0.672908          0.085505     
     0.279283         99.856120          0.000000          0.143880         99.089376          0.765998          0.144625     
     0.316234         99.764911          0.000000          0.235089         98.892761          0.872027          0.235212     
     0.355027         99.629122          0.000000          0.370878         98.641497          0.989289          0.369215     
     0.395559         99.432961          0.000000          0.567039         98.324202          1.114658          0.561141     
     0.437721         99.157176          0.000000          0.842824         97.929060          1.243074          0.827867     
     0.481399         98.778897          0.000000          1.221103         97.445112          1.366788          1.188100     
     0.526474         98.271613          0.000000          1.728387         96.864293          1.474290          1.661418     
     0.572826         97.605340          0.000000          2.394660         96.184339          1.548834          2.266827     
     0.620330         96.747010          0.000000          3.252990         95.412599          1.566497          3.020904     
     0.668857         95.661142          0.000000          4.338858         94.570610          1.493738          3.935652     
     0.718277         94.310848          0.000000          5.689152         93.699098          1.284546          5.016355     
     0.768456         92.659239          0.000000          7.340761         92.862990          0.877215          6.259795     
     0.819260         90.671273          0.000000          9.328727         92.156007          0.190865          7.653127     
     0.870551         88.316062          0.000000         11.683938         90.121814          0.862997          9.015189     
     0.922191         85.569590          0.000000         14.430410         87.373204          2.344431         10.282364     
     0.974040         82.417713          0.000000         17.582287         84.311880          4.306839         11.381281     
     1.025960         78.859181          0.000000         21.140819         81.029410          6.765474         12.205116     
     1.077809         74.908330          0.000000         25.091670         77.665091          9.676599         12.658311     
     1.129449         70.596966          0.000000         29.403034         74.404060         12.922274         12.673666     
     1.180740         65.974984          0.000000         34.025016         71.466217         16.306554         12.227229     
     1.231544         61.109329          0.000000         38.890671         69.084985         19.568365         11.346649     
     1.281723         56.081133          0.000000         43.918867         67.477896         22.412320         10.109784     
     1.331143         50.981150          0.000000         49.018850         66.814111         24.552966          8.632923     
     1.379670         45.903985          0.000000         54.096015         67.186169         25.762698          7.051133     
     1.427174         40.941813          0.000000         59.058187         68.593252         25.910952          5.495796     
     1.473526         36.178470          0.000000         63.821530         70.940618         24.984288          4.075094     
     1.518601         31.684655          0.000000         68.315345         74.055341         23.082825          2.861834     
     1.562279         27.514776          0.000000         72.485224         77.714146         20.395584          1.890270     
     1.604441         23.705636          0.000000         76.294364         81.676222         17.163022          1.160756     
     1.644973         20.276814          0.000000         79.723186         85.713638         13.637178          0.649183     
     1.683766         17.232399          0.000000         82.767601         89.633936         10.048290          0.317774     
     1.720717         14.563587          0.000000         85.436413         93.292541          6.582913          0.124547     
     1.755724         12.251671          0.000000         87.748329         96.595455          3.374503          0.030041     
     1.788694         10.271030          0.000000         89.728970         99.494677          0.504262          0.001061     
     1.819538          8.591843          0.000000         91.408157         98.073453          1.915029          0.011519     
     1.848172          7.182382          0.000000         92.817618         96.161405          3.797562          0.041032     
     1.874520          6.010807          0.000000         93.989193         94.668501          5.254501          0.076997     
     1.898510          5.046505          0.000000         94.953495         93.508974          6.378285          0.112741     
     1.920078          4.261011          0.000000         95.738989         92.613469          7.241486          0.145044     
     1.939166          3.628597          0.000000         96.371403         91.926724          7.900652          0.172623     
     1.955722          3.126611          0.000000         96.873389         91.405234          8.399544          0.195222     
     1.969702          2.735622          0.000000         97.264378         91.015173          8.771745          0.213082     
     1.981067          2.439462          0.000000         97.560538         90.730686          9.042676          0.226638     
     1.989788          2.225182          0.000000         97.774818         90.532508          9.231141          0.236351     
     1.995841          2.082982          0.000000         97.917018         90.406934          9.350446          0.242621     
     1.999210          2.006108          0.000000         97.993892         90.345077          9.409188          0.245735     
     2.003160          1.918076          0.000000         98.081924         90.235358          9.513248          0.251393     
     2.016638          1.634253          0.000000         98.365747         89.929586          9.802913          0.267501     
     2.040848          1.187309          0.000000         98.812691         89.501520         10.207415          0.291065     
     2.075731          0.678758          0.000000         99.321242         89.067178         10.616270          0.316552     
     2.121193          0.238770          0.000000         99.761230         88.748577         10.914203          0.337220     
     2.177111          0.008793          0.000000         99.991207         88.643477         11.009439          0.347084     
     2.243335          0.121890          0.000000         99.878110         88.803612         10.853438          0.342950     
     2.319686          0.684660          0.000000         99.315340         89.226877         10.447759          0.325364     
     2.405959          1.765214          0.000000         98.234786         89.864397          9.837617          0.297986     
     2.501920          3.390464          0.000000         96.609536         90.638761          9.095344          0.265895     
     2.607312          5.553409          0.000000         94.446591         91.466975          8.299211          0.233815     
     2.721850          8.228463          0.000000         91.771537         92.281103          7.513920          0.204977     
     2.845225         11.391569          0.000000         88.608431         93.040379          6.778787          0.180834     
     2.977105         15.042450          0.000000         84.957550         93.731925          6.106653          0.161422     
     3.117134         19.228483          0.000000         80.771517         94.363471          5.490547          0.145982     
     3.264935         24.072696          0.000000         75.927304         94.955025          4.911531          0.133444     
     3.420109         29.811571          0.000000         70.188429         95.534121          4.343227          0.122652     
     3.582238         36.850508          0.000000         63.149492         96.135287          3.752357          0.112355     
     3.750884         45.837762          0.000000         54.162238         96.801745          3.097229          0.101026     
     3.925594         57.698610          0.000000         42.301390         97.582848          2.330622          0.086529     
     4.105897         73.261870          0.000000         26.738130         98.499767          1.434322          0.065911     
     4.291305         90.931464          0.000000          9.068536         99.379581          0.583204          0.037214     
     4.481320         99.920567          0.000000          0.079433         99.474272          0.516089          0.009639     
     4.675429         82.802580          0.000000         17.197420         98.006742          1.983049          0.010209     
     4.873108         49.486095          0.000000         50.513905         96.133478          3.828292          0.038230     
     5.073826         24.270257          0.000000         75.729743         95.078344          4.856993          0.064663     
     5.277040         10.853096          0.000000         89.146904         94.709397          5.210503          0.080100     
     5.482203          4.470678          0.000000         95.529322         94.678699          5.234211          0.087090     
     5.688763          1.576353          0.000000         98.423647         94.801711          5.109623          0.088666     
     5.896161          0.373859          0.000000         99.626141         95.001665          4.911738          0.086597     
     6.103839          0.012151          0.000000         99.987849         95.250240          4.667991          0.081769     
     6.311237          0.087650          0.000000         99.912350         95.540800          4.384620          0.074580     
     6.517797          0.410982          0.000000         99.589018         95.878441          4.056409          0.065149     
     6.722960          0.904711          0.000000         99.095289         96.277929          3.668637          0.053433     
     6.926174          1.565793          0.000000         98.434207         96.767001          3.193648          0.039351     
     7.126892          2.475627          0.000000         97.524373         97.396979          2.579822          0.023199     
     7.324571          3.901619          0.000000         96.098381         98.268277          1.723919          0.007804     
     7.518680          6.808745          0.000000         93.191255         99.570353          0.416010          0.013637     
     7.708695         17.134770          0.000000         82.865230         98.667073          1.067260          0.265667     
     7.894103         98.542684          0.000000          1.457316         69.852213         26.908907          3.238880     
     8.074406          3.126948          0.000000         96.873052         84.977831         14.179010          0.843159     
     8.249116          0.029346          0.000000         99.970654         90.731184          8.882054          0.386762     
     8.417762          0.188001          0.000000         99.811999         92.959879          6.797578          0.242543     
     8.579891          0.594035          0.000000         99.405965         94.222860          5.605871          0.171268     
     8.735065          0.993080          0.000000         99.006920         95.106253          4.766941          0.126805     
     8.882866          1.355262          0.000000         98.644738         95.808992          4.095951          0.095056     
     9.022895          1.680984          0.000000         98.319016         96.416339          3.513150          0.070511     
     9.154775          1.974169          0.000000         98.025831         96.970808          2.978479          0.050713     
     9.278150          2.237866          0.000000         97.762134         97.495896          2.469584          0.034520     
     9.392688          2.473798          0.000000         97.526202         98.005404          1.973150          0.021446     
     9.498080          2.682653          0.000000         97.317347         98.507437          1.481189          0.011373     
     9.594041          2.864502          0.000000         97.135498         99.006077          0.989521          0.004402     
     9.680314          3.019229          0.000000         96.980771         99.501874          0.497393          0.000733     
     9.756665          3.146936          0.000000         96.853064         99.991670          0.007773          0.000557     
     9.822889          3.248325          0.000000         96.751675         99.528568          0.467567          0.003865     
     9.878807          3.324995          0.000000         96.675005         99.077315          0.912429          0.010255     
     9.924269          3.379578          0.000000         96.620422         98.669524          1.311645          0.018832     
     9.959152          3.415615          0.000000         96.584385         98.323077          1.648734          0.028189     
     9.983362          3.437078          0.000000         96.562922         98.048133          1.915192          0.036675     
     9.996840          3.447600          0.000000         96.552400         97.728117          2.227366          0.044517     