#        q              total               1              \delta U         \delta U^2    

     0.001185        1.886176e+04      1.904976e+04     -2.002895e+02      1.228424e+01   
     0.006239        1.051225e+04      1.070037e+04     -2.004028e+02      1.228322e+01   
     0.015318        7.108445e+03      7.296537e+03     -2.003709e+02      1.227841e+01   
     0.028399        5.424137e+03      5.612141e+03     -2.002731e+02      1.226917e+01   
     0.045447        4.346970e+03      4.534977e+03     -2.002607e+02      1.225346e+01   
     0.066417        3.562694e+03      3.750458e+03     -2.000060e+02      1.224162e+01   
     0.091251        3.004898e+03      3.192361e+03     -1.996851e+02      1.222229e+01   
     0.119882        2.625142e+03      2.812228e+03     -1.992884e+02      1.220238e+01   
     0.152235        2.277198e+03      2.463536e+03     -1.985118e+02      1.217384e+01   
     0.188220        1.959697e+03      2.144929e+03     -1.973690e+02      1.213759e+01   
     0.227742        1.764555e+03      1.948567e+03     -1.961033e+02      1.209139e+01   
     0.270694        1.582255e+03      1.764570e+03     -1.943515e+02      1.203635e+01   
     0.316959        1.412594e+03      1.592536e+03     -1.919170e+02      1.197452e+01   
     0.366414        1.255234e+03      1.432064e+03     -1.887391e+02      1.190901e+01   
     0.418925        1.181843e+03      1.356037e+03     -1.860400e+02      1.184557e+01   
     0.474351        1.042754e+03      1.212152e+03     -1.811897e+02      1.179129e+01   
     0.532541        9.787061e+02      1.144193e+03     -1.772419e+02      1.175480e+01   
     0.593339        8.575813e+02      1.015991e+03     -1.701562e+02      1.174640e+01   
     0.656582        7.480079e+02      8.977415e+02     -1.615075e+02      1.177382e+01   
     0.722098        6.988135e+02      8.422233e+02     -1.552561e+02      1.184625e+01   
     0.789711        6.059318e+02      7.381486e+02     -1.441830e+02      1.196617e+01   
     0.859239        5.649296e+02      6.894916e+02     -1.366991e+02      1.213707e+01   
     0.930495        4.872996e+02      5.986870e+02     -1.237384e+02      1.235097e+01   
     1.003286        4.188015e+02      5.162265e+02     -1.100197e+02      1.259467e+01   
     1.077416        3.298875e+02      4.073012e+02     -9.025708e+01      1.284340e+01   
     1.152685        2.569709e+02      3.148881e+02     -7.099323e+01      1.307606e+01   
     1.228890        1.631295e+02      1.938740e+02     -4.400547e+01      1.326096e+01   
     1.305826        2.933773e+01      2.058372e+01     -4.608127e+00      1.336214e+01   
     1.383286        1.335451e+01      0.000000e+00      0.000000e+00      1.335451e+01   
     1.461060        1.322129e+01      0.000000e+00      0.000000e+00      1.322129e+01   
     1.538940        1.294985e+01      0.000000e+00      0.000000e+00      1.294985e+01   
     1.616714        1.254090e+01      0.000000e+00      0.000000e+00      1.254090e+01   
     1.694174        1.200416e+01      0.000000e+00      0.000000e+00      1.200416e+01   
     1.771110        1.135688e+01      0.000000e+00      0.000000e+00      1.135688e+01   
     1.847315        1.062483e+01      0.000000e+00      0.000000e+00      1.062483e+01   
     1.922584        9.841127e+00      0.000000e+00      0.000000e+00      9.841127e+00   
     1.996714        9.037109e+00      0.000000e+00      0.000000e+00      9.037109e+00   
     2.069505        8.240195e+00      0.000000e+00      0.000000e+00      8.240195e+00   
     2.140761        7.473357e+00      0.000000e+00      0.000000e+00      7.473357e+00   
     2.210289        6.754146e+00      0.000000e+00      0.000000e+00      6.754146e+00   
     2.277902        6.094434e+00      0.000000e+00      0.000000e+00      6.094434e+00   
     2.343418        5.500103e+00      0.000000e+00      0.000000e+00      5.500103e+00   
     2.406661        4.973586e+00      0.000000e+00      0.000000e+00      4.973586e+00   
     2.467459        4.511843e+00      0.000000e+00      0.000000e+00      4.511843e+00   
     2.525649        4.109809e+00      0.000000e+00      0.000000e+00      4.109809e+00   
     2.581075        3.761691e+00      0.000000e+00      0.000000e+00      3.761691e+00   
     2.633586        3.461388e+00      0.000000e+00      0.000000e+00      3.461388e+00   
     2.683041        3.203243e+00      0.000000e+00      0.000000e+00      3.203243e+00   
     2.729306        2.981581e+00      0.000000e+00      0.000000e+00      2.981581e+00   
     2.772258        2.791353e+00      0.000000e+00      0.000000e+00      2.791353e+00   
     2.811780        2.628559e+00      0.000000e+00      0.000000e+00      2.628559e+00   
     2.847765        2.489806e+00      0.000000e+00      0.000000e+00      2.489806e+00   
     2.880118        2.372049e+00      0.000000e+00      0.000000e+00      2.372049e+00   
     2.908749        2.273054e+00      0.000000e+00      0.000000e+00      2.273054e+00   
     2.933583        2.190872e+00      0.000000e+00      0.000000e+00      2.190872e+00   
     2.954553        2.124059e+00      0.000000e+00      0.000000e+00      2.124059e+00   
     2.971601        2.071344e+00      0.000000e+00      0.000000e+00      2.071344e+00   
     2.984682        2.031854e+00      0.000000e+00      0.000000e+00      2.031854e+00   
     2.993761        2.004935e+00      0.000000e+00      0.000000e+00      2.004935e+00   
     2.998815        1.990118e+00      0.000000e+00      0.000000e+00      1.990118e+00   
     3.004739        1.972888e+00      0.000000e+00      0.000000e+00      1.972888e+00   
     3.024957        1.915238e+00      0.000000e+00      0.000000e+00      1.915238e+00   
     3.061273        1.816095e+00      0.000000e+00      0.000000e+00      1.816095e+00   
     3.113597        1.682361e+00      0.000000e+00      0.000000e+00      1.682361e+00   
     3.181789        1.522660e+00      0.000000e+00      0.000000e+00      1.522660e+00   
     3.265666        1.346165e+00      0.000000e+00      0.000000e+00      1.346165e+00   
     3.365002        1.161713e+00      0.000000e+00      0.000000e+00      1.161713e+00   
     3.479529        9.773611e-01      0.000000e+00      0.000000e+00      9.773611e-01   
     3.608938        8.001526e-01      0.000000e+00      0.000000e+00      8.001526e-01   
     3.752880        6.360332e-01      0.000000e+00      0.000000e+00      6.360332e-01   
     3.910968        4.895367e-01      0.000000e+00      0.000000e+00      4.895367e-01   
     4.082775        3.636422e-01      0.000000e+00      0.000000e+00      3.636422e-01   
     4.267838        2.596992e-01      0.000000e+00      0.000000e+00      2.596992e-01   
     4.465657        1.775181e-01      0.000000e+00      0.000000e+00      1.775181e-01   
     4.675701        1.155072e-01      0.000000e+00      0.000000e+00      1.155072e-01   
     4.897402        7.105709e-02      0.000000e+00      0.000000e+00      7.105709e-02   
     5.130163        4.095328e-02      0.000000e+00      0.000000e+00      4.095328e-02   
     5.373356        2.185113e-02      0.000000e+00      0.000000e+00      2.185113e-02   
     5.626327        1.062674e-02      0.000000e+00      0.000000e+00      1.062674e-02   
     5.888392        4.633808e-03      0.000000e+00      0.000000e+00      4.633808e-03   
     6.158845        1.821613e-03      0.000000e+00      0.000000e+00      1.821613e-03   
     6.436958        7.410105e-04      0.000000e+00      0.000000e+00      7.410105e-04   
     6.721980        4.645465e-04      0.000000e+00      0.000000e+00      4.645465e-04   
     7.013143        4.680202e-04      0.000000e+00      0.000000e+00      4.680202e-04   
     7.309662        5.025693e-04      0.000000e+00      0.000000e+00      5.025693e-04   
     7.610739        4.843457e-04      0.000000e+00      0.000000e+00      4.843457e-04   
     7.915560        4.113890e-04      0.000000e+00      0.000000e+00      4.113890e-04   
     8.223305        3.107220e-04      0.000000e+00      0.000000e+00      3.107220e-04   
     8.533144        2.101186e-04      0.000000e+00      0.000000e+00      2.101186e-04   
     8.844241        1.272103e-04      0.000000e+00      0.000000e+00      1.272103e-04   
     9.155759        6.850634e-05      0.000000e+00      0.000000e+00      6.850634e-05   
     9.466856        3.264385e-05      0.000000e+00      0.000000e+00      3.264385e-05   
     9.776695        1.437200e-05      0.000000e+00      0.000000e+00      1.437200e-05   
    10.084440        7.620275e-06      0.000000e+00      0.000000e+00      7.620275e-06   
    10.389261        7.236223e-06      0.000000e+00      0.000000e+00      7.236223e-06   
    10.690338        9.613009e-06      0.000000e+00      0.000000e+00      9.613009e-06   
    10.986857        1.262753e-05      0.000000e+00      0.000000e+00      1.262753e-05   
    11.278020        1.527447e-05      0.000000e+00      0.000000e+00      1.527447e-05   
    11.563042        1.725244e-05      0.000000e+00      0.000000e+00      1.725244e-05   
    11.841155        1.862642e-05      0.000000e+00      0.000000e+00      1.862642e-05   
    12.111608        1.960219e-05      0.000000e+00      0.000000e+00      1.960219e-05   
    12.373673        2.039908e-05      0.000000e+00      0.000000e+00      2.039908e-05   
    12.626644        2.119334e-05      0.000000e+00      0.000000e+00      2.119334e-05   
    12.869837        2.210384e-05      0.000000e+00      0.000000e+00      2.210384e-05   
    13.102598        2.319647e-05      0.000000e+00      0.000000e+00      2.319647e-05   
    13.324299        2.449481e-05      0.000000e+00      0.000000e+00      2.449481e-05   
    13.534343        2.599132e-05      0.000000e+00      0.000000e+00      2.599132e-05   
    13.732162        2.765616e-05      0.000000e+00      0.000000e+00      2.765616e-05   
    13.917225        2.944489e-05      0.000000e+00      0.000000e+00      2.944489e-05   
    14.089032        3.129713e-05      0.000000e+00      0.000000e+00      3.129713e-05   
    14.247120        3.313394e-05      0.000000e+00      0.000000e+00      3.313394e-05   
    14.391062        3.486384e-05      0.000000e+00      0.000000e+00      3.486384e-05   
    14.520471        3.642212e-05      0.000000e+00      0.000000e+00      3.642212e-05   
    14.634998        3.775427e-05      0.000000e+00      0.000000e+00      3.775427e-05   
    14.734334        3.882143e-05      0.000000e+00      0.000000e+00      3.882143e-05   
    14.818211        3.964638e-05      0.000000e+00      0.000000e+00      3.964638e-05   
    14.886403        4.027944e-05      0.000000e+00      0.000000e+00      4.027944e-05   
    14.938727        4.075620e-05      0.000000e+00      0.000000e+00      4.075620e-05   
    14.975043        4.107934e-05      0.000000e+00      0.000000e+00      4.107934e-05   
    14.995261        4.122115e-05      0.000000e+00      0.000000e+00      4.122115e-05   