#        q              total               1              \delta U         \delta U^2    

     0.001185        2.455331e+04      2.475535e+04     -2.174990e+02      1.546371e+01   
     0.006239        1.304398e+04      1.324611e+04     -2.175951e+02      1.546221e+01   
     0.015318        8.819409e+03      9.021523e+03     -2.175700e+02      1.545572e+01   
     0.028399        6.645597e+03      6.847642e+03     -2.174892e+02      1.544461e+01   
     0.045447        5.219856e+03      5.421911e+03     -2.174809e+02      1.542596e+01   
     0.066417        4.333120e+03      4.534977e+03     -2.172680e+02      1.541091e+01   
     0.091251        3.697849e+03      3.899470e+03     -2.170086e+02      1.538700e+01   
     0.119882        3.125039e+03      3.326293e+03     -2.166148e+02      1.536114e+01   
     0.152235        2.734757e+03      2.935379e+03     -2.159461e+02      1.532496e+01   
     0.188220        2.376651e+03      2.576357e+03     -2.149840e+02      1.527758e+01   
     0.227742        2.155407e+03      2.354058e+03     -2.138685e+02      1.521764e+01   
     0.270694        1.947731e+03      2.144929e+03     -2.123430e+02      1.514504e+01   
     0.316959        1.753372e+03      1.948567e+03     -2.102564e+02      1.506169e+01   
     0.366414        1.571999e+03      1.764570e+03     -2.075420e+02      1.497148e+01   
     0.418925        1.403400e+03      1.592536e+03     -2.040163e+02      1.488036e+01   
     0.474351        1.247405e+03      1.432064e+03     -1.994547e+02      1.479608e+01   
     0.532541        1.175183e+03      1.356037e+03     -1.955822e+02      1.472863e+01   
     0.593339        1.037957e+03      1.212152e+03     -1.888851e+02      1.469022e+01   
     0.656582        9.753229e+02      1.144193e+03     -1.835601e+02      1.468979e+01   
     0.722098        8.563288e+02      1.015991e+03     -1.744007e+02      1.473840e+01   
     0.789711        7.489555e+02      8.977415e+02     -1.636265e+02      1.484055e+01   
     0.859239        7.011967e+02      8.422233e+02     -1.560271e+02      1.500059e+01   
     0.930495        6.102514e+02      7.381486e+02     -1.431095e+02      1.521221e+01   
     1.003286        5.292818e+02      6.430212e+02     -1.291992e+02      1.545979e+01   
     1.077416        4.574202e+02      5.564389e+02     -1.147356e+02      1.571688e+01   
     1.152685        3.633080e+02      4.417079e+02     -9.435938e+01      1.595941e+01   
     1.228890        2.853101e+02      3.439416e+02     -7.478243e+01      1.615099e+01   
     1.305826        6.266408e+01      5.981592e+01     -1.340100e+01      1.624915e+01   
     1.383286        1.622374e+01      0.000000e+00      0.000000e+00      1.622374e+01   
     1.461060        1.605467e+01      0.000000e+00      0.000000e+00      1.605467e+01   
     1.538940        1.572499e+01      0.000000e+00      0.000000e+00      1.572499e+01   
     1.616714        1.523429e+01      0.000000e+00      0.000000e+00      1.523429e+01   
     1.694174        1.459257e+01      0.000000e+00      0.000000e+00      1.459257e+01   
     1.771110        1.381878e+01      0.000000e+00      0.000000e+00      1.381878e+01   
     1.847315        1.294262e+01      0.000000e+00      0.000000e+00      1.294262e+01   
     1.922584        1.200273e+01      0.000000e+00      0.000000e+00      1.200273e+01   
     1.996714        1.103651e+01      0.000000e+00      0.000000e+00      1.103651e+01   
     2.069505        1.007654e+01      0.000000e+00      0.000000e+00      1.007654e+01   
     2.140761        9.150801e+00      0.000000e+00      0.000000e+00      9.150801e+00   
     2.210289        8.280682e+00      0.000000e+00      0.000000e+00      8.280682e+00   
     2.277902        7.480672e+00      0.000000e+00      0.000000e+00      7.480672e+00   
     2.343418        6.758720e+00      0.000000e+00      0.000000e+00      6.758720e+00   
     2.406661        6.118134e+00      0.000000e+00      0.000000e+00      6.118134e+00   
     2.467459        5.555343e+00      0.000000e+00      0.000000e+00      5.555343e+00   
     2.525649        5.064768e+00      0.000000e+00      0.000000e+00      5.064768e+00   
     2.581075        4.639420e+00      0.000000e+00      0.000000e+00      4.639420e+00   
     2.633586        4.272142e+00      0.000000e+00      0.000000e+00      4.272142e+00   
     2.683041        3.956142e+00      0.000000e+00      0.000000e+00      3.956142e+00   
     2.729306        3.684614e+00      0.000000e+00      0.000000e+00      3.684614e+00   
     2.772258        3.451425e+00      0.000000e+00      0.000000e+00      3.451425e+00   
     2.811780        3.251742e+00      0.000000e+00      0.000000e+00      3.251742e+00   
     2.847765        3.081476e+00      0.000000e+00      0.000000e+00      3.081476e+00   
     2.880118        2.936892e+00      0.000000e+00      0.000000e+00      2.936892e+00   
     2.908749        2.815322e+00      0.000000e+00      0.000000e+00      2.815322e+00   
     2.933583        2.714368e+00      0.000000e+00      0.000000e+00      2.714368e+00   
     2.954553        2.632245e+00      0.000000e+00      0.000000e+00      2.632245e+00   
     2.971601        2.567456e+00      0.000000e+00      0.000000e+00      2.567456e+00   
     2.984682        2.518902e+00      0.000000e+00      0.000000e+00      2.518902e+00   
     2.993761        2.485794e+00      0.000000e+00      0.000000e+00      2.485794e+00   
     2.998815        2.467568e+00      0.000000e+00      0.000000e+00      2.467568e+00   
     3.004739        2.446388e+00      0.000000e+00      0.000000e+00      2.446388e+00   
     3.024957        2.375463e+00      0.000000e+00      0.000000e+00      2.375463e+00   
     3.061273        2.253452e+00      0.000000e+00      0.000000e+00      2.253452e+00   
     3.113597        2.088793e+00      0.000000e+00      0.000000e+00      2.088793e+00   
     3.181789        1.891969e+00      0.000000e+00      0.000000e+00      1.891969e+00   
     3.265666        1.674208e+00      0.000000e+00      0.000000e+00      1.674208e+00   
     3.365002        1.446309e+00      0.000000e+00      0.000000e+00      1.446309e+00   
     3.479529        1.218155e+00      0.000000e+00      0.000000e+00      1.218155e+00   
     3.608938        9.984525e-01      0.000000e+00      0.000000e+00      9.984525e-01   
     3.752880        7.945922e-01      0.000000e+00      0.000000e+00      7.945922e-01   
     3.910968        6.122870e-01      0.000000e+00      0.000000e+00      6.122870e-01   
     4.082775        4.553400e-01      0.000000e+00      0.000000e+00      4.553400e-01   
     4.267838        3.255440e-01      0.000000e+00      0.000000e+00      3.255440e-01   
     4.465657        2.227618e-01      0.000000e+00      0.000000e+00      2.227618e-01   
     4.675701        1.450977e-01      0.000000e+00      0.000000e+00      1.450977e-01   
     4.897402        8.935311e-02      0.000000e+00      0.000000e+00      8.935311e-02   
     5.130163        5.155381e-02      0.000000e+00      0.000000e+00      5.155381e-02   
     5.373356        2.754093e-02      0.000000e+00      0.000000e+00      2.754093e-02   
     5.626327        1.341305e-02      0.000000e+00      0.000000e+00      1.341305e-02   
     5.888392        5.859601e-03      0.000000e+00      0.000000e+00      5.859601e-03   
     6.158845        2.308927e-03      0.000000e+00      0.000000e+00      2.308927e-03   
     6.436958        9.401052e-04      0.000000e+00      0.000000e+00      9.401052e-04   
     6.721980        5.866835e-04      0.000000e+00      0.000000e+00      5.866835e-04   
     7.013143        5.882312e-04      0.000000e+00      0.000000e+00      5.882312e-04   
     7.309662        6.306763e-04      0.000000e+00      0.000000e+00      6.306763e-04   
     7.610739        6.076169e-04      0.000000e+00      0.000000e+00      6.076169e-04   
     7.915560        5.160875e-04      0.000000e+00      0.000000e+00      5.160875e-04   
     8.223305        3.897830e-04      0.000000e+00      0.000000e+00      3.897830e-04   
     8.533144        2.635362e-04      0.000000e+00      0.000000e+00      2.635362e-04   
     8.844241        1.594997e-04      0.000000e+00      0.000000e+00      1.594997e-04   
     9.155759        8.586872e-05      0.000000e+00      0.000000e+00      8.586872e-05   
     9.466856        4.094399e-05      0.000000e+00      0.000000e+00      4.094399e-05   
     9.776695        1.813121e-05      0.000000e+00      0.000000e+00      1.813121e-05   
    10.084440        9.797855e-06      0.000000e+00      0.000000e+00      9.797855e-06   
    10.389261        9.462638e-06      0.000000e+00      0.000000e+00      9.462638e-06   
    10.690338        1.258695e-05      0.000000e+00      0.000000e+00      1.258695e-05   
    10.986857        1.649810e-05      0.000000e+00      0.000000e+00      1.649810e-05   
    11.278020        1.993186e-05      0.000000e+00      0.000000e+00      1.993186e-05   
    11.563042        2.251086e-05      0.000000e+00      0.000000e+00      2.251086e-05   
    11.841155        2.432008e-05      0.000000e+00      0.000000e+00      2.432008e-05   
    12.111608        2.562239e-05      0.000000e+00      0.000000e+00      2.562239e-05   
    12.373673        2.669758e-05      0.000000e+00      0.000000e+00      2.669758e-05   
    12.626644        2.777079e-05      0.000000e+00      0.000000e+00      2.777079e-05   
    12.869837        2.899391e-05      0.000000e+00      0.000000e+00      2.899391e-05   
    13.102598        3.045133e-05      0.000000e+00      0.000000e+00      3.045133e-05   
    13.324299        3.217302e-05      0.000000e+00      0.000000e+00      3.217302e-05   
    13.534343        3.414892e-05      0.000000e+00      0.000000e+00      3.414892e-05   
    13.732162        3.634016e-05      0.000000e+00      0.000000e+00      3.634016e-05   
    13.917225        3.868865e-05      0.000000e+00      0.000000e+00      3.868865e-05   
    14.089032        4.111458e-05      0.000000e+00      0.000000e+00      4.111458e-05   
    14.247120        4.351300e-05      0.000000e+00      0.000000e+00      4.351300e-05   
    14.391062        4.576570e-05      0.000000e+00      0.000000e+00      4.576570e-05   
    14.520471        4.779149e-05      0.000000e+00      0.000000e+00      4.779149e-05   
    14.634998        4.951919e-05      0.000000e+00      0.000000e+00      4.951919e-05   
    14.734334        5.090185e-05      0.000000e+00      0.000000e+00      5.090185e-05   
    14.818211        5.197218e-05      0.000000e+00      0.000000e+00      5.197218e-05   
    14.886403        5.279560e-05      0.000000e+00      0.000000e+00      5.279560e-05   
    14.938727        5.341650e-05      0.000000e+00      0.000000e+00      5.341650e-05   
    14.975043        5.383637e-05      0.000000e+00      0.000000e+00      5.383637e-05   
    14.995261        5.402010e-05      0.000000e+00      0.000000e+00      5.402010e-05   