#        q              total               1              \delta U         \delta U^2    

     0.001185        1.536907e+04      1.539996e+04     -3.224666e+01      1.355085e+00   
     0.006239        7.733858e+03      7.764635e+03     -3.213195e+01      1.355194e+00   
     0.015318        5.023683e+03      5.054446e+03     -3.211856e+01      1.355599e+00   
     0.028399        3.574529e+03      3.605292e+03     -3.211891e+01      1.355683e+00   
     0.045447        2.661786e+03      2.692571e+03     -3.213986e+01      1.354957e+00   
     0.066417        2.114160e+03      2.144929e+03     -3.212232e+01      1.354020e+00   
     0.091251        1.646360e+03      1.677083e+03     -3.207518e+01      1.352414e+00   
     0.119882        1.401400e+03      1.432064e+03     -3.201426e+01      1.350348e+00   
     0.152235        1.181561e+03      1.212152e+03     -3.193906e+01      1.347508e+00   
     0.188220        9.855380e+02      1.015991e+03     -3.179631e+01      1.343266e+00   
     0.227742        8.119759e+02      8.422233e+02     -3.158653e+01      1.339100e+00   
     0.270694        7.081475e+02      7.381486e+02     -3.133610e+01      1.334993e+00   
     0.316959        6.133616e+02      6.430212e+02     -3.099083e+01      1.331285e+00   
     0.366414        5.272452e+02      5.564389e+02     -3.052309e+01      1.329389e+00   
     0.418925        4.874107e+02      5.162265e+02     -3.014680e+01      1.331046e+00   
     0.474351        4.136513e+02      4.417079e+02     -2.939475e+01      1.338163e+00   
     0.532541        3.476821e+02      3.747292e+02     -2.839998e+01      1.352868e+00   
     0.593339        3.176396e+02      3.439416e+02     -2.767962e+01      1.377611e+00   
     0.656582        2.627226e+02      2.875186e+02     -2.621077e+01      1.414768e+00   
     0.722098        2.380323e+02      2.617826e+02     -2.521655e+01      1.466251e+00   
     0.789711        1.933290e+02      2.150106e+02     -2.321484e+01      1.533191e+00   
     0.859239        1.735361e+02      1.938740e+02     -2.195347e+01      1.615622e+00   
     0.930495        1.380751e+02      1.558481e+02     -1.948520e+01      1.712171e+00   
     1.003286        1.081620e+02      1.231504e+02     -1.680831e+01      1.819855e+00   
     1.077416        8.327088e+01      9.537875e+01     -1.404196e+01      1.934084e+00   
     1.152685        6.286225e+01      7.213097e+01     -1.131760e+01      2.048878e+00   
     1.228890        3.937865e+01      4.486194e+01     -7.640588e+00      2.157299e+00   
     1.305826        1.904117e+01      2.058372e+01     -3.794612e+00      2.252065e+00   
     1.383286        5.152238e+00      3.518584e+00     -6.926178e-01      2.326272e+00   
     1.461060        2.374128e+00      0.000000e+00      0.000000e+00      2.374128e+00   
     1.538940        2.391576e+00      0.000000e+00      0.000000e+00      2.391576e+00   
     1.616714        2.376697e+00      0.000000e+00      0.000000e+00      2.376697e+00   
     1.694174        2.329848e+00      0.000000e+00      0.000000e+00      2.329848e+00   
     1.771110        2.253515e+00      0.000000e+00      0.000000e+00      2.253515e+00   
     1.847315        2.151925e+00      0.000000e+00      0.000000e+00      2.151925e+00   
     1.922584        2.030503e+00      0.000000e+00      0.000000e+00      2.030503e+00   
     1.996714        1.895257e+00      0.000000e+00      0.000000e+00      1.895257e+00   
     2.069505        1.752191e+00      0.000000e+00      0.000000e+00      1.752191e+00   
     2.140761        1.606821e+00      0.000000e+00      0.000000e+00      1.606821e+00   
     2.210289        1.463834e+00      0.000000e+00      0.000000e+00      1.463834e+00   
     2.277902        1.326907e+00      0.000000e+00      0.000000e+00      1.326907e+00   
     2.343418        1.198662e+00      0.000000e+00      0.000000e+00      1.198662e+00   
     2.406661        1.080743e+00      0.000000e+00      0.000000e+00      1.080743e+00   
     2.467459        9.739601e-01      0.000000e+00      0.000000e+00      9.739601e-01   
     2.525649        8.784630e-01      0.000000e+00      0.000000e+00      8.784630e-01   
     2.581075        7.939274e-01      0.000000e+00      0.000000e+00      7.939274e-01   
     2.633586        7.197170e-01      0.000000e+00      0.000000e+00      7.197170e-01   
     2.683041        6.550184e-01      0.000000e+00      0.000000e+00      6.550184e-01   
     2.729306        5.989449e-01      0.000000e+00      0.000000e+00      5.989449e-01   
     2.772258        5.506085e-01      0.000000e+00      0.000000e+00      5.506085e-01   
     2.811780        5.091674e-01      0.000000e+00      0.000000e+00      5.091674e-01   
     2.847765        4.738531e-01      0.000000e+00      0.000000e+00      4.738531e-01   
     2.880118        4.439842e-01      0.000000e+00      0.000000e+00      4.439842e-01   
     2.908749        4.189700e-01      0.000000e+00      0.000000e+00      4.189700e-01   
     2.933583        3.983090e-01      0.000000e+00      0.000000e+00      3.983090e-01   
     2.954553        3.815842e-01      0.000000e+00      0.000000e+00      3.815842e-01   
     2.971601        3.684577e-01      0.000000e+00      0.000000e+00      3.684577e-01   
     2.984682        3.586642e-01      0.000000e+00      0.000000e+00      3.586642e-01   
     2.993761        3.520062e-01      0.000000e+00      0.000000e+00      3.520062e-01   
     2.998815        3.483482e-01      0.000000e+00      0.000000e+00      3.483482e-01   
     3.004739        3.441047e-01      0.000000e+00      0.000000e+00      3.441047e-01   
     3.024957        3.299723e-01      0.000000e+00      0.000000e+00      3.299723e-01   
     3.061273        3.058994e-01      0.000000e+00      0.000000e+00      3.058994e-01   
     3.113597        2.740004e-01      0.000000e+00      0.000000e+00      2.740004e-01   
     3.181789        2.369306e-01      0.000000e+00      0.000000e+00      2.369306e-01   
     3.265666        1.975241e-01      0.000000e+00      0.000000e+00      1.975241e-01   
     3.365002        1.584546e-01      0.000000e+00      0.000000e+00      1.584546e-01   
     3.479529        1.219760e-01      0.000000e+00      0.000000e+00      1.219760e-01   
     3.608938        8.976967e-02      0.000000e+00      0.000000e+00      8.976967e-02   
     3.752880        6.288375e-02      0.000000e+00      0.000000e+00      6.288375e-02   
     3.910968        4.173631e-02      0.000000e+00      0.000000e+00      4.173631e-02   
     4.082775        2.617030e-02      0.000000e+00      0.000000e+00      2.617030e-02   
     4.267838        1.555907e-02      0.000000e+00      0.000000e+00      1.555907e-02   
     4.465657        8.958273e-03      0.000000e+00      0.000000e+00      8.958273e-03   
     4.675701        5.285975e-03      0.000000e+00      0.000000e+00      5.285975e-03   
     4.897402        3.499150e-03      0.000000e+00      0.000000e+00      3.499150e-03   
     5.130163        2.732663e-03      0.000000e+00      0.000000e+00      2.732663e-03   
     5.373356        2.376133e-03      0.000000e+00      0.000000e+00      2.376133e-03   
     5.626327        2.082305e-03      0.000000e+00      0.000000e+00      2.082305e-03   
     5.888392        1.719621e-03      0.000000e+00      0.000000e+00      1.719621e-03   
     6.158845        1.294605e-03      0.000000e+00      0.000000e+00      1.294605e-03   
     6.436958        8.725679e-04      0.000000e+00      0.000000e+00      8.725679e-04   
     6.721980        5.182452e-04      0.000000e+00      0.000000e+00      5.182452e-04   
     7.013143        2.656435e-04      0.000000e+00      0.000000e+00      2.656435e-04   
     7.309662        1.141127e-04      0.000000e+00      0.000000e+00      1.141127e-04   
     7.610739        4.018244e-05      0.000000e+00      0.000000e+00      4.018244e-05   
     7.915560        1.345404e-05      0.000000e+00      0.000000e+00      1.345404e-05   
     8.223305        8.417496e-06      0.000000e+00      0.000000e+00      8.417496e-06   
     8.533144        9.331079e-06      0.000000e+00      0.000000e+00      9.331079e-06   
     8.844241        9.454075e-06      0.000000e+00      0.000000e+00      9.454075e-06   
     9.155759        7.648882e-06      0.000000e+00      0.000000e+00      7.648882e-06   
     9.466856        4.984694e-06      0.000000e+00      0.000000e+00      4.984694e-06   
     9.776695        2.632356e-06      0.000000e+00      0.000000e+00      2.632356e-06   
    10.084440        1.116326e-06      0.000000e+00      0.000000e+00      1.116326e-06   
    10.389261        3.879023e-07      0.000000e+00      0.000000e+00      3.879023e-07   
    10.690338        1.533395e-07      0.000000e+00      0.000000e+00      1.533395e-07   
    10.986857        1.304371e-07      0.000000e+00      0.000000e+00      1.304371e-07   
    11.278020        1.500669e-07      0.000000e+00      0.000000e+00      1.500669e-07   
    11.563042        1.486787e-07      0.000000e+00      0.000000e+00      1.486787e-07   
    11.841155        1.221898e-07      0.000000e+00      0.000000e+00      1.221898e-07   
    12.111608        8.570180e-08      0.000000e+00      0.000000e+00      8.570180e-08   
    12.373673        5.251031e-08      0.000000e+00      0.000000e+00      5.251031e-08   
    12.626644        2.849338e-08      0.000000e+00      0.000000e+00      2.849338e-08   
    12.869837        1.379815e-08      0.000000e+00      0.000000e+00      1.379815e-08   
    13.102598        6.031838e-09      0.000000e+00      0.000000e+00      6.031838e-09   
    13.324299        2.502045e-09      0.000000e+00      0.000000e+00      2.502045e-09   
    13.534343        1.177891e-09      0.000000e+00      0.000000e+00      1.177891e-09   
    13.732162        8.273802e-10      0.000000e+00      0.000000e+00      8.273802e-10   
    13.917225        8.203612e-10      0.000000e+00      0.000000e+00      8.203612e-10   
    14.089032        8.860475e-10      0.000000e+00      0.000000e+00      8.860475e-10   
    14.247120        9.336947e-10      0.000000e+00      0.000000e+00      9.336947e-10   
    14.391062        9.480730e-10      0.000000e+00      0.000000e+00      9.480730e-10   
    14.520471        9.381884e-10      0.000000e+00      0.000000e+00      9.381884e-10   
    14.634998        9.161418e-10      0.000000e+00      0.000000e+00      9.161418e-10   
    14.734334        8.912875e-10      0.000000e+00      0.000000e+00      8.912875e-10   
    14.818211        8.688498e-10      0.000000e+00      0.000000e+00      8.688498e-10   
    14.886403        8.504169e-10      0.000000e+00      0.000000e+00      8.504169e-10   
    14.938727        8.358964e-10      0.000000e+00      0.000000e+00      8.358964e-10   
    14.975043        8.263726e-10      0.000000e+00      0.000000e+00      8.263726e-10   
    14.995261        8.219361e-10      0.000000e+00      0.000000e+00      8.219361e-10   