#        q              total               1              \delta U         \delta U^2    

     0.001185        1.539965e+04      1.539996e+04     -3.147286e-01      1.607828e-03   
     0.006239        7.764323e+03      7.764635e+03     -3.135376e-01      1.331888e-03   
     0.015318        5.054133e+03      5.054446e+03     -3.134090e-01      3.465571e-04   
     0.028399        3.604978e+03      3.605292e+03     -3.134176e-01     -1.865912e-04   
     0.045447        2.692258e+03      2.692571e+03     -3.136401e-01      1.228131e-04   
     0.066417        2.144615e+03      2.144929e+03     -3.134988e-01      1.048703e-04   
     0.091251        1.676770e+03      1.677083e+03     -3.130941e-01      3.132687e-04   
     0.119882        1.431751e+03      1.432064e+03     -3.125838e-01     -1.158983e-04   
     0.152235        1.211840e+03      1.212152e+03     -3.119659e-01     -4.301603e-04   
     0.188220        1.015681e+03      1.015991e+03     -3.107388e-01      5.415678e-04   
     0.227742        8.419147e+02      8.422233e+02     -3.089084e-01      3.020386e-04   
     0.270694        7.378417e+02      7.381486e+02     -3.067021e-01     -1.866195e-04   
     0.316959        6.427175e+02      6.430212e+02     -3.036066e-01     -8.160007e-05   
     0.366414        5.561397e+02      5.564389e+02     -2.993441e-01      1.587336e-04   
     0.418925        5.159307e+02      5.162265e+02     -2.959258e-01      1.656366e-04   
     0.474351        4.414191e+02      4.417079e+02     -2.888859e-01      3.053205e-05   
     0.532541        3.744498e+02      3.747292e+02     -2.794321e-01      2.428875e-05   
     0.593339        3.436691e+02      3.439416e+02     -2.725591e-01      8.681013e-05   
     0.656582        2.872604e+02      2.875186e+02     -2.583007e-01      1.032074e-04   
     0.722098        2.615341e+02      2.617826e+02     -2.485834e-01      8.578220e-05   
     0.789711        2.147818e+02      2.150106e+02     -2.288531e-01      8.415681e-05   
     0.859239        1.936578e+02      1.938740e+02     -2.163166e-01      1.032135e-04   
     0.930495        1.556565e+02      1.558481e+02     -1.917756e-01      1.239504e-04   
     1.003286        1.229855e+02      1.231504e+02     -1.651197e-01      1.400902e-04   
     1.077416        9.524133e+01      9.537875e+01     -1.375844e-01      1.594447e-04   
     1.152685        7.202063e+01      7.213097e+01     -1.105224e-01      1.865638e-04   
     1.228890        4.478788e+01      4.486194e+01     -7.427943e-02      2.204859e-04   
     1.305826        2.054729e+01      2.058372e+01     -3.668819e-02      2.598896e-04   
     1.383286        3.512234e+00      3.518584e+00     -6.655025e-03      3.053592e-04   
     1.461060        3.579836e-04      0.000000e+00      0.000000e+00      3.579836e-04   
     1.538940        4.180590e-04      0.000000e+00      0.000000e+00      4.180590e-04   
     1.616714        4.854074e-04      0.000000e+00      0.000000e+00      4.854074e-04   
     1.694174        5.599270e-04      0.000000e+00      0.000000e+00      5.599270e-04   
     1.771110        6.411975e-04      0.000000e+00      0.000000e+00      6.411975e-04   
     1.847315        7.285472e-04      0.000000e+00      0.000000e+00      7.285472e-04   
     1.922584        8.210678e-04      0.000000e+00      0.000000e+00      8.210678e-04   
     1.996714        9.176499e-04      0.000000e+00      0.000000e+00      9.176499e-04   
     2.069505        1.017004e-03      0.000000e+00      0.000000e+00      1.017004e-03   
     2.140761        1.117741e-03      0.000000e+00      0.000000e+00      1.117741e-03   
     2.210289        1.218430e-03      0.000000e+00      0.000000e+00      1.218430e-03   
     2.277902        1.317629e-03      0.000000e+00      0.000000e+00      1.317629e-03   
     2.343418        1.413955e-03      0.000000e+00      0.000000e+00      1.413955e-03   
     2.406661        1.506131e-03      0.000000e+00      0.000000e+00      1.506131e-03   
     2.467459        1.593079e-03      0.000000e+00      0.000000e+00      1.593079e-03   
     2.525649        1.673955e-03      0.000000e+00      0.000000e+00      1.673955e-03   
     2.581075        1.748101e-03      0.000000e+00      0.000000e+00      1.748101e-03   
     2.633586        1.815101e-03      0.000000e+00      0.000000e+00      1.815101e-03   
     2.683041        1.874716e-03      0.000000e+00      0.000000e+00      1.874716e-03   
     2.729306        1.926899e-03      0.000000e+00      0.000000e+00      1.926899e-03   
     2.772258        1.971796e-03      0.000000e+00      0.000000e+00      1.971796e-03   
     2.811780        2.009778e-03      0.000000e+00      0.000000e+00      2.009778e-03   
     2.847765        2.041402e-03      0.000000e+00      0.000000e+00      2.041402e-03   
     2.880118        2.067343e-03      0.000000e+00      0.000000e+00      2.067343e-03   
     2.908749        2.088329e-03      0.000000e+00      0.000000e+00      2.088329e-03   
     2.933583        2.105069e-03      0.000000e+00      0.000000e+00      2.105069e-03   
     2.954553        2.118196e-03      0.000000e+00      0.000000e+00      2.118196e-03   
     2.971601        2.128220e-03      0.000000e+00      0.000000e+00      2.128220e-03   
     2.984682        2.135532e-03      0.000000e+00      0.000000e+00      2.135532e-03   
     2.993761        2.140395e-03      0.000000e+00      0.000000e+00      2.140395e-03   
     2.998815        2.143019e-03      0.000000e+00      0.000000e+00      2.143019e-03   
     3.004739        2.145924e-03      0.000000e+00      0.000000e+00      2.145924e-03   
     3.024957        2.154475e-03      0.000000e+00      0.000000e+00      2.154475e-03   
     3.061273        2.165775e-03      0.000000e+00      0.000000e+00      2.165775e-03   
     3.113597        2.173881e-03      0.000000e+00      0.000000e+00      2.173881e-03   
     3.181789        2.175957e-03      0.000000e+00      0.000000e+00      2.175957e-03   
     3.265666        2.158243e-03      0.000000e+00      0.000000e+00      2.158243e-03   
     3.365002        2.105364e-03      0.000000e+00      0.000000e+00      2.105364e-03   
     3.479529        2.006620e-03      0.000000e+00      0.000000e+00      2.006620e-03   
     3.608938        1.851118e-03      0.000000e+00      0.000000e+00      1.851118e-03   
     3.752880        1.633386e-03      0.000000e+00      0.000000e+00      1.633386e-03   
     3.910968        1.361784e-03      0.000000e+00      0.000000e+00      1.361784e-03   
     4.082775        1.060240e-03      0.000000e+00      0.000000e+00      1.060240e-03   
     4.267838        7.696004e-04      0.000000e+00      0.000000e+00      7.696004e-04   
     4.465657        5.415483e-04      0.000000e+00      0.000000e+00      5.415483e-04   
     4.675701        4.249857e-04      0.000000e+00      0.000000e+00      4.249857e-04   
     4.897402        4.476461e-04      0.000000e+00      0.000000e+00      4.476461e-04   
     5.130163        5.993448e-04      0.000000e+00      0.000000e+00      5.993448e-04   
     5.373356        8.260525e-04      0.000000e+00      0.000000e+00      8.260525e-04   
     5.626327        1.042321e-03      0.000000e+00      0.000000e+00      1.042321e-03   
     5.888392        1.161469e-03      0.000000e+00      0.000000e+00      1.161469e-03   
     6.158845        1.131468e-03      0.000000e+00      0.000000e+00      1.131468e-03   
     6.436958        9.574522e-04      0.000000e+00      0.000000e+00      9.574522e-04   
     6.721980        6.967528e-04      0.000000e+00      0.000000e+00      6.967528e-04   
     7.013143        4.286294e-04      0.000000e+00      0.000000e+00      4.286294e-04   
     7.309662        2.170409e-04      0.000000e+00      0.000000e+00      2.170409e-04   
     7.610739        8.801843e-05      0.000000e+00      0.000000e+00      8.801843e-05   
     7.915560        3.104933e-05      0.000000e+00      0.000000e+00      3.104933e-05   
     8.223305        1.723276e-05      0.000000e+00      0.000000e+00      1.723276e-05   
     8.533144        1.899721e-05      0.000000e+00      0.000000e+00      1.899721e-05   
     8.844241        2.048596e-05      0.000000e+00      0.000000e+00      2.048596e-05   
     9.155759        1.742142e-05      0.000000e+00      0.000000e+00      1.742142e-05   
     9.466856        1.169916e-05      0.000000e+00      0.000000e+00      1.169916e-05   
     9.776695        6.257595e-06      0.000000e+00      0.000000e+00      6.257595e-06   
    10.084440        2.648415e-06      0.000000e+00      0.000000e+00      2.648415e-06   
    10.389261        9.093046e-07      0.000000e+00      0.000000e+00      9.093046e-07   
    10.690338        3.596174e-07      0.000000e+00      0.000000e+00      3.596174e-07   
    10.986857        3.067284e-07      0.000000e+00      0.000000e+00      3.067284e-07   
    11.278020        3.404655e-07      0.000000e+00      0.000000e+00      3.404655e-07   
    11.563042        3.186644e-07      0.000000e+00      0.000000e+00      3.186644e-07   
    11.841155        2.433880e-07      0.000000e+00      0.000000e+00      2.433880e-07   
    12.111608        1.556662e-07      0.000000e+00      0.000000e+00      1.556662e-07   
    12.373673        8.506346e-08      0.000000e+00      0.000000e+00      8.506346e-08   
    12.626644        4.030461e-08      0.000000e+00      0.000000e+00      4.030461e-08   
    12.869837        1.703901e-08      0.000000e+00      0.000000e+00      1.703901e-08   
    13.102598        7.082554e-09      0.000000e+00      0.000000e+00      7.082554e-09   
    13.324299        3.614828e-09      0.000000e+00      0.000000e+00      3.614828e-09   
    13.534343        2.577022e-09      0.000000e+00      0.000000e+00      2.577022e-09   
    13.732162        2.144460e-09      0.000000e+00      0.000000e+00      2.144460e-09   
    13.917225        1.753619e-09      0.000000e+00      0.000000e+00      1.753619e-09   
    14.089032        1.355814e-09      0.000000e+00      0.000000e+00      1.355814e-09   
    14.247120        1.021052e-09      0.000000e+00      0.000000e+00      1.021052e-09   
    14.391062        7.935643e-10      0.000000e+00      0.000000e+00      7.935643e-10   
    14.520471        6.718820e-10      0.000000e+00      0.000000e+00      6.718820e-10   
    14.634998        6.301974e-10      0.000000e+00      0.000000e+00      6.301974e-10   
    14.734334        6.354880e-10      0.000000e+00      0.000000e+00      6.354880e-10   
    14.818211        6.612459e-10      0.000000e+00      0.000000e+00      6.612459e-10   
    14.886403        6.934304e-10      0.000000e+00      0.000000e+00      6.934304e-10   
    14.938727        7.251573e-10      0.000000e+00      0.000000e+00      7.251573e-10   
    14.975043        7.503897e-10      0.000000e+00      0.000000e+00      7.503897e-10   
    14.995261        7.615682e-10      0.000000e+00      0.000000e+00      7.615682e-10   