#        q              total               1              \delta U         \delta U^2    

     0.001185        8.117790e+03      8.153683e+03     -3.646955e+01      5.766832e-01   
     0.006239        4.094441e+03      4.130308e+03     -3.644374e+01      5.766756e-01   
     0.015318        2.483819e+03      2.519526e+03     -3.628318e+01      5.766353e-01   
     0.028399        1.685092e+03      1.720456e+03     -3.593976e+01      5.765096e-01   
     0.045447        1.212317e+03      1.247118e+03     -3.537765e+01      5.762465e-01   
     0.066417        9.513602e+02      9.855113e+02     -3.472690e+01      5.757849e-01   
     0.091251        7.301220e+02      7.633128e+02     -3.376582e+01      5.750142e-01   
     0.119882        6.334629e+02      6.659862e+02     -3.309728e+01      5.739119e-01   
     0.152235        5.048075e+02      5.360814e+02     -3.184629e+01      5.724482e-01   
     0.188220        4.294130e+02      4.596150e+02     -3.077254e+01      5.705844e-01   
     0.227742        3.618635e+02      3.907890e+02     -2.949391e+01      5.684523e-01   
     0.270694        3.017575e+02      3.292012e+02     -2.800996e+01      5.662835e-01   
     0.316959        2.487246e+02      2.744495e+02     -2.628942e+01      5.644362e-01   
     0.366414        2.023779e+02      2.261318e+02     -2.431742e+01      5.634635e-01   
     0.418925        1.816849e+02      2.042601e+02     -2.313929e+01      5.641350e-01   
     0.474351        1.445981e+02      1.648394e+02     -2.080871e+01      5.674019e-01   
     0.532541        1.283038e+02      1.471899e+02     -1.946047e+01      5.743595e-01   
     0.593339        9.948677e+01      1.157614e+02     -1.686081e+01      5.861820e-01   
     0.656582        8.708017e+01      1.018818e+02     -1.540568e+01      6.039971e-01   
     0.722098        7.584168e+01      8.915840e+01     -1.394544e+01      6.287280e-01   
     0.789711        5.635434e+01      6.697876e+01     -1.128534e+01      6.609222e-01   
     0.859239        4.824309e+01      5.742203e+01     -9.879515e+00      7.005788e-01   
     0.930495        3.440449e+01      4.112345e+01     -7.465965e+00      7.470056e-01   
     1.003286        2.879422e+01      3.428106e+01     -6.285578e+00      7.987400e-01   
     1.077416        2.390314e+01      2.824292e+01     -5.193339e+00      8.535575e-01   
     1.152685        1.583148e+01      1.837832e+01     -3.455425e+00      9.085884e-01   
     1.228890        9.962962e+00      1.112752e+01     -2.125093e+00      9.605334e-01   
     1.305826        5.931040e+00      6.088407e+00     -1.163333e+00      1.005967e+00   
     1.383286        3.361073e+00      2.858849e+00     -5.394570e-01      1.041681e+00   
     1.461060        1.494699e+00      5.277876e-01     -9.811609e-02      1.065028e+00   
     1.538940        1.074194e+00      0.000000e+00      0.000000e+00      1.074194e+00   
     1.616714        1.068372e+00      0.000000e+00      0.000000e+00      1.068372e+00   
     1.694174        1.047808e+00      0.000000e+00      0.000000e+00      1.047808e+00   
     1.771110        1.013712e+00      0.000000e+00      0.000000e+00      1.013712e+00   
     1.847315        9.680728e-01      0.000000e+00      0.000000e+00      9.680728e-01   
     1.922584        9.134027e-01      0.000000e+00      0.000000e+00      9.134027e-01   
     1.996714        8.524567e-01      0.000000e+00      0.000000e+00      8.524567e-01   
     2.069505        7.879681e-01      0.000000e+00      0.000000e+00      7.879681e-01   
     2.140761        7.224343e-01      0.000000e+00      0.000000e+00      7.224343e-01   
     2.210289        6.579703e-01      0.000000e+00      0.000000e+00      6.579703e-01   
     2.277902        5.962311e-01      0.000000e+00      0.000000e+00      5.962311e-01   
     2.343418        5.383980e-01      0.000000e+00      0.000000e+00      5.383980e-01   
     2.406661        4.852117e-01      0.000000e+00      0.000000e+00      4.852117e-01   
     2.467459        4.370380e-01      0.000000e+00      0.000000e+00      4.370380e-01   
     2.525649        3.939476e-01      0.000000e+00      0.000000e+00      3.939476e-01   
     2.581075        3.557969e-01      0.000000e+00      0.000000e+00      3.557969e-01   
     2.633586        3.223020e-01      0.000000e+00      0.000000e+00      3.223020e-01   
     2.683041        2.930987e-01      0.000000e+00      0.000000e+00      2.930987e-01   
     2.729306        2.677889e-01      0.000000e+00      0.000000e+00      2.677889e-01   
     2.772258        2.459733e-01      0.000000e+00      0.000000e+00      2.459733e-01   
     2.811780        2.272727e-01      0.000000e+00      0.000000e+00      2.272727e-01   
     2.847765        2.113404e-01      0.000000e+00      0.000000e+00      2.113404e-01   
     2.880118        1.978685e-01      0.000000e+00      0.000000e+00      1.978685e-01   
     2.908749        1.865896e-01      0.000000e+00      0.000000e+00      1.865896e-01   
     2.933583        1.772764e-01      0.000000e+00      0.000000e+00      1.772764e-01   
     2.954553        1.697398e-01      0.000000e+00      0.000000e+00      1.697398e-01   
     2.971601        1.638263e-01      0.000000e+00      0.000000e+00      1.638263e-01   
     2.984682        1.594154e-01      0.000000e+00      0.000000e+00      1.594154e-01   
     2.993761        1.564172e-01      0.000000e+00      0.000000e+00      1.564172e-01   
     2.998815        1.547702e-01      0.000000e+00      0.000000e+00      1.547702e-01   
     3.004739        1.528596e-01      0.000000e+00      0.000000e+00      1.528596e-01   
     3.024957        1.464985e-01      0.000000e+00      0.000000e+00      1.464985e-01   
     3.061273        1.356690e-01      0.000000e+00      0.000000e+00      1.356690e-01   
     3.113597        1.213325e-01      0.000000e+00      0.000000e+00      1.213325e-01   
     3.181789        1.046964e-01      0.000000e+00      0.000000e+00      1.046964e-01   
     3.265666        8.704916e-02      0.000000e+00      0.000000e+00      8.704916e-02   
     3.365002        6.960239e-02      0.000000e+00      0.000000e+00      6.960239e-02   
     3.479529        5.337106e-02      0.000000e+00      0.000000e+00      5.337106e-02   
     3.608938        3.910269e-02      0.000000e+00      0.000000e+00      3.910269e-02   
     3.752880        2.725115e-02      0.000000e+00      0.000000e+00      2.725115e-02   
     3.910968        1.798270e-02      0.000000e+00      0.000000e+00      1.798270e-02   
     4.082775        1.120588e-02      0.000000e+00      0.000000e+00      1.120588e-02   
     4.267838        6.623159e-03      0.000000e+00      0.000000e+00      6.623159e-03   
     4.465657        3.801699e-03      0.000000e+00      0.000000e+00      3.801699e-03   
     4.675701        2.254343e-03      0.000000e+00      0.000000e+00      2.254343e-03   
     4.897402        1.517317e-03      0.000000e+00      0.000000e+00      1.517317e-03   
     5.130163        1.210115e-03      0.000000e+00      0.000000e+00      1.210115e-03   
     5.373356        1.067504e-03      0.000000e+00      0.000000e+00      1.067504e-03   
     5.626327        9.414092e-04      0.000000e+00      0.000000e+00      9.414092e-04   
     5.888392        7.786379e-04      0.000000e+00      0.000000e+00      7.786379e-04   
     6.158845        5.858494e-04      0.000000e+00      0.000000e+00      5.858494e-04   
     6.436958        3.943038e-04      0.000000e+00      0.000000e+00      3.943038e-04   
     6.721980        2.337831e-04      0.000000e+00      0.000000e+00      2.337831e-04   
     7.013143        1.196052e-04      0.000000e+00      0.000000e+00      1.196052e-04   
     7.309662        5.126994e-05      0.000000e+00      0.000000e+00      5.126994e-05   
     7.610739        1.800994e-05      0.000000e+00      0.000000e+00      1.800994e-05   
     7.915560        6.021007e-06      0.000000e+00      0.000000e+00      6.021007e-06   
     8.223305        3.776311e-06      0.000000e+00      0.000000e+00      3.776311e-06   
     8.533144        4.189632e-06      0.000000e+00      0.000000e+00      4.189632e-06   
     8.844241        4.239645e-06      0.000000e+00      0.000000e+00      4.239645e-06   
     9.155759        3.424038e-06      0.000000e+00      0.000000e+00      3.424038e-06   
     9.466856        2.226806e-06      0.000000e+00      0.000000e+00      2.226806e-06   
     9.776695        1.173115e-06      0.000000e+00      0.000000e+00      1.173115e-06   
    10.084440        4.961546e-07      0.000000e+00      0.000000e+00      4.961546e-07   
    10.389261        1.721949e-07      0.000000e+00      0.000000e+00      1.721949e-07   
    10.690338        6.863991e-08      0.000000e+00      0.000000e+00      6.863991e-08   
    10.986857        5.896647e-08      0.000000e+00      0.000000e+00      5.896647e-08   
    11.278020        6.775020e-08      0.000000e+00      0.000000e+00      6.775020e-08   
    11.563042        6.690198e-08      0.000000e+00      0.000000e+00      6.690198e-08   
    11.841155        5.482522e-08      0.000000e+00      0.000000e+00      5.482522e-08   
    12.111608        3.836279e-08      0.000000e+00      0.000000e+00      3.836279e-08   
    12.373673        2.345920e-08      0.000000e+00      0.000000e+00      2.345920e-08   
    12.626644        1.270948e-08      0.000000e+00      0.000000e+00      1.270948e-08   
    12.869837        6.148345e-09      0.000000e+00      0.000000e+00      6.148345e-09   
    13.102598        2.687882e-09      0.000000e+00      0.000000e+00      2.687882e-09   
    13.324299        1.117672e-09      0.000000e+00      0.000000e+00      1.117672e-09   
    13.534343        5.292928e-10      0.000000e+00      0.000000e+00      5.292928e-10   
    13.732162        3.735585e-10      0.000000e+00      0.000000e+00      3.735585e-10   
    13.917225        3.703325e-10      0.000000e+00      0.000000e+00      3.703325e-10   
    14.089032        3.994506e-10      0.000000e+00      0.000000e+00      3.994506e-10   
    14.247120        4.206726e-10      0.000000e+00      0.000000e+00      4.206726e-10   
    14.391062        4.271805e-10      0.000000e+00      0.000000e+00      4.271805e-10   
    14.520471        4.228152e-10      0.000000e+00      0.000000e+00      4.228152e-10   
    14.634998        4.131027e-10      0.000000e+00      0.000000e+00      4.131027e-10   
    14.734334        4.022697e-10      0.000000e+00      0.000000e+00      4.022697e-10   
    14.818211        3.923834e-10      0.000000e+00      0.000000e+00      3.923834e-10   
    14.886403        3.840708e-10      0.000000e+00      0.000000e+00      3.840708e-10   
    14.938727        3.773993e-10      0.000000e+00      0.000000e+00      3.773993e-10   
    14.975043        3.730333e-10      0.000000e+00      0.000000e+00      3.730333e-10   
    14.995261        3.711300e-10      0.000000e+00      0.000000e+00      3.711300e-10   