#        q                pp                pn                nn        

     0.000790        2.848690e+04      2.754846e+04      3.719787e+04   
     0.004159        1.536616e+04      1.488102e+04      1.988803e+04   
     0.010212        1.067762e+04      1.034481e+04      1.356100e+04   
     0.018933        8.235043e+03      7.979928e+03      1.009816e+04   
     0.030298        6.616582e+03      6.412657e+03      7.989408e+03   
     0.044278        5.600738e+03      5.428745e+03      6.616764e+03   
     0.060834        4.694646e+03      4.551320e+03      5.600966e+03   
     0.079922        4.201056e+03      4.073160e+03      4.694895e+03   
     0.101490        3.598522e+03      3.489830e+03      4.201317e+03   
     0.125480        3.186560e+03      3.091086e+03      3.743624e+03   
     0.151828        2.930193e+03      2.843083e+03      3.320457e+03   
     0.180462        2.687968e+03      2.608965e+03      2.930458e+03   
     0.211306        2.459481e+03      2.388290e+03      2.688232e+03   
     0.244276        2.244328e+03      2.180614e+03      2.459741e+03   
     0.279283        2.042105e+03      1.985491e+03      2.244580e+03   
     0.316234        1.945741e+03      1.892973e+03      2.042348e+03   
     0.355027        1.762155e+03      1.715865e+03      1.945977e+03   
     0.395559        1.674881e+03      1.632152e+03      1.762377e+03   
     0.437721        1.509025e+03      1.472032e+03      1.675094e+03   
     0.481399        1.430388e+03      1.396575e+03      1.509220e+03   
     0.526474        1.354530e+03      1.323761e+03      1.430572e+03   
     0.572826        1.281403e+03      1.253533e+03      1.354705e+03   
     0.620330        1.210957e+03      1.185835e+03      1.281568e+03   
     0.668857        1.077855e+03      1.056754e+03      1.211114e+03   
     0.718277        1.015154e+03      9.963554e+02      1.078000e+03   
     0.768456        9.549383e+02      9.383025e+02      1.015294e+03   
     0.819260        8.971581e+02      8.825577e+02      9.550751e+02   
     0.870551        8.417635e+02      8.290834e+02      8.972922e+02   
     0.922191        7.378524e+02      7.277598e+02      7.887585e+02   
     0.974040        6.893069e+02      6.808431e+02      7.379763e+02   
     1.025960        5.986402e+02      5.922931e+02      6.894250e+02   
     1.077809        5.564843e+02      5.515384e+02      5.987482e+02   
     1.129449        4.781507e+02      4.749417e+02      5.565812e+02   
     1.180740        4.075370e+02      4.058564e+02      4.782328e+02   
     1.231544        3.442401e+02      3.438933e+02      4.076025e+02   
     1.281723        2.379991e+02      2.392048e+02      3.152521e+02   
     1.331143        5.619721e+00      9.112373e+00      2.154221e+02   
     1.379670        4.661413e-01      4.338819e+00      7.259540e+01   
     1.427174        4.261869e-01      4.576036e+00      4.618690e-01   
     1.473526        3.791849e-01      4.732995e+00      4.119706e-01   
     1.518601        3.287236e-01      4.811572e+00      3.582246e-01   
     1.562279        2.780725e-01      4.818937e+00      3.040478e-01   
     1.604441        2.298712e-01      4.765776e+00      2.522444e-01   
     1.644973        1.859845e-01      4.664558e+00      2.048380e-01   
     1.683766        1.475013e-01      4.528063e+00      1.630522e-01   
     1.720717        1.148377e-01      4.368281e+00      1.274016e-01   
     1.755724        8.789342e-02      4.195712e+00      9.784488e-02   
     1.788694        6.622085e-02      4.019029e+00      7.395674e-02   
     1.819538        4.917737e-02      3.845020e+00      5.508647e-02   
     1.848172        3.604516e-02      3.678722e+00      4.048666e-02   
     1.874520        2.611505e-02      3.523665e+00      2.940562e-02   
     1.898510        1.873787e-02      3.382156e+00      2.114605e-02   
     1.920078        1.335017e-02      3.255569e+00      1.509630e-02   
     1.939166        9.482021e-03      3.144596e+00      1.074181e-02   
     1.955722        6.753890e-03      3.049469e+00      7.663952e-03   
     1.969702        4.867585e-03      2.970127e+00      5.531863e-03   
     1.981067        3.595084e-03      2.906353e+00      4.091298e-03   
     1.989788        2.767442e-03      2.857866e+00      3.153143e-03   
     1.995841        2.265083e-03      2.824390e+00      2.583141e-03   
     1.999210        2.010056e-03      2.805662e+00      2.293581e-03   
     2.003160        1.733040e-03      2.785106e+00      1.978902e-03   
     2.016638        9.570929e-04      2.714181e+00      1.096256e-03   
     2.040848        1.632712e-04      2.588468e+00      1.895893e-04   
     2.075731        1.575736e-04      2.414141e+00      1.752117e-04   
     2.121193        1.668726e-03      2.200960e+00      1.887627e-03   
     2.177111        5.043543e-03      1.961779e+00      5.729203e-03   
     2.243335        1.008423e-02      1.710924e+00      1.147659e-02   
     2.319686        1.610218e-02      1.461855e+00      1.833809e-02   
     2.405959        2.214500e-02      1.225143e+00      2.521859e-02   
     2.501920        2.727047e-02      1.007647e+00      3.104142e-02   
     2.607312        3.075989e-02      8.129675e-01      3.499357e-02   
     2.721850        3.223410e-02      6.424586e-01      3.665208e-02   
     2.845225        3.167589e-02      4.961352e-01      3.600391e-02   
     2.977105        2.937331e-02      3.732322e-01      3.337964e-02   
     3.117134        2.581157e-02      2.724758e-01      2.933101e-02   
     3.264935        2.155065e-02      1.921814e-01      2.449272e-02   
     3.420109        1.711906e-02      1.302874e-01      1.946288e-02   
     3.582238        1.294087e-02      8.440964e-02      1.472095e-02   
     3.750884        9.300506e-03      5.194621e-02      1.058847e-02   
     3.925594        6.341055e-03      3.022517e-02      7.227254e-03   
     4.105897        4.086140e-03      1.666893e-02      4.664195e-03   
     4.291305        2.474261e-03      8.944736e-03      2.829994e-03   
     4.481320        1.395427e-03      5.077328e-03      1.600474e-03   
     4.675429        7.229082e-04      3.510563e-03      8.324050e-04   
     4.873108        3.362708e-04      3.115650e-03      3.895193e-04   
     5.073826        1.348448e-04      3.153731e-03      1.577615e-04   
     5.277040        4.288450e-05      3.206872e-03      5.117112e-05   
     5.482203        8.771302e-06      3.093984e-03      1.104036e-05   
     5.688763        8.217714e-07      2.787053e-03      1.222496e-06   
     5.896161        1.868001e-06      2.339222e-03      2.036742e-06   
     6.103839        4.104026e-06      1.831157e-03      4.454935e-06   
     6.311237        4.988608e-06      1.337211e-03      5.467496e-06   
     6.517797        4.431820e-06      9.090107e-04      4.891439e-06   
     6.722960        3.133532e-06      5.719237e-04      3.476910e-06   
     6.926174        1.776927e-06      3.292761e-04      1.980835e-06   
     7.126892        7.578801e-07      1.698253e-04      8.492550e-07   
     7.324571        1.891393e-07      7.530836e-05      2.139708e-07   
     7.518680        4.077206e-09      2.631031e-05      5.124968e-09   
     7.708695        6.438443e-08      5.889118e-06      7.075042e-08   
     7.894103        2.337045e-07      1.170493e-06      2.594096e-07   
     8.074406        4.128349e-07      3.492526e-06      4.601945e-07   
     8.249116        5.467414e-07      7.735850e-06      6.111445e-07   
     8.417762        6.164224e-07      1.135434e-05      6.905237e-07   
     8.579891        6.258558e-07      1.343809e-05      7.024083e-07   
     8.735065        5.900265e-07      1.397093e-05      6.633477e-07   
     8.882866        5.264686e-07      1.332322e-05      5.928848e-07   
     9.022895        4.505132e-07      1.195202e-05      5.081939e-07   
     9.154775        3.733960e-07      1.025364e-05      4.219172e-07   
     9.278150        3.021427e-07      8.512595e-06      3.420022e-07   
     9.392688        2.403242e-07      6.902576e-06      2.725248e-07   
     9.498080        1.890689e-07      5.509521e-06      2.148121e-07   
     9.594041        1.479998e-07      4.359421e-06      1.684887e-07   
     9.680314        1.159580e-07      3.442566e-06      1.322878e-07   
     9.756665        9.149526e-08      2.731483e-06      1.046058e-07   
     9.822889        7.317092e-08      2.192681e-06      8.383830e-08   
     9.878807        5.970704e-08      1.793503e-06      6.855735e-08   
     9.924269        5.005211e-08      1.505575e-06      5.758498e-08   
     9.959152        4.339192e-08      1.306151e-06      5.000736e-08   
     9.983362        3.913513e-08      1.178302e-06      4.515984e-08   
     9.996840        3.682451e-08      1.110078e-06      4.252818e-08   