Wood-Saxon orbitals: potentials
        r              vc_p             vls_p            vc_n             vls_n             vem 
 0.16666667E+00  -0.72624397E+02  -0.55921599E+02  -0.72624397E+02  -0.55691470E+02   0.10774042E+01
 0.33333333E+00  -0.71466342E+02  -0.34903468E+02  -0.71466342E+02  -0.34759833E+02   0.10699059E+01
 0.50000000E+00  -0.70020122E+02  -0.28760036E+02  -0.70020122E+02  -0.28641682E+02   0.10574086E+01
 0.66666667E+00  -0.68231646E+02  -0.26335564E+02  -0.68231646E+02  -0.26227188E+02   0.10399125E+01
 0.83333333E+00  -0.66046527E+02  -0.25341563E+02  -0.66046527E+02  -0.25237278E+02   0.10174174E+01
 0.10000000E+01  -0.63415942E+02  -0.24948884E+02  -0.63415942E+02  -0.24846215E+02   0.98992341E+00
 0.11666667E+01  -0.60304806E+02  -0.24733962E+02  -0.60304806E+02  -0.24632177E+02   0.95743053E+00
 0.13333333E+01  -0.56701666E+02  -0.24425750E+02  -0.56701666E+02  -0.24325233E+02   0.91993875E+00
 0.15000000E+01  -0.52628651E+02  -0.23836302E+02  -0.52628651E+02  -0.23738211E+02   0.87744806E+00
 0.16666667E+01  -0.48148735E+02  -0.22848442E+02  -0.48148735E+02  -0.22754417E+02   0.82995847E+00
 0.18333333E+01  -0.43367138E+02  -0.21420074E+02  -0.43367138E+02  -0.21331926E+02   0.77746998E+00
 0.20000000E+01  -0.38424477E+02  -0.19585609E+02  -0.38424477E+02  -0.19505010E+02   0.71998258E+00
 0.21666667E+01  -0.33481688E+02  -0.17444695E+02  -0.33481688E+02  -0.17372906E+02   0.66459931E+00
 0.23333333E+01  -0.28699722E+02  -0.15137446E+02  -0.28699722E+02  -0.15075152E+02   0.61712793E+00
 0.25000000E+01  -0.24219243E+02  -0.12813081E+02  -0.24219243E+02  -0.12760352E+02   0.57598607E+00
 0.26666667E+01  -0.20145532E+02  -0.10601863E+02  -0.20145532E+02  -0.10558234E+02   0.53998694E+00
 0.28333333E+01  -0.16541633E+02  -0.85976896E+01  -0.16541633E+02  -0.85623084E+01   0.50822300E+00
 0.30000000E+01  -0.13429731E+02  -0.68531980E+01  -0.13429731E+02  -0.68249957E+01   0.47998839E+00
 0.31666667E+01  -0.10798418E+02  -0.53845679E+01  -0.10798418E+02  -0.53624094E+01   0.45472584E+00
 0.33333333E+01  -0.86126402E+01  -0.41812713E+01  -0.86126402E+01  -0.41640645E+01   0.43198955E+00
 0.35000000E+01  -0.68235867E+01  -0.32165921E+01  -0.68235867E+01  -0.32033552E+01   0.41141862E+00
 0.36666667E+01  -0.53768758E+01  -0.24564145E+01  -0.53768758E+01  -0.24463058E+01   0.39271777E+00
 0.38333333E+01  -0.42184115E+01  -0.18653893E+01  -0.42184115E+01  -0.18577128E+01   0.37564309E+00
 0.40000000E+01  -0.32980233E+01  -0.14106182E+01  -0.32980233E+01  -0.14048132E+01   0.35999129E+00
 0.41666667E+01  -0.25713385E+01  -0.10634392E+01  -0.25713385E+01  -0.10590630E+01   0.34559164E+00
 0.43333333E+01  -0.20004158E+01  -0.79996043E+00  -0.20004158E+01  -0.79666844E+00   0.33229966E+00
 0.45000000E+01  -0.15536052E+01  -0.60087175E+00  -0.15536052E+01  -0.59839904E+00   0.31999226E+00
 0.46666667E+01  -0.12049869E+01  -0.45090843E+00  -0.12049869E+01  -0.44905285E+00   0.30856397E+00
 0.48333333E+01  -0.93362609E+00  -0.33819617E+00  -0.93362609E+00  -0.33680443E+00   0.29792383E+00
 0.50000000E+01  -0.72279123E+00  -0.25360588E+00  -0.72279123E+00  -0.25256225E+00   0.28799303E+00
 0.51666667E+01  -0.55921711E+00  -0.19017890E+00  -0.55921711E+00  -0.18939628E+00   0.27870294E+00
 0.53333333E+01  -0.43245097E+00  -0.14264382E+00  -0.43245097E+00  -0.14205681E+00   0.26999347E+00
 0.55000000E+01  -0.33429488E+00  -0.10702509E+00  -0.33429488E+00  -0.10658466E+00   0.26181185E+00
 0.56666667E+01  -0.25834257E+00  -0.80333893E-01  -0.25834257E+00  -0.80003303E-01   0.25411150E+00
 0.58333333E+01  -0.19960171E+00  -0.60328004E-01  -0.19960171E+00  -0.60079743E-01   0.24685117E+00
 0.60000000E+01  -0.15419022E+00  -0.45327649E-01  -0.15419022E+00  -0.45141116E-01   0.23999420E+00
 0.61666667E+01  -0.11909426E+00  -0.34075460E-01  -0.11909426E+00  -0.33935233E-01   0.23350787E+00
 0.63333333E+01  -0.91977080E-01  -0.25630652E-01  -0.91977080E-01  -0.25525176E-01   0.22736292E+00
 0.65000000E+01  -0.71028632E-01  -0.19289376E-01  -0.71028632E-01  -0.19209997E-01   0.22153310E+00
 0.66666667E+01  -0.54847935E-01  -0.14524989E-01  -0.54847935E-01  -0.14465216E-01   0.21599478E+00
 0.68333333E+01  -0.42351253E-01  -0.10943319E-01  -0.42351253E-01  -0.10898285E-01   0.21072661E+00
 0.70000000E+01  -0.32700631E-01  -0.82492213E-02  -0.32700631E-01  -0.82152741E-02   0.20570931E+00
 0.71666667E+01  -0.25248384E-01  -0.62215944E-02  -0.25248384E-01  -0.61959913E-02   0.20092537E+00
 0.73333333E+01  -0.19494021E-01  -0.46947107E-02  -0.19494021E-01  -0.46753911E-02   0.19635889E+00
 0.75000000E+01  -0.15050878E-01  -0.35442764E-02  -0.15050878E-01  -0.35296910E-02   0.19199536E+00
 0.76666667E+01  -0.11620279E-01  -0.26770161E-02  -0.11620279E-01  -0.26659997E-02   0.18782154E+00
 0.78333333E+01  -0.89715364E-02  -0.20228891E-02  -0.89715364E-02  -0.20145645E-02   0.18382534E+00
 0.80000000E+01  -0.69264976E-02  -0.15292691E-02  -0.69264976E-02  -0.15229758E-02   0.17999565E+00
 0.81666667E+01  -0.53475878E-02  -0.11565909E-02  -0.53475878E-02  -0.11518313E-02   0.17632227E+00
 0.83333333E+01  -0.41285744E-02  -0.87509058E-03  -0.41285744E-02  -0.87148941E-03   0.17279582E+00
 0.85000000E+01  -0.31874307E-02  -0.66236490E-03  -0.31874307E-02  -0.65963913E-03   0.16940767E+00
 0.86666667E+01  -0.24608218E-02  -0.50154109E-03  -0.24608218E-02  -0.49947715E-03   0.16614983E+00
 0.88333333E+01  -0.18998470E-02  -0.37990479E-03  -0.18998470E-02  -0.37834140E-03   0.16301493E+00
 0.90000000E+01  -0.14667510E-02  -0.28787000E-03  -0.14667510E-02  -0.28668535E-03   0.15999613E+00
 0.91666667E+01  -0.11323837E-02  -0.21820567E-03  -0.11323837E-02  -0.21730771E-03   0.15708711E+00
 0.93333333E+01  -0.87423936E-03  -0.16545448E-03  -0.87423936E-03  -0.16477360E-03   0.15428198E+00
 0.95000000E+01  -0.67494252E-03  -0.12549573E-03  -0.67494252E-03  -0.12497929E-03   0.15157528E+00
 0.96666667E+01  -0.52107828E-03  -0.95216586E-04  -0.52107828E-03  -0.94824751E-04   0.14896191E+00
 0.98333333E+01  -0.40228973E-03  -0.72264508E-04  -0.40228973E-03  -0.71967126E-04   0.14643714E+00
 0.10000000E+02  -0.31058092E-03  -0.54860785E-04  -0.31058092E-03  -0.54635021E-04   0.14399652E+00
 0.10166667E+02  -0.23977863E-03  -0.41660015E-04  -0.23977863E-03  -0.41488576E-04   0.14163592E+00
 0.10333333E+02  -0.18511691E-03  -0.31644148E-04  -0.18511691E-03  -0.31513926E-04   0.13935147E+00
 0.10500000E+02  -0.14291626E-03  -0.24042536E-04  -0.14291626E-03  -0.23943596E-04   0.13713954E+00
 0.10666667E+02  -0.11033597E-03  -0.18271595E-04  -0.11033597E-03  -0.18196404E-04   0.13499673E+00
 0.10833333E+02  -0.85182931E-04  -0.13889245E-04  -0.85182931E-04  -0.13832088E-04   0.13291986E+00
 0.11000000E+02  -0.65763966E-04  -0.10560477E-04  -0.65763966E-04  -0.10517019E-04   0.13090592E+00
 0.11166667E+02  -0.50771897E-04  -0.80313424E-05  -0.50771897E-04  -0.79982918E-05   0.12895211E+00
 0.11333333E+02  -0.39197535E-04  -0.61092719E-05  -0.39197535E-04  -0.60841310E-05   0.12705575E+00
 0.11500000E+02  -0.30261756E-04  -0.46481985E-05  -0.30261756E-04  -0.46290703E-05   0.12521436E+00
 0.11666667E+02  -0.23363046E-04  -0.35372935E-05  -0.23363046E-04  -0.35227368E-05   0.12342559E+00
 0.11833333E+02  -0.18037021E-04  -0.26924407E-05  -0.18037021E-04  -0.26813607E-05   0.12168720E+00
 0.12000000E+02  -0.13925158E-04  -0.20497804E-05  -0.13925158E-04  -0.20413452E-05   0.11999710E+00
 0.12166667E+02  -0.10750668E-04  -0.15608182E-05  -0.10750668E-04  -0.15543951E-05   0.11835330E+00
 0.12333333E+02  -0.82998602E-05  -0.11887179E-05  -0.82998602E-05  -0.11838261E-05   0.11675393E+00
 0.12500000E+02  -0.64077579E-05  -0.90549190E-06  -0.64077579E-05  -0.90176562E-06   0.11519721E+00
 0.12666667E+02  -0.49469943E-05  -0.68987048E-06  -0.49469943E-05  -0.68703153E-06   0.11368146E+00
 0.12833333E+02  -0.38192380E-05  -0.52568520E-06  -0.38192380E-05  -0.52352190E-06   0.11220508E+00
 0.13000000E+02  -0.29485740E-05  -0.40064266E-06  -0.29485740E-05  -0.39899393E-06   0.11076655E+00
 0.13166667E+02  -0.22763936E-05  -0.30539366E-06  -0.22763936E-05  -0.30413690E-06   0.10936444E+00
 0.13333333E+02  -0.17574487E-05  -0.23282651E-06  -0.17574487E-05  -0.23186838E-06   0.10799739E+00
 0.13500000E+02  -0.13568067E-05  -0.17753039E-06  -0.13568067E-05  -0.17679982E-06   0.10666409E+00
 0.13666667E+02  -0.10474982E-05  -0.13538769E-06  -0.10474982E-05  -0.13483054E-06   0.10536331E+00
 0.13833333E+02  -0.80870213E-06  -0.10326431E-06  -0.80870213E-06  -0.10283936E-06   0.10409387E+00
 0.14000000E+02  -0.62434393E-06  -0.78774267E-07  -0.62434393E-06  -0.78450095E-07   0.10285466E+00
 0.14166667E+02  -0.48201350E-06  -0.60100770E-07  -0.48201350E-06  -0.59853443E-07   0.10164460E+00
 0.14333333E+02  -0.37212985E-06  -0.45860187E-07  -0.37212985E-06  -0.45671463E-07   0.10046269E+00
 0.14500000E+02  -0.28729616E-06  -0.34998572E-07  -0.28729616E-06  -0.34854546E-07   0.99307943E-01
 0.14666667E+02  -0.22180183E-06  -0.26712972E-07  -0.22180183E-06  -0.26603043E-07   0.98179444E-01
 0.14833333E+02  -0.17123811E-06  -0.20391548E-07  -0.17123811E-06  -0.20307632E-07   0.97076304E-01
 0.15000000E+02  -0.13220130E-06  -0.15568006E-07  -0.13220130E-06  -0.15503941E-07   0.95997678E-01
 0.15166667E+02  -0.10206364E-06  -0.11886922E-07  -0.10206364E-06  -0.11838005E-07   0.94942759E-01
 0.15333333E+02  -0.78796396E-07  -0.90773335E-08  -0.78796396E-07  -0.90399784E-08   0.93910772E-01
 0.15500000E+02  -0.60833340E-07  -0.69326372E-08  -0.60833340E-07  -0.69041081E-08   0.92900979E-01
 0.15666667E+02  -0.46965286E-07  -0.52952794E-08  -0.46965286E-07  -0.52734882E-08   0.91912671E-01
 0.15833333E+02  -0.36258704E-07  -0.40450923E-08  -0.36258704E-07  -0.40284459E-08   0.90945169E-01
 0.16000000E+02  -0.27992880E-07  -0.30904101E-08  -0.27992880E-07  -0.30776924E-08   0.89997823E-01
 0.16166667E+02  -0.21611399E-07  -0.23612986E-08  -0.21611399E-07  -0.23515814E-08   0.89070011E-01
 0.16333333E+02  -0.16684692E-07  -0.18043961E-08  -0.16684692E-07  -0.17969707E-08   0.88161133E-01
 0.16500000E+02  -0.12881116E-07  -0.13789803E-08  -0.12881116E-07  -0.13733056E-08   0.87270617E-01
 0.16666667E+02  -0.99446342E-08  -0.10539708E-08  -0.99446342E-08  -0.10496335E-08   0.86397910E-01
 0.16833333E+02  -0.76775759E-08  -0.80564276E-09  -0.76775759E-08  -0.80232738E-09   0.85542486E-01
 0.17000000E+02  -0.59273344E-08  -0.61588414E-09  -0.59273344E-08  -0.61334965E-09   0.84703834E-01
 0.17166667E+02  -0.45760919E-08  -0.47086593E-09  -0.45760919E-08  -0.46892823E-09   0.83881466E-01
 0.17333333E+02  -0.35328894E-08  -0.36002815E-09  -0.35328894E-08  -0.35854657E-09   0.83074914E-01
 0.17500000E+02  -0.27275037E-08  -0.27530609E-09  -0.27275037E-08  -0.27417315E-09   0.82283724E-01
 0.17666667E+02  -0.21057202E-08  -0.21053997E-09  -0.21057202E-08  -0.20967355E-09   0.81507463E-01
 0.17833333E+02  -0.16256834E-08  -0.16102450E-09  -0.16256834E-08  -0.16036185E-09   0.80745711E-01
 0.18000000E+02  -0.12550796E-08  -0.12316499E-09  -0.12550796E-08  -0.12265814E-09   0.79998065E-01
 0.18166667E+02  -0.96896162E-09  -0.94214954E-10  -0.96896162E-09  -0.93827241E-10   0.79264138E-01
 0.18333333E+02  -0.74806939E-09  -0.72075715E-10  -0.74806939E-09  -0.71779109E-10   0.78543555E-01
 0.18500000E+02  -0.57753351E-09  -0.55143455E-10  -0.57753351E-09  -0.54916529E-10   0.77835955E-01
 0.18666667E+02  -0.44587436E-09  -0.42192401E-10  -0.44587436E-09  -0.42018771E-10   0.77140991E-01
 0.18833333E+02  -0.34422928E-09  -0.32285620E-10  -0.34422928E-09  -0.32152758E-10   0.76458328E-01
 0.19000000E+02  -0.26575602E-09  -0.24706887E-10  -0.26575602E-09  -0.24605213E-10   0.75787641E-01
 0.19166667E+02  -0.20517215E-09  -0.18908642E-10  -0.20517215E-09  -0.18830829E-10   0.75128618E-01
 0.19333333E+02  -0.15839947E-09  -0.14472231E-10  -0.15839947E-09  -0.14412675E-10   0.74480957E-01
 0.19500000E+02  -0.12228946E-09  -0.11077530E-10  -0.12228946E-09  -0.11031944E-10   0.73844368E-01
 0.19666667E+02  -0.94411379E-10  -0.84797314E-11  -0.94411379E-10  -0.84448356E-11   0.73218568E-01
 0.19833333E+02  -0.72888607E-10  -0.64916104E-11  -0.72888607E-10  -0.64648962E-11   0.72603286E-01
 0.20000000E+02  -0.56272337E-10  -0.49699666E-11  -0.56272337E-10  -0.49495142E-11   0.71998259E-01
 0.20166667E+02  -0.43444046E-10  -0.38052628E-11  -0.43444046E-10  -0.37896034E-11   0.71403232E-01
 0.20333333E+02  -0.33540194E-10  -0.29137045E-11  -0.33540194E-10  -0.29017140E-11   0.70817959E-01
 0.20500000E+02  -0.25894103E-10  -0.22311847E-11  -0.25894103E-10  -0.22220030E-11   0.70242204E-01
 0.20666667E+02  -0.19991077E-10  -0.17086545E-11  -0.19991077E-10  -0.17016231E-11   0.69675734E-01
 0.20833333E+02  -0.15433751E-10  -0.13085829E-11  -0.15433751E-10  -0.13031978E-11   0.69118328E-01
 0.21000000E+02  -0.11915350E-10  -0.10022499E-11  -0.11915350E-10  -0.99812543E-12   0.68569770E-01
 0.21166667E+02  -0.91990315E-11  -0.76767632E-12  -0.91990315E-11  -0.76451718E-12   0.68029851E-01
 0.21333333E+02  -0.71019468E-11  -0.58804046E-12  -0.71019468E-11  -0.58562055E-12   0.67498367E-01
 0.21500000E+02  -0.54829302E-11  -0.45046678E-12  -0.54829302E-11  -0.44861302E-12   0.66975124E-01
 0.21666667E+02  -0.42329976E-11  -0.34509958E-12  -0.42329976E-11  -0.34367943E-12   0.66459931E-01
 0.21833333E+02  -0.32680097E-11  -0.26439413E-12  -0.32680097E-11  -0.26330609E-12   0.65952603E-01
 0.22000000E+02  -0.25230081E-11  -0.20257436E-12  -0.25230081E-11  -0.20174072E-12   0.65452962E-01
 0.22166667E+02  -0.19478430E-11  -0.15521800E-12  -0.19478430E-11  -0.15457924E-12   0.64960835E-01
 0.22333333E+02  -0.15037971E-11  -0.11893898E-12  -0.15037971E-11  -0.11844953E-12   0.64476053E-01
 0.22500000E+02  -0.11609795E-11  -0.91144519E-13  -0.11609795E-11  -0.90769441E-13   0.63998452E-01
 0.22666667E+02  -0.89631336E-12  -0.69849085E-13  -0.89631336E-12  -0.69561643E-13   0.63527875E-01
 0.22833333E+02  -0.69198260E-12  -0.53532111E-13  -0.69198260E-12  -0.53311816E-13   0.63064168E-01
 0.23000000E+02  -0.53423272E-12  -0.41029022E-13  -0.53423272E-12  -0.40860179E-13   0.62607181E-01
 0.23166667E+02  -0.41244476E-12  -0.31447835E-13  -0.41244476E-12  -0.31318421E-13   0.62156770E-01
 0.23333333E+02  -0.31842056E-12  -0.24105316E-13  -0.31842056E-12  -0.24006118E-13   0.61712793E-01
 0.23500000E+02  -0.24583086E-12  -0.18478089E-13  -0.24583086E-12  -0.18402048E-13   0.61275114E-01
 0.23666667E+02  -0.18978930E-12  -0.14165214E-13  -0.18978930E-12  -0.14106921E-13   0.60843599E-01
 0.23833333E+02  -0.14652341E-12  -0.10859523E-13  -0.14652341E-12  -0.10814834E-13   0.60418119E-01
 0.24000000E+02  -0.11312076E-12  -0.83256778E-14  -0.11312076E-12  -0.82914159E-14   0.59998549E-01
 0.24166667E+02  -0.87332850E-13  -0.63833608E-14  -0.87332850E-13  -0.63570920E-14   0.59584766E-01
 0.24333333E+02  -0.67423756E-13  -0.48944044E-14  -0.67423756E-13  -0.48742629E-14   0.59176651E-01
 0.24500000E+02  -0.52053298E-13  -0.37529318E-14  -0.52053298E-13  -0.37374878E-14   0.58774089E-01
 0.24666667E+02  -0.40186812E-13  -0.28778066E-14  -0.40186812E-13  -0.28659638E-14   0.58376966E-01
 0.24833333E+02  -0.31025505E-13  -0.22068477E-14  -0.31025505E-13  -0.21977661E-14   0.57985175E-01
 0.25000000E+02  -0.23952683E-13  -0.16923987E-14  -0.23952683E-13  -0.16854341E-14   0.57598607E-01
 0.25166667E+02  -0.18492238E-13  -0.12979331E-14  -0.18492238E-13  -0.12925918E-14   0.57217159E-01
 0.25333333E+02  -0.14276600E-13  -0.99545346E-15  -0.14276600E-13  -0.99135697E-15   0.56840730E-01
 0.25500000E+02  -0.11021992E-13  -0.76349891E-15  -0.11021992E-13  -0.76035696E-15   0.56469222E-01
 0.25666667E+02  -0.85093306E-14  -0.58561803E-15  -0.85093306E-14  -0.58320810E-15   0.56102539E-01
 0.25833333E+02  -0.65694756E-14  -0.44919899E-15  -0.65694756E-14  -0.44735045E-15   0.55740587E-01
 0.26000000E+02  -0.50718455E-14  -0.34457295E-15  -0.50718455E-14  -0.34315496E-15   0.55383276E-01
 0.26166667E+02  -0.39156270E-14  -0.26432694E-15  -0.39156270E-14  -0.26323918E-15   0.55030516E-01
 0.26333333E+02  -0.30229894E-14  -0.20277728E-15  -0.30229894E-14  -0.20194282E-15   0.54682222E-01
 0.26500000E+02  -0.23338446E-14  -0.15556596E-15  -0.23338446E-14  -0.15492577E-15   0.54338308E-01
 0.26666667E+02  -0.18018027E-14  -0.11935126E-15  -0.18018027E-14  -0.11886011E-15   0.53998694E-01
 0.26833333E+02  -0.13910494E-14  -0.91570679E-16  -0.13910494E-14  -0.91193848E-16   0.53663298E-01
 0.27000000E+02  -0.10739347E-14  -0.70259103E-16  -0.10739347E-14  -0.69969973E-16   0.53332043E-01
 0.27166667E+02  -0.82911193E-15  -0.53909502E-16  -0.82911193E-15  -0.53687654E-16   0.53004853E-01
 0.27333333E+02  -0.64010095E-15  -0.41366082E-16  -0.64010095E-15  -0.41195852E-16   0.52681653E-01
 0.27500000E+02  -0.49417842E-15  -0.31742388E-16  -0.49417842E-15  -0.31611762E-16   0.52362370E-01
 0.27666667E+02  -0.38152156E-15  -0.24358512E-16  -0.38152156E-15  -0.24258272E-16   0.52046934E-01
 0.27833333E+02  -0.29454686E-15  -0.18692943E-16  -0.29454686E-15  -0.18616018E-16   0.51735276E-01
 0.28000000E+02  -0.22739960E-15  -0.14345648E-16  -0.22739960E-15  -0.14286613E-16   0.51427328E-01
 0.28166667E+02  -0.17555977E-15  -0.11009765E-16  -0.17555977E-15  -0.10964458E-16   0.51123024E-01
 0.28333333E+02  -0.13553776E-15  -0.84498919E-17  -0.13553776E-15  -0.84151189E-17   0.50822300E-01
 0.28500000E+02  -0.10463949E-15  -0.64854374E-17  -0.10463949E-15  -0.64587485E-17   0.50525094E-01
 0.28666667E+02  -0.80785037E-16  -0.49778550E-17  -0.80785037E-16  -0.49573701E-17   0.50231343E-01
 0.28833333E+02  -0.62368634E-16  -0.38208492E-17  -0.62368634E-16  -0.38051256E-17   0.49940989E-01
 0.29000000E+02  -0.48150582E-16  -0.29328649E-17  -0.48150582E-16  -0.29207956E-17   0.49653971E-01
 0.29166667E+02  -0.37173791E-16  -0.22513269E-17  -0.37173791E-16  -0.22420623E-17   0.49370234E-01
 0.29333333E+02  -0.28699356E-16  -0.17282209E-17  -0.28699356E-16  -0.17211089E-17   0.49089722E-01
 0.29500000E+02  -0.22156822E-16  -0.13267038E-17  -0.22156822E-16  -0.13212441E-17   0.48812379E-01
 0.29666667E+02  -0.17105776E-16  -0.10185035E-17  -0.17105776E-16  -0.10143122E-17   0.48538152E-01
 0.29833333E+02  -0.13206206E-16  -0.78192448E-18  -0.13206206E-16  -0.77870670E-18   0.48266989E-01
 0.30000000E+02  -0.10195614E-16  -0.60031700E-18  -0.10195614E-16  -0.59784658E-18   0.47998839E-01
 0.30166667E+02  -0.78713404E-17  -0.46090337E-18  -0.78713404E-17  -0.45900666E-18   0.47733652E-01
 0.30333333E+02  -0.60769267E-17  -0.35387703E-18  -0.60769267E-17  -0.35242076E-18   0.47471379E-01
 0.30500000E+02  -0.46915819E-17  -0.27171147E-18  -0.46915819E-17  -0.27059333E-18   0.47211973E-01
 0.30666667E+02  -0.36220514E-17  -0.20862990E-18  -0.36220514E-17  -0.20777135E-18   0.46955386E-01
 0.30833333E+02  -0.27963396E-17  -0.16019832E-18  -0.27963396E-17  -0.15953907E-18   0.46701573E-01
 0.31000000E+02  -0.21588637E-17  -0.12301329E-18  -0.21588637E-17  -0.12250707E-18   0.46450489E-01
 0.31166667E+02  -0.16667119E-17  -0.94462338E-19  -0.16667119E-17  -0.94073607E-19   0.46202091E-01
 0.31333333E+02  -0.12867549E-17  -0.72540034E-19  -0.12867549E-17  -0.72241517E-19   0.45956335E-01
 0.31500000E+02  -0.99341600E-18  -0.55706915E-19  -0.99341600E-18  -0.55477670E-19   0.45713180E-01
 0.31666667E+02  -0.76694895E-18  -0.42781166E-19  -0.76694895E-18  -0.42605113E-19   0.45472584E-01
 0.31833333E+02  -0.59210914E-18  -0.32855506E-19  -0.59210914E-18  -0.32720299E-19   0.45234508E-01
 0.32000000E+02  -0.45712721E-18  -0.25233390E-19  -0.45712721E-18  -0.25129550E-19   0.44998912E-01
 0.32166667E+02  -0.35291684E-18  -0.19380047E-19  -0.35291684E-18  -0.19300294E-19   0.44765757E-01
 0.32333333E+02  -0.27246309E-18  -0.14884893E-19  -0.27246309E-18  -0.14823639E-19   0.44535005E-01
 0.32500000E+02  -0.21035023E-18  -0.11432683E-19  -0.21035023E-18  -0.11385635E-19   0.44306621E-01
 0.32666667E+02  -0.16239711E-18  -0.87813642E-20  -0.16239711E-18  -0.87452271E-20   0.44080567E-01
 0.32833333E+02  -0.12537577E-18  -0.67450806E-20  -0.12537577E-18  -0.67173232E-20   0.43856807E-01
 0.33000000E+02  -0.96794106E-19  -0.51811180E-20  -0.96794106E-19  -0.51597967E-20   0.43635308E-01
 0.33166667E+02  -0.74728148E-19  -0.39798885E-20  -0.74728148E-19  -0.39635105E-20   0.43416035E-01
 0.33333333E+02  -0.57692522E-19  -0.30572383E-20  -0.57692522E-19  -0.30446572E-20   0.43198955E-01
 0.33500000E+02  -0.44540474E-19  -0.23485431E-20  -0.44540474E-19  -0.23388784E-20   0.42984035E-01
 0.33666667E+02  -0.34386672E-19  -0.18041745E-20  -0.34386672E-19  -0.17967499E-20   0.42771243E-01
 0.33833333E+02  -0.26547611E-19  -0.13860190E-20  -0.26547611E-19  -0.13803152E-20   0.42560547E-01
 0.34000000E+02  -0.20495606E-19  -0.10648057E-20  -0.20495606E-19  -0.10604238E-20   0.42351917E-01
 0.34166667E+02  -0.15823264E-19  -0.81805399E-21  -0.15823264E-19  -0.81468753E-21   0.42145322E-01
 0.34333333E+02  -0.12216066E-19  -0.62849802E-21  -0.12216066E-19  -0.62591162E-21   0.41940733E-01
 0.34500000E+02  -0.94311940E-20  -0.48287653E-21  -0.94311940E-20  -0.48088939E-21   0.41738121E-01
 0.34666667E+02  -0.72811836E-20  -0.37100385E-21  -0.72811836E-20  -0.36947709E-21   0.41537457E-01
 0.34833333E+02  -0.56213068E-20  -0.28505638E-21  -0.56213068E-20  -0.28388332E-21   0.41338713E-01
 0.35000000E+02  -0.43398288E-20  -0.21902469E-21  -0.43398288E-20  -0.21812336E-21   0.41141862E-01
 0.35166667E+02  -0.33504868E-20  -0.16829267E-21  -0.33504868E-20  -0.16760012E-21   0.40946877E-01
 0.35333333E+02  -0.25866830E-20  -0.12931447E-21  -0.25866830E-20  -0.12878231E-21   0.40753731E-01
 0.35500000E+02  -0.19970021E-20  -0.99366199E-22  -0.19970021E-20  -0.98957288E-22   0.40562399E-01
 0.35666667E+02  -0.15417495E-20  -0.76355411E-22  -0.15417495E-20  -0.76041193E-22   0.40372855E-01
 0.35833333E+02  -0.11902800E-20  -0.58674640E-22  -0.11902800E-20  -0.58433183E-22   0.40185075E-01
 0.36000000E+02  -0.91893426E-21  -0.45088984E-22  -0.91893426E-21  -0.44903434E-22   0.39999033E-01
 0.36166667E+02  -0.70944666E-21  -0.34649724E-22  -0.70944666E-21  -0.34507133E-22   0.39814705E-01
 0.36333333E+02  -0.54771553E-21  -0.26627986E-22  -0.54771553E-21  -0.26518407E-22   0.39632069E-01
 0.36500000E+02  -0.42285392E-21  -0.20463787E-22  -0.42285392E-21  -0.20379575E-22   0.39451101E-01
 0.36666667E+02  -0.32645676E-21  -0.15726886E-22  -0.32645676E-21  -0.15662167E-22   0.39271777E-01
 0.36833333E+02  -0.25203507E-21  -0.12086720E-22  -0.25203507E-21  -0.12036981E-22   0.39094077E-01
 0.37000000E+02  -0.19457914E-21  -0.92893018E-23  -0.19457914E-21  -0.92510745E-23   0.38917978E-01
 0.37166667E+02  -0.15022133E-21  -0.71394785E-23  -0.15022133E-21  -0.71100981E-23   0.38743458E-01
 0.37333333E+02  -0.11597567E-21  -0.54872992E-23  -0.11597567E-21  -0.54647179E-23   0.38570496E-01
 0.37500000E+02  -0.89536931E-22  -0.42175423E-23  -0.89536931E-22  -0.42001863E-23   0.38399071E-01
 0.37666667E+02  -0.69125377E-22  -0.32416703E-23  -0.69125377E-22  -0.32283301E-23   0.38229164E-01
 0.37833333E+02  -0.53367004E-22  -0.24916482E-23  -0.53367004E-22  -0.24813946E-23   0.38060753E-01
 0.38000000E+02  -0.41201035E-22  -0.19151952E-23  -0.41201035E-22  -0.19073138E-23   0.37893820E-01
 0.38166667E+02  -0.31808518E-22  -0.14721353E-23  -0.31808518E-22  -0.14660771E-23   0.37728345E-01
 0.38333333E+02  -0.24557194E-22  -0.11315941E-23  -0.24557194E-22  -0.11269373E-23   0.37564309E-01
 0.38500000E+02  -0.18958940E-22  -0.86984492E-24  -0.18958940E-22  -0.86626534E-24   0.37401693E-01
 0.38666667E+02  -0.14636908E-22  -0.66865352E-24  -0.14636908E-22  -0.66590188E-24   0.37240479E-01
 0.38833333E+02  -0.11300162E-22  -0.51400637E-24  -0.11300162E-22  -0.51189114E-24   0.37080648E-01
 0.39000000E+02  -0.87240867E-23  -0.39513352E-24  -0.87240867E-23  -0.39350747E-24   0.36922184E-01
 0.39166667E+02  -0.67352742E-23  -0.30375762E-24  -0.67352742E-23  -0.30250759E-24   0.36765068E-01
 0.39333333E+02  -0.51998472E-23  -0.23351691E-24  -0.51998472E-23  -0.23255595E-24   0.36609284E-01
 0.39500000E+02  -0.40144485E-23  -0.17952185E-24  -0.40144485E-23  -0.17878308E-24   0.36454814E-01
 0.39666667E+02  -0.30992828E-23  -0.13801427E-24  -0.30992828E-23  -0.13744632E-24   0.36301643E-01
 0.39833333E+02  -0.23927455E-23  -0.10610562E-24  -0.23927455E-23  -0.10566897E-24   0.36149753E-01
 0.40000000E+02  -0.18472761E-23  -0.81575611E-25  -0.18472761E-23  -0.81239911E-25   0.35999129E-01

