#        q                pp                pn                nn        

     0.001185        6.226274e+08      1.070781e+09      1.841975e+09   
     0.006239        2.269771e+08      3.971880e+08      6.953272e+08   
     0.015318        1.306764e+08      2.128530e+08      3.469088e+08   
     0.028399        8.330442e+07      1.315017e+08      2.077397e+08   
     0.045447        6.048627e+07      9.102308e+07      1.371022e+08   
     0.066417        4.569471e+07      6.659514e+07      9.716030e+07   
     0.091251        3.615439e+07      5.068197e+07      7.113617e+07   
     0.119882        3.014322e+07      4.037356e+07      5.415305e+07   
     0.152235        2.498905e+07      3.280491e+07      4.313318e+07   
     0.188220        2.059124e+07      2.645549e+07      3.404905e+07   
     0.227742        1.803400e+07      2.258416e+07      2.833532e+07   
     0.270694        1.574709e+07      1.919465e+07      2.344400e+07   
     0.316959        1.370714e+07      1.678288e+07      2.059146e+07   
     0.366414        1.189233e+07      1.462915e+07      1.803423e+07   
     0.418925        1.028235e+07      1.227953e+07      1.469785e+07   
     0.474351        9.548206e+06      1.103080e+07      1.277310e+07   
     0.532541        8.210375e+06      9.870299e+06      1.189255e+07   
     0.593339        7.032541e+06      8.494087e+06      1.028255e+07   
     0.656582        6.498692e+06      7.578838e+06      8.858441e+06   
     0.722098        5.531811e+06      6.477895e+06      7.602632e+06   
     0.789711        4.687905e+06      5.735881e+06      7.032715e+06   
     0.859239        4.308030e+06      5.078681e+06      5.999176e+06   
     0.930495        3.318677e+06      4.108330e+06      5.095441e+06   
     1.003286        2.770709e+06      3.451955e+06      4.308128e+06   
     1.077416        2.091334e+06      2.751271e+06      3.624915e+06   
     1.152685        1.406305e+06      2.064548e+06      3.034486e+06   
     1.228890        5.616303e+04      3.428546e+05      2.091393e+06   
     1.305826        1.055972e+02      2.001133e+03      1.406349e+06   
     1.383286        9.850399e+01      9.640763e+02      3.504485e+05   
     1.461060        8.603209e+01      1.042114e+03      1.069554e+02   
     1.538940        6.955939e+01      1.068412e+03      8.864029e+01   
     1.616714        5.191168e+01      1.043888e+03      6.822003e+01   
     1.694174        3.561827e+01      9.775987e+02      4.853357e+01   
     1.771110        2.232266e+01      8.833079e+02      3.171024e+01   
     1.847315        1.262405e+01      7.755614e+02      1.882591e+01   
     1.922584        6.286539e+00      6.666013e+02      9.962557e+00   
     1.996714        2.615497e+00      5.648218e+02      4.529304e+00   
     2.069505        8.044433e-01      4.747021e+02      1.647080e+00   
     2.140761        1.508158e-01      3.976625e+02      4.479928e-01   
     2.210289        1.371783e-01      3.332038e+02      2.346806e-01   
     2.277902        4.255195e-01      2.798906e+02      5.205728e-01   
     2.343418        8.156609e-01      2.360099e+02      1.002308e+00   
     2.406661        1.200069e+00      1.999229e+02      1.509572e+00   
     2.467459        1.528222e+00      1.702081e+02      1.958059e+00   
     2.525649        1.782391e+00      1.456895e+02      2.314486e+00   
     2.581075        1.962474e+00      1.254143e+02      2.573610e+00   
     2.633586        2.076926e+00      1.086163e+02      2.744195e+00   
     2.683041        2.137554e+00      9.468003e+01      2.840893e+00   
     2.729306        2.156647e+00      8.310944e+01      2.879752e+00   
     2.772258        2.145521e+00      7.350369e+01      2.875910e+00   
     2.811780        2.113891e+00      6.553785e+01      2.842551e+00   
     2.847765        2.069711e+00      5.894806e+01      2.790582e+00   
     2.880118        2.019267e+00      5.352000e+01      2.728695e+00   
     2.908749        1.967384e+00      4.907996e+01      2.663613e+00   
     2.933583        1.917669e+00      4.548784e+01      2.600398e+00   
     2.954553        1.872755e+00      4.263169e+01      2.542775e+00   
     2.971601        1.834518e+00      4.042342e+01      2.493417e+00   
     2.984682        1.804254e+00      3.879557e+01      2.454186e+00   
     2.993761        1.782824e+00      3.769872e+01      2.426328e+00   
     2.998815        1.770753e+00      3.709954e+01      2.410611e+00   
     3.004739        1.756485e+00      3.640758e+01      2.392009e+00   
     3.024957        1.706906e+00      3.412759e+01      2.327190e+00   
     3.061273        1.615070e+00      3.033425e+01      2.206492e+00   
     3.113597        1.478889e+00      2.549685e+01      2.026290e+00   
     3.181789        1.299888e+00      2.017886e+01      1.787691e+00   
     3.265666        1.085957e+00      1.494301e+01      1.500457e+00   
     3.365002        8.522546e-01      1.026531e+01      1.184442e+00   
     3.479529        6.193884e-01      6.472403e+00      8.672951e-01   
     3.608938        4.091168e-01      3.710916e+00      5.787074e-01   
     3.752880        2.389988e-01      1.951821e+00      3.431036e-01   
     3.910968        1.180494e-01      1.026541e+00      1.735829e-01   
     4.082775        4.513759e-02      6.854666e-01      6.951184e-02   
     4.267838        1.069643e-02      6.644791e-01      1.861552e-02   
     4.465657        8.820480e-04      7.430341e-01      2.467992e-03   
     4.675701        2.339658e-03      7.799674e-01      2.929751e-03   
     4.897402        5.684007e-03      7.204703e-01      6.961854e-03   
     5.130163        6.637275e-03      5.773952e-01      8.334103e-03   
     5.373356        4.981217e-03      3.982900e-01      6.367109e-03   
     5.626327        2.406179e-03      2.327261e-01      3.114861e-03   
     5.888392        5.455619e-04      1.113439e-01      7.124088e-04   
     6.158845        1.084324e-06      4.059663e-02      1.612698e-06   
     6.436958        4.066553e-04      9.575963e-03      5.452782e-04   
     6.721980        1.033749e-03      1.303882e-03      1.396524e-03   
     7.013143        1.353643e-03      1.653364e-03      1.846571e-03   
     7.309662        1.244434e-03      2.898255e-03      1.718081e-03   
     7.610739        8.750146e-04      2.773768e-03      1.227014e-03   
     7.915560        4.782251e-04      1.742565e-03      6.855433e-04   
     8.223305        1.965239e-04      7.335566e-04      2.919322e-04   
     8.533144        5.400209e-05      1.776297e-04      8.624439e-05   
     8.844241        6.672335e-06      1.685985e-05      1.346652e-05   
     9.155759        1.147190e-06      3.105088e-05      1.949791e-06   
     9.466856        4.398423e-06      6.335993e-05      5.370410e-06   
     9.776695        5.111178e-06      6.439678e-05      6.558867e-06   
    10.084440        3.287621e-06      4.423405e-05      4.425218e-06   
    10.389261        1.291070e-06      2.260614e-05      1.846587e-06   
    10.690338        2.470696e-07      8.793265e-06      4.069303e-07   
    10.986857        1.453743e-08      2.600496e-06      3.569256e-08   
    11.278020        9.363332e-08      6.795955e-07      1.135822e-07   
    11.563042        1.657814e-07      3.531638e-07      2.099207e-07   
    11.841155        1.547627e-07      3.715677e-07      2.040734e-07   
    12.111608        9.907693e-08      3.800572e-07      1.359030e-07   
    12.373673        4.561418e-08      3.487775e-07      6.580276e-08   
    12.626644        1.388478e-08      3.026512e-07      2.193073e-08   
    12.869837        1.910174e-09      2.551755e-07      3.980768e-09   
    13.102598        6.938086e-10      2.102539e-07      1.073853e-09   
    13.324299        2.858700e-09      1.695136e-07      3.478918e-09   
    13.534343        4.736065e-09      1.342734e-07      6.000853e-09   
    13.732162        5.361695e-09      1.052592e-07      7.040929e-09   
    13.917225        4.992014e-09      8.228549e-08      6.753349e-09   
    14.089032        4.144882e-09      6.452172e-08      5.758983e-09   
    14.247120        3.212326e-09      5.097419e-08      4.578002e-09   
    14.391062        2.396498e-09      4.074935e-08      3.501011e-09   
    14.520471        1.761624e-09      3.310687e-08      2.636424e-09   
    14.634998        1.299885e-09      2.744937e-08      1.990788e-09   
    14.734334        9.773726e-10      2.330641e-08      1.529193e-09   
    14.818211        7.577523e-10      2.031549e-08      1.208369e-09   
    14.886403        6.112300e-10      1.820195e-08      9.905563e-10   
    14.938727        5.162280e-10      1.676223e-08      8.472985e-10   
    14.975043        4.583431e-10      1.585160e-08      7.590598e-10   
    14.995261        4.294204e-10      1.538842e-08      7.145565e-10   