 16 16 16  1  1
  0  1  1  0.1991368358898312E+01
  0  2  1 -0.1216840310626476E+00
  0  2  2  0.7435592390273407E-02
  0  3  1 -0.3131000624713670E-01
  0  3  2  0.1913221004905412E-02
  0  3  3  0.4922828500388970E-03
  0  4  1 -0.1181621368831798E-01
  0  4  2  0.7220384451059728E-03
  0  4  3  0.1857846755200102E-03
  0  4  4  0.7011405263325425E-04
  0  5  1  0.2328672101744053E-01
  0  5  2 -0.1422952248373123E-02
  0  5  3 -0.3661338582956886E-03
  0  5  4 -0.1381767820166384E-03
  0  5  5  0.2723109329928836E-03
  0  6  1  0.1993118304740064E-01
  0  6  2 -0.1217909627928894E-02
  0  6  3 -0.3133752040090569E-03
  0  6  4 -0.1182659736942687E-03
  0  6  5  0.2330718458483147E-03
  0  6  6  0.1994869788373875E-03
  0  7  1  0.1561544115744174E-01
  0  7  2 -0.9541930393582782E-03
  0  7  3 -0.2455193977581237E-03
  0  7  4 -0.9265758830062304E-04
  0  7  5  0.1826042982820002E-03
  0  7  6  0.1562916346863469E-03
  0  7  7  0.1224494712150728E-03
  0  8  1  0.7566069937238019E-02
  0  8  2 -0.4623302791525611E-03
  0  8  3 -0.1189602596338594E-03
  0  8  4 -0.4489490794592279E-04
  0  8  5  0.8847632786752664E-04
  0  8  6  0.7572718738584045E-04
  0  8  7  0.5932981679160163E-04
  0  8  8  0.2874677306153791E-04
  0  9  1  0.4606876625123575E-02
  0  9  2 -0.2815065911077614E-03
  0  9  3 -0.7243327698156562E-04
  0  9  4 -0.2733589614143158E-04
  0  9  5  0.5387202736834223E-04
  0  9  6  0.4610924989434265E-04
  0  9  7  0.3612511494307844E-04
  0  9  8  0.1750351740910228E-04
  0  9  9  0.1065765263582445E-04
  1  1  1  0.5975504358508132E+01
  1  2  1 -0.2703471410052105E+00
  1  2  2  0.1555208911324479E-01
  1  3  1  0.5902021935122977E-01
  1  3  2 -0.5467223585602149E-02
  1  3  3  0.2938696030812422E-02
  1  4  1 -0.1603066281715672E+00
  1  4  2  0.6555296672199131E-02
  1  4  3 -0.9959841828661260E-03
  1  4  4  0.4447044410472127E-02
  1  5  1  0.4218613826927170E-01
  1  5  2 -0.3181169374644316E-02
  1  5  3  0.1488478703469893E-02
  1  5  4 -0.8645027147438066E-03
  1  5  5  0.7854707364754799E-03
  1  6  1  0.2634273797681796E-01
  1  6  2 -0.1508129156860284E-02
  1  6  3  0.5266030086469724E-03
  1  6  4 -0.6402781401898520E-03
  1  6  5  0.3071875115788279E-03
  1  6  6  0.1462599882520964E-03
  1  7  1  0.4523351200864556E-01
  1  7  2 -0.2361608789736720E-02
  1  7  3  0.7121875949563045E-03
  1  7  4 -0.1147315899141809E-02
  1  7  5  0.4400984390973383E-03
  1  7  6  0.2294259995352501E-03
  1  7  7  0.3723131421565377E-03
  1  8  1  0.3865636882347310E-01
  1  8  2 -0.1859681078323730E-02
  1  8  3  0.4751034354406379E-03
  1  8  4 -0.1013784660937933E-02
  1  8  5  0.3153540516172616E-03
  1  8  6  0.1809655126845178E-03
  1  8  7  0.3031329508990956E-03
  1  8  8  0.2537680704542766E-03
  2  1  1  0.1898765696698873E-14
  2  2  1  0.3990409022888251E-16
  2  2  2  0.7437213233149456E-17
  2  3  1  0.3146991747950020E-16
  2  3  2  0.1146152749096860E-17
  2  3  3  0.8551539014462699E-18
  2  4  1 -0.7821893955289354E-16
  2  4  2 -0.1464830807006476E-17
  2  4  3 -0.1334041279010086E-17
  2  4  4  0.3269660537499471E-17
  2  5  1 -0.1504943226047711E-16
  2  5  2 -0.6116731443166022E-18
  2  5  3 -0.2871402134988807E-18
  2  5  4  0.6399398564084833E-18
  2  5  5  0.1741654419985568E-18
  2  6  1 -0.1202099948855890E-16
  2  6  2 -0.2839246109063977E-18
  2  6  3 -0.2437153836193250E-18
  2  6  4  0.5329229628363754E-18
  2  6  5  0.1438779269764793E-18
  2  6  6  0.1382940612701220E-18
  2  7  1  0.4549511392794277E-17
  2  7  2  0.8048295721620331E-19
  2  7  3  0.6871584210072027E-19
  2  7  4 -0.1691231137372716E-18
  2  7  5 -0.3275386463534421E-20
  2  7  6  0.1564107318317442E-19
  2  7  7  0.4973771469244938E-19
  2  8  1  0.8449269370870747E-17
  2  8  2  0.2507696410595177E-18
  2  8  3  0.1456288873660973E-18
  2  8  4 -0.3349570837109107E-18
  2  8  5 -0.5091527607634082E-19
  2  8  6 -0.2064769210440529E-19
  2  8  7  0.5351366406627764E-19
  2  8  8  0.7309560568350986E-19
  3  1  1  0.1057779436562638E-15
  3  2  1  0.1723008445392262E-16
  3  2  2  0.4522748519479752E-17
  3  3  1  0.3474706598223529E-17
  3  3  2  0.8362643211016991E-18
  3  3  3  0.2117852541618821E-18
  3  4  1 -0.2537699534704574E-17
  3  4  2 -0.3670294939051461E-18
  3  4  3 -0.7615586463401423E-19
  3  4  4  0.8935486032570139E-19
  3  5  1 -0.1551715789819769E-17
  3  5  2 -0.3154283024514522E-18
  3  5  3 -0.5705982155970202E-19
  3  5  4  0.7275001765840620E-19
  3  5  5  0.8245837857443405E-19
  3  6  1 -0.9253588104412268E-18
  3  6  2 -0.1649626978428680E-18
  3  6  3 -0.3065159021531590E-19
  3  6  4  0.5562634365859340E-19
  3  6  5  0.6897865481456724E-19
  3  6  6  0.6430513449553662E-19
  3  7  1 -0.2747787583427302E-19
  3  7  2  0.9254406839298764E-20
  3  7  3  0.6204197110681571E-20
  3  7  4  0.2491611867603424E-19
  3  7  5  0.4443472193239834E-19
  3  7  6  0.5047855825242512E-19
  3  7  7  0.5271908813767257E-19
  4  1  1  0.1698324867128510E-16
  4  2  1  0.4319562893580746E-17
  4  2  2  0.1490816305367038E-17
  4  3  1  0.1065716202733950E-17
  4  3  2  0.3289645241995009E-18
  4  3  3  0.9497670108765668E-19
  4  4  1 -0.1309583616038410E-18
  4  4  2 -0.3532865301487512E-19
  4  4  3  0.1339300315925442E-19
  4  4  4  0.5560045767230513E-19
  4  5  1 -0.1933932020718011E-18
  4  5  2 -0.6743500892688133E-19
  4  5  3  0.1136337427942063E-19
  4  5  4  0.6561238246256234E-19
  4  5  5  0.8370851146586052E-19
  4  6  1 -0.1201457060999818E-18
  4  6  2 -0.3400996632959092E-19
  4  6  3  0.1314610739838312E-19
  4  6  4  0.5435160442442569E-19
  4  6  5  0.7330428180886149E-19
  4  6  6  0.6886865387805624E-19
  4  7  1 -0.4079185306040211E-20
  4  7  2  0.7585436994461551E-20
  4  7  3  0.1560731767023065E-19
  4  7  4  0.3824557462068810E-19
  4  7  5  0.5755391779596569E-19
  4  7  6  0.5998726770107765E-19
  4  7  7  0.6032888590265916E-19
  5  1  1  0.3210169880441656E-17
  5  2  1  0.9024264346745279E-18
  5  2  2  0.3293760588462042E-18
  5  3  1  0.2045342621884983E-18
  5  3  2  0.6638730630762483E-19
  5  3  3  0.4506347401406889E-19
  5  4  1 -0.2946859166228965E-19
  5  4  2 -0.3454148445847541E-20
  5  4  3  0.4725066080322954E-19
  5  4  4  0.8183220045746755E-19
  5  5  1 -0.4113463432759030E-19
  5  5  2 -0.5760753102095435E-20
  5  5  3  0.4703255677395642E-19
  5  5  4  0.8318015049116090E-19
  5  5  5  0.8706774256804688E-19
  5  6  1 -0.1637947611777630E-19
  5  6  2  0.6592403130215823E-20
  5  6  3  0.4371916125499261E-19
  5  6  4  0.7581461693789593E-19
  5  6  5  0.8293097337621943E-19
  5  6  6  0.8541508469996681E-19
  6  1  1  0.6010858280782839E-18
  6  2  1  0.1421975618825609E-18
  6  2  2  0.5340597087443130E-19
  6  3  1  0.1047309450346702E-19
  6  3  2  0.2152817679531620E-19
  6  3  3  0.5474473634793866E-19
  6  4  1 -0.2234631117729250E-19
  6  4  2  0.2111815467638962E-19
  6  4  3  0.7225949873351821E-19
  6  4  4  0.9955775102335032E-19
  6  5  1 -0.1455536695807455E-19
  6  5  2  0.2228000757140700E-19
  6  5  3  0.6757727404919727E-19
  6  5  4  0.9464367660148935E-19
  6  5  5  0.9273025924709431E-19
  6  6  1 -0.2874493599351651E-20
  6  6  2  0.2334539843836604E-19
  6  6  3  0.5974865118560929E-19
  6  6  4  0.8602383483181426E-19
  6  6  5  0.8784587351793840E-19
  6  6  6  0.8864986457355334E-19
  7  1  1  0.1080566269239815E-18
  7  2  1  0.1681236572186648E-19
  7  2  2  0.2126614653474815E-19
  7  3  1 -0.9757870767345667E-21
  7  3  2  0.3195418921109160E-19
  7  3  3  0.6323934836718778E-19
  7  4  1 -0.1467264099220065E-20
  7  4  2  0.3658425356713788E-19
  7  4  3  0.7133823753227346E-19
  7  4  4  0.8130418525377093E-19
  7  5  1  0.3120923641497321E-20
  7  5  2  0.3928071830316411E-19
  7  5  3  0.7451869534321429E-19
  7  5  4  0.8638763834561320E-19
  7  5  5  0.9509526096058384E-19
  8  1  1  0.2084184398863773E-19
  8  2  1  0.6251679121070988E-20
  8  2  2  0.2238555284258968E-19
  8  3  1  0.8032452586173473E-20
  8  3  2  0.3524348258198249E-19
  8  3  3  0.5689895137835779E-19
  8  4  1  0.9699053279155565E-20
  8  4  2  0.3771647024255966E-19
  8  4  3  0.6086590354127849E-19
  8  4  4  0.6611648157599208E-19
  8  5  1  0.1144461582004481E-19
  8  5  2  0.3891361167210990E-19
  8  5  3  0.6320432125464334E-19
  8  5  4  0.7007259530522501E-19
  8  5  5  0.7680747313786231E-19
  9  1  1  0.5805452045356151E-20
  9  2  1  0.5789520033069544E-20
  9  2  2  0.1695961254805414E-19
  9  3  1  0.8239626267062594E-20
  9  3  2  0.2316522557695379E-19
  9  3  3  0.3176168685808434E-19
  9  4  1  0.1052795438233711E-19
  9  4  2  0.2812229438522688E-19
  9  4  3  0.3875674667483586E-19
  9  4  4  0.4833580203685126E-19
 10  1  1  0.2788135601634153E-20
 10  2  1  0.4780823945276764E-20
 10  2  2  0.1159253479298342E-19
 10  3  1  0.6449737429964217E-20
 10  3  2  0.1512398043905314E-19
 10  3  3  0.1987364090275552E-19
 10  4  1  0.7849432367863999E-20
 10  4  2  0.1811216047046489E-19
 10  4  3  0.2408611374040105E-19
 10  4  4  0.2995312997644016E-19
 11  1  1  0.1358827950813151E-20
 11  2  1  0.2411582636425818E-20
 11  2  2  0.4929424862158949E-20
 11  3  1  0.3638183176100167E-20
 11  3  2  0.7242427478523691E-20
 11  3  3  0.1079651391642945E-19
 12  1  1  0.8035779663903082E-21
 12  2  1  0.1453590803372269E-20
 12  2  2  0.2761512732586625E-20
 12  3  1  0.2105443257859234E-20
 12  3  2  0.3958127884832560E-20
 12  3  3  0.5802412188693125E-20
 13  1  1  0.2819675329760094E-21
 13  2  1  0.5756469537471078E-21
 13  2  2  0.1197923993495449E-20
 14  1  1  0.1600144208972715E-21
 14  2  1  0.3177501909200593E-21
 14  2  2  0.6327940715203835E-21
 15  1  1  0.3854665769499312E-22
 16  1  1  0.2213505743487495E-22
  0  1  1  0.9956841794491558E+00
  0  2  1 -0.6084201553132380E-01
  0  2  2  0.3717796195136703E-02
  0  3  1 -0.1565500312356835E-01
  0  3  2  0.9566105024527061E-03
  0  3  3  0.2461414250194485E-03
  0  4  1 -0.5908106844158991E-02
  0  4  2  0.3610192225529864E-03
  0  4  3  0.9289233776000512E-04
  0  4  4  0.3505702631662713E-04
  0  5  1  0.1164336050872027E-01
  0  5  2 -0.7114761241865614E-03
  0  5  3 -0.1830669291478443E-03
  0  5  4 -0.6908839100831920E-04
  0  5  5  0.1361554664964418E-03
  0  6  1  0.9965591523700322E-02
  0  6  2 -0.6089548139644468E-03
  0  6  3 -0.1566876020045285E-03
  0  6  4 -0.5913298684713433E-04
  0  6  5  0.1165359229241574E-03
  0  6  6  0.9974348941869377E-04
  0  7  1  0.7807720578720870E-02
  0  7  2 -0.4770965196791391E-03
  0  7  3 -0.1227596988790618E-03
  0  7  4 -0.4632879415031152E-04
  0  7  5  0.9130214914100009E-04
  0  7  6  0.7814581734317345E-04
  0  7  7  0.6122473560753639E-04
  0  8  1  0.3783034968619009E-02
  0  8  2 -0.2311651395762806E-03
  0  8  3 -0.5948012981692969E-04
  0  8  4 -0.2244745397296139E-04
  0  8  5  0.4423816393376332E-04
  0  8  6  0.3786359369292022E-04
  0  8  7  0.2966490839580081E-04
  0  8  8  0.1437338653076895E-04
  0  9  1  0.2303438312561788E-02
  0  9  2 -0.1407532955538807E-03
  0  9  3 -0.3621663849078281E-04
  0  9  4 -0.1366794807071579E-04
  0  9  5  0.2693601368417111E-04
  0  9  6  0.2305462494717132E-04
  0  9  7  0.1806255747153922E-04
  0  9  8  0.8751758704551141E-05
  0  9  9  0.5328826317912226E-05
  1  1  1  0.6752847172490444E-02
  1  2  1  0.4944253151081897E-01
  1  2  2 -0.5321611860150358E-02
  1  3  1 -0.4183324938736014E-01
  1  3  2  0.3086416534087347E-02
  1  3  3 -0.1418635202766049E-02
  1  4  1 -0.1062823773167633E-01
  1  4  2 -0.6786222232982135E-03
  1  4  3  0.8715809605192502E-03
  1  4  4  0.5286154861876064E-03
  1  5  1 -0.1901569991331627E-01
  1  5  2  0.1531110744169084E-02
  1  5  3 -0.7527882474359998E-03
  1  5  4  0.3692737367150875E-03
  1  5  5 -0.3912942409584059E-03
  1  6  1 -0.4708750688312887E-02
  1  6  2  0.5117844509781882E-03
  1  6  3 -0.2981273024834260E-03
  1  6  4  0.6358594530744285E-04
  1  6  5 -0.1477230083258927E-03
  1  6  6 -0.4921421911110924E-04
  1  7  1 -0.4669614373921709E-02
  1  7  2  0.6669875585870329E-03
  1  7  3 -0.4299507894638480E-03
  1  7  4  0.2957158019859861E-04
  1  7  5 -0.2075988014312719E-03
  1  7  6 -0.6399349592458366E-04
  1  7  7 -0.7859292037167850E-04
  1  8  1 -0.1615653470822158E-02
  1  8  2  0.4227404784380245E-03
  1  8  3 -0.3104432278387616E-03
  1  8  4 -0.3008157047312934E-04
  1  8  5 -0.1453893634792623E-03
  1  8  6 -0.4042627383220133E-04
  1  8  7 -0.4540893067200582E-04
  1  8  8 -0.2211421531895843E-04
  2  1  1  0.2470629134553735E-15
  2  2  1  0.6348010453802278E-17
  2  2  2  0.3062421594080806E-18
  2  3  1  0.5311994948025426E-17
  2  3  2  0.1327721271036354E-18
  2  3  3  0.1016083134992994E-18
  2  4  1 -0.1101810087581475E-16
  2  4  2 -0.2554152841973066E-18
  2  4  3 -0.2239688070631161E-18
  2  4  4  0.4838664222190797E-18
  2  5  1 -0.2465945937551291E-17
  2  5  2 -0.6645769545204543E-19
  2  5  3 -0.4583740757833109E-19
  2  5  4  0.1041417487920143E-18
  2  5  5  0.2235794261899932E-19
  2  6  1 -0.2257008609969722E-17
  2  6  2 -0.5018610609644918E-19
  2  6  3 -0.3879282527189708E-19
  2  6  4  0.9372402259536712E-19
  2  6  5  0.1856185887615819E-19
  2  6  6  0.1508505805784700E-19
  2  7  1  0.3048594895572190E-18
  2  7  2  0.6859604341256297E-20
  2  7  3  0.1060465917670975E-19
  2  7  4 -0.1662061210699785E-19
  2  7  5 -0.4427786756696963E-20
  2  7  6 -0.5018506410361856E-20
  2  7  7 -0.4676540969140283E-21
  2  8  1  0.8687663024203937E-18
  2  8  2  0.2404002601438290E-19
  2  8  3  0.2208723969056621E-19
  2  8  4 -0.4101049484208876E-19
  2  8  5 -0.1000380149380040E-19
  2  8  6 -0.9800912344214231E-20
  2  8  7  0.3172438508614218E-21
  2  8  8  0.2460232837186387E-20
  3  1  1  0.5907292669142387E-17
  3  2  1  0.1214088069912831E-17
  3  2  2  0.2556500304767415E-18
  3  3  1  0.3476497645599113E-18
  3  3  2  0.6835868532135581E-19
  3  3  3  0.1651470070681372E-19
  3  4  1 -0.1254751958556716E-18
  3  4  2 -0.2440566548128780E-19
  3  4  3 -0.7488493358020372E-20
  3  4  4  0.3086697026976012E-20
  3  5  1 -0.1234098280183961E-18
  3  5  2 -0.2368955012135997E-19
  3  5  3 -0.6004166011245524E-20
  3  5  4  0.3172686550846315E-20
  3  5  5  0.2910823699373210E-20
  3  6  1 -0.9727119524205107E-19
  3  6  2 -0.1797209770731018E-19
  3  6  3 -0.4129095812796738E-20
  3  6  4  0.2632861267923551E-20
  3  6  5  0.2220786642823315E-20
  3  6  6  0.1619495292422727E-20
  3  7  1 -0.5067828162159007E-19
  3  7  2 -0.8067369032502614E-20
  3  7  3 -0.1192962709216946E-20
  3  7  4  0.1571734968528427E-20
  3  7  5  0.1088896289297289E-20
  3  7  6  0.7078081050239464E-21
  3  7  7  0.2141483652614413E-21
  4  1  1  0.4926341344367090E-18
  4  2  1  0.1688669129101581E-18
  4  2  2  0.5578746892101850E-19
  4  3  1  0.5992825744879476E-19
  4  3  2  0.1824612969906467E-19
  4  3  3  0.5670750219843673E-20
  4  4  1  0.7095269586330300E-20
  4  4  2  0.1441572806236055E-20
  4  4  3  0.5713975552357386E-21
  4  4  4  0.6789348781247833E-21
  4  5  1 -0.6004168091794462E-20
  4  5  2 -0.2141830826091159E-20
  4  5  3 -0.2517495430376989E-21
  4  5  4  0.8646295984892268E-21
  4  5  5  0.1145129767219664E-20
  4  6  1 -0.7564897894255177E-20
  4  6  2 -0.2312418080580561E-20
  4  6  3 -0.2766783349423904E-21
  4  6  4  0.7549312285439230E-21
  4  6  5  0.9674829163145735E-21
  4  6  6  0.8070188121550165E-21
  4  7  1 -0.6671561591492792E-20
  4  7  2 -0.1662840137983641E-20
  4  7  3 -0.8414966851311566E-22
  4  7  4  0.6417849969279717E-21
  4  7  5  0.7610891162393095E-21
  4  7  6  0.6310915876681627E-21
  4  7  7  0.5044079454755226E-21
  5  1  1  0.4982968963269084E-19
  5  2  1  0.2019503632209332E-19
  5  2  2  0.7540403505665343E-20
  5  3  1  0.7273425340394776E-20
  5  3  2  0.2565372129675201E-20
  5  3  3  0.1313066998974223E-20
  5  4  1  0.1170901182594770E-20
  5  4  2  0.4784949100508248E-21
  5  4  3  0.9123785549346778E-21
  5  4  4  0.1225853614679745E-20
  5  5  1 -0.5032397808612048E-21
  5  5  2 -0.7763774448178575E-23
  5  5  3  0.7452776791810733E-21
  5  5  4  0.1152307024278098E-20
  5  5  5  0.1093561363905573E-20
  5  6  1 -0.1127995233211321E-20
  5  6  2 -0.1440514504024207E-21
  5  6  3  0.6688993239006753E-21
  5  6  4  0.1079130571510712E-20
  5  6  5  0.1026854672731805E-20
  5  6  6  0.9663906049862945E-21
  6  1  1  0.4537429335829264E-20
  6  2  1  0.1640093528286068E-20
  6  2  2  0.6976337814156616E-21
  6  3  1  0.3217599379975033E-21
  6  3  2  0.4947015108033104E-21
  6  3  3  0.9217614717893423E-21
  6  4  1 -0.1957803811820254E-21
  6  4  2  0.4531608823359346E-21
  6  4  3  0.1116930593644520E-20
  6  4  4  0.1400769920158285E-20
  6  5  1 -0.2370307936827858E-21
  6  5  2  0.4028831643527360E-21
  6  5  3  0.9937327196924931E-21
  6  5  4  0.1247221870996421E-20
  6  5  5  0.1113111475252091E-20
  6  6  1 -0.2438140251613264E-21
  6  6  2  0.3719619605371266E-21
  6  6  3  0.9213113287234649E-21
  6  6  4  0.1164862444778622E-20
  6  6  5  0.1048499244633562E-20
  6  6  6  0.9962725946572048E-21
  7  1  1  0.3200268227099847E-21
  7  2  1  0.1056912497440936E-21
  7  2  2  0.2755337107250196E-21
  7  3  1  0.3979378447069887E-22
  7  3  2  0.4456945450638796E-21
  7  3  3  0.7590042039915179E-21
  7  4  1  0.3496322737688519E-22
  7  4  2  0.4683896832107902E-21
  7  4  3  0.7894462538410858E-21
  7  4  4  0.8166883920350716E-21
  7  5  1  0.2912865594309897E-22
  7  5  2  0.4994970166373497E-21
  7  5  3  0.8450614718412826E-21
  7  5  4  0.8773224816332082E-21
  7  5  5  0.9437338122303549E-21
  8  1  1  0.3890868145813129E-22
  8  2  1  0.7141089698446254E-22
  8  2  2  0.2235061298055051E-21
  8  3  1  0.1039084073754556E-21
  8  3  2  0.3327992850045385E-21
  8  3  3  0.4924721598538046E-21
  8  4  1  0.1094795516746663E-21
  8  4  2  0.3378701752305549E-21
  8  4  3  0.4971808773583616E-21
  8  4  4  0.5015303262288967E-21
  8  5  1  0.1171060296039049E-21
  8  5  2  0.3651838292593932E-21
  8  5  3  0.5399045463895856E-21
  8  5  4  0.5470832472445939E-21
  8  5  5  0.5979198687966374E-21
  9  1  1  0.1518896931007692E-22
  9  2  1  0.3519698992592398E-22
  9  2  2  0.8607789560960707E-22
  9  3  1  0.4527179036125761E-22
  9  3  2  0.1089707064723927E-21
  9  3  3  0.1368010732824980E-21
  9  4  1  0.5648719090063098E-22
  9  4  2  0.1366955044833521E-21
  9  4  3  0.1721017313374922E-21
  9  4  4  0.2166477543562488E-21
 10  1  1  0.7518493757888027E-23
 10  2  1  0.1623913957314002E-22
 10  2  2  0.3504979214754117E-22
 10  3  1  0.2026630609684338E-22
 10  3  2  0.4338265129863094E-22
 10  3  3  0.5351559201244340E-22
 10  4  1  0.2560330743796470E-22
 10  4  2  0.5504821657741880E-22
 10  4  3  0.6812906501759510E-22
 10  4  4  0.8678338972095023E-22
 11  1  1  0.1572383259061303E-23
 11  2  1  0.2895985175286985E-23
 11  2  2  0.5266538907252328E-23
 11  3  1  0.4393405806551171E-23
 11  3  2  0.8018825607185522E-23
 11  3  3  0.1221012076153794E-22
 12  1  1  0.5341893698173586E-24
 12  2  1  0.9414467522805732E-24
 12  2  2  0.1644125408085320E-23
 12  3  1  0.1420017746027828E-23
 12  3  2  0.2489220707544812E-23
 12  3  3  0.3768830193145777E-23
 13  1  1  0.4625003889151511E-25
 13  2  1  0.9612776735205954E-25
 13  2  2  0.1995220984793767E-24
 14  1  1  0.1358375322806816E-25
 14  2  1  0.2722626854545011E-25
 14  2  2  0.5452569515247193E-25
 15  1  1  0.2254187638099972E-27
 16  1  1 -0.4978752122787510E-29
  0  1  1  0.1993422926200259E+01
  0  2  1 -0.1041019075758046E+00
  0  2  2  0.5436481650975543E-02
  0  3  1 -0.3164600923562797E-01
  0  3  2  0.1652639731032894E-02
  0  3  3  0.5023870686841129E-03
  0  4  1 -0.1079037776593999E-01
  0  4  2  0.5635025533889443E-03
  0  4  3  0.1712995220175106E-03
  0  4  4  0.5840820369896538E-04
  0  5  1  0.2212553557304562E-01
  0  5  2 -0.1155454986002801E-02
  0  5  3 -0.3512475420469184E-03
  0  5  4 -0.1197652961491634E-03
  0  5  5  0.2455772520521961E-03
  0  6  1  0.1942632039045865E-01
  0  6  2 -0.1014494708195371E-02
  0  6  3 -0.3083969319358391E-03
  0  6  4 -0.1051544721695318E-03
  0  6  5  0.2156179389748299E-03
  0  6  6  0.1893135264738285E-03
  0  7  1  0.1483062784427151E-01
  0  7  2 -0.7744952808776945E-03
  0  7  3 -0.2354393438348710E-03
  0  7  4 -0.8027803575571068E-04
  0  7  5  0.1646091151186377E-03
  0  7  6  0.1445275482226156E-03
  0  7  7  0.1103366071315995E-03
  0  8  1  0.7216740691920918E-02
  0  8  2 -0.3768776121888665E-03
  0  8  3 -0.1145672800216999E-03
  0  8  4 -0.3906414302813876E-04
  0  8  5  0.8010054003186534E-04
  0  8  6  0.7032863674511189E-04
  0  8  7  0.5369096243640650E-04
  0  8  8  0.2612659136699182E-04
  0  9  1  0.4102471102226889E-02
  0  9  2 -0.2142420767330563E-03
  0  9  3 -0.6512759369003388E-04
  0  9  4 -0.2220663381817311E-04
  0  9  5  0.4553442679759462E-04
  0  9  6  0.3997943285239980E-04
  0  9  7  0.3052148209962604E-04
  0  9  8  0.1485207667261284E-04
  0  9  9  0.8442899358385324E-05
  1  1  1  0.5982976811367413E+01
  1  2  1 -0.1952034442297639E+00
  1  2  2  0.9425035327105306E-02
  1  3  1  0.4433529470159379E-01
  1  3  2 -0.3967765535554917E-02
  1  3  3  0.2408466122895318E-02
  1  4  1 -0.1450517988089329E+00
  1  4  2  0.3933727280013668E-02
  1  4  3 -0.4158920055455102E-03
  1  4  4  0.3725429229306227E-02
  1  5  1  0.3616063401460541E-01
  1  5  2 -0.2361337847826211E-02
  1  5  3  0.1242681317160215E-02
  1  5  4 -0.5678638975503116E-03
  1  5  5  0.6753381271259319E-03
  1  6  1  0.2979592313214201E-01
  1  6  2 -0.1343074032185511E-02
  1  6  3  0.5268027558676605E-03
  1  6  4 -0.6254235982629682E-03
  1  6  5  0.3234892528015295E-03
  1  6  6  0.1934082771312052E-03
  1  7  1  0.4335915855052212E-01
  1  7  2 -0.1710343373959212E-02
  1  7  3  0.5652305973802278E-03
  1  7  4 -0.9739200829720553E-03
  1  7  5  0.3763721592869965E-03
  1  7  6  0.2518214624678114E-03
  1  7  7  0.3428349607096293E-03
  1  8  1  0.3844298113211565E-01
  1  8  2 -0.1385843519855970E-02
  1  8  3  0.3934232605735979E-03
  1  8  4 -0.8976229313373441E-03
  1  8  5  0.2832170402793617E-03
  1  8  6  0.2074210743498942E-03
  1  8  7  0.2913303001045238E-03
  1  8  8  0.2526765883046244E-03
  2  1  1  0.4500930681983264E-14
  2  2  1  0.1684384949804028E-15
  2  2  2  0.1965624849750065E-16
  2  3  1  0.6707719961190179E-16
  2  3  2  0.4035697293833750E-17
  2  3  3  0.1713158794676933E-17
  2  4  1 -0.1735497213717338E-15
  2  4  2 -0.6150282230196531E-17
  2  4  3 -0.2624336739654718E-17
  2  4  4  0.6780055686155497E-17
  2  5  1 -0.4155107552688954E-16
  2  5  2 -0.2104936188795089E-17
  2  5  3 -0.7304080697146948E-18
  2  5  4  0.1654495900842102E-17
  2  5  5  0.5030582370825640E-18
  2  6  1 -0.2619815192634892E-16
  2  6  2 -0.1077300139849858E-17
  2  6  3 -0.4876889422155692E-18
  2  6  4  0.1089033279697374E-17
  2  6  5  0.3562929397207546E-18
  2  6  6  0.2932809444445568E-18
  2  7  1  0.9002298625231526E-17
  2  7  2  0.3220817963394429E-18
  2  7  3  0.1121641520233485E-18
  2  7  4 -0.3029846106716055E-18
  2  7  5 -0.6672703394297717E-20
  2  7  6  0.5094358187672253E-19
  2  7  7  0.1077584225666139E-18
  2  8  1  0.2016352736749927E-16
  2  8  2  0.9122760395340334E-18
  2  8  3  0.3159376599959816E-18
  2  8  4 -0.7471246250464805E-18
  2  8  5 -0.1459415070339097E-18
  2  8  6 -0.4137226565129014E-19
  2  8  7  0.1172293985129879E-18
  2  8  8  0.1713066837086937E-18
  3  1  1  0.2330370550527805E-15
  3  2  1  0.4266573709443319E-16
  3  2  2  0.1112522177853656E-16
  3  3  1  0.8264436252178651E-17
  3  3  2  0.2172108891157857E-17
  3  3  3  0.5152310395605536E-18
  3  4  1 -0.5155964012674795E-17
  3  4  2 -0.8525152943839628E-18
  3  4  3 -0.1561741057755970E-18
  3  4  4  0.1784308144887911E-18
  3  5  1 -0.3541879588489180E-17
  3  5  2 -0.7682418603854400E-18
  3  5  3 -0.1395499993115433E-18
  3  5  4  0.1611156893547174E-18
  3  5  5  0.1891943686838542E-18
  3  6  1 -0.2023893016633146E-17
  3  6  2 -0.4079555666027829E-18
  3  6  3 -0.7181800415243267E-19
  3  6  4  0.1215262441113646E-18
  3  6  5  0.1576372835709283E-18
  3  6  6  0.1457869470192654E-18
  3  7  1 -0.7703368537328172E-19
  3  7  2  0.1644196033405928E-19
  3  7  3  0.1379141626779545E-19
  3  7  4  0.5890078794635849E-19
  3  7  5  0.1028781188782348E-18
  3  7  6  0.1154551831307919E-18
  3  7  7  0.1197085618249346E-18
  4  1  1  0.3602348703107646E-16
  4  2  1  0.1002373693988349E-16
  4  2  2  0.3497261182002641E-17
  4  3  1  0.2466032605184065E-17
  4  3  2  0.8178331252187227E-18
  4  3  3  0.2320732159429000E-18
  4  4  1 -0.2065104044640674E-18
  4  4  2 -0.6485320200105919E-19
  4  4  3  0.3831091502168410E-19
  4  4  4  0.1257187159030162E-18
  4  5  1 -0.4254496747117604E-18
  4  5  2 -0.1550797350649123E-18
  4  5  3  0.2591704927530509E-19
  4  5  4  0.1495006401773102E-18
  4  5  5  0.1909684311251799E-18
  4  6  1 -0.2590300498538547E-18
  4  6  2 -0.8163928291473324E-19
  4  6  3  0.3082896488831310E-19
  4  6  4  0.1246964221943277E-18
  4  6  5  0.1676774406182443E-18
  4  6  6  0.1571459587295465E-18
  4  7  1 -0.2239861851668076E-20
  4  7  2  0.1650838112760924E-19
  4  7  3  0.3778885250018581E-19
  4  7  4  0.8982245734499956E-19
  4  7  5  0.1327564874550553E-18
  4  7  6  0.1371350234186467E-18
  4  7  7  0.1371053992181281E-18
  5  1  1  0.6536752738154935E-17
  5  2  1  0.2012846597257011E-17
  5  2  2  0.7453469464855069E-18
  5  3  1  0.4555464185983902E-18
  5  3  2  0.1636335274613490E-18
  5  3  3  0.1054251508843489E-18
  5  4  1 -0.5773389480602728E-19
  5  4  2 -0.4005696020721592E-20
  5  4  3  0.1089940660783602E-18
  5  4  4  0.1852112984147607E-18
  5  5  1 -0.9552961797425903E-19
  5  5  2 -0.1294389642031535E-19
  5  5  3  0.1072272411066109E-18
  5  5  4  0.1886072646861934E-18
  5  5  5  0.1972930776276757E-18
  5  6  1 -0.3856722375720426E-19
  5  6  2  0.1415404038386479E-19
  5  6  3  0.1009123289149543E-18
  5  6  4  0.1732887620150807E-18
  5  6  5  0.1885319313634097E-18
  5  6  6  0.1935467423183285E-18
  6  1  1  0.1160584535430711E-17
  6  2  1  0.3063925470813552E-18
  6  2  2  0.1173740021742678E-18
  6  3  1  0.2158646161484498E-19
  6  3  2  0.5218984780300052E-19
  6  3  3  0.1240135549703162E-18
  6  4  1 -0.4875770331291602E-19
  6  4  2  0.4937330580304832E-19
  6  4  3  0.1633213023339019E-18
  6  4  4  0.2240082412976024E-18
  6  5  1 -0.3387816597967400E-19
  6  5  2  0.5133585452676482E-19
  6  5  3  0.1532816152733508E-18
  6  5  4  0.2135288765172566E-18
  6  5  5  0.2092004897843128E-18
  6  6  1 -0.7939300871677501E-20
  6  6  2  0.5387488350011614E-19
  6  6  3  0.1370034426442538E-18
  6  6  4  0.1954717703413554E-18
  6  6  5  0.1988488639736369E-18
  6  6  6  0.2002778921957067E-18
  7  1  1  0.1946592383462849E-18
  7  2  1  0.3669544757424031E-19
  7  2  2  0.4768652304709348E-19
  7  3  1 -0.5751148785518114E-21
  7  3  2  0.7272238990301974E-19
  7  3  3  0.1404974780777048E-18
  7  4  1 -0.1602692282484873E-20
  7  4  2  0.8246948476345487E-19
  7  4  3  0.1584827707675942E-18
  7  4  4  0.1803600979946656E-18
  7  5  1  0.7595846286916489E-20
  7  5  2  0.8875652456670927E-19
  7  5  3  0.1664506314700736E-18
  7  5  4  0.1922861001353385E-18
  7  5  5  0.2116224478686875E-18
  8  1  1  0.3575478098955627E-19
  8  2  1  0.1512288303440266E-19
  8  2  2  0.4974259990648139E-19
  8  3  1  0.1910136267324209E-19
  8  3  2  0.7796904895023001E-19
  8  3  3  0.1245113655375828E-18
  8  4  1  0.2253576142487681E-19
  8  4  2  0.8345602673907424E-19
  8  4  3  0.1334416485118117E-18
  8  4  4  0.1449795521785639E-18
  8  5  1  0.2621644269288532E-19
  8  5  2  0.8668538309737797E-19
  8  5  3  0.1394521987357657E-18
  8  5  4  0.1542873472994667E-18
  8  5  5  0.1692332626012629E-18
  9  1  1  0.1051537988393612E-19
  9  2  1  0.1319339956930122E-19
  9  2  2  0.3638237354572151E-19
  9  3  1  0.1823012043221393E-19
  9  3  2  0.4956370834766945E-19
  9  3  3  0.6764400786180203E-19
  9  4  1  0.2317036629530204E-19
  9  4  2  0.6043897198923780E-19
  9  4  3  0.8288324288345851E-19
  9  4  4  0.1035345489492597E-18
 10  1  1  0.5513803741831607E-20
 10  2  1  0.1030388578744368E-19
 10  2  2  0.2416001293749432E-19
 10  3  1  0.1371160522488646E-19
 10  3  2  0.3154538832452801E-19
 10  3  3  0.4142160829477384E-19
 10  4  1  0.1675576341410320E-19
 10  4  2  0.3807845874219009E-19
 10  4  3  0.5051901667798663E-19
 10  4  4  0.6302914910799373E-19
 11  1  1  0.2666741667281591E-20
 11  2  1  0.4888804760024974E-20
 11  2  2  0.9786315504862750E-20
 11  3  1  0.7352206178222675E-20
 11  3  2  0.1447591662417516E-19
 11  3  3  0.2168207620196730E-19
 12  1  1  0.1539941657802425E-20
 12  2  1  0.2813249314926888E-20
 12  2  2  0.5291978099064164E-20
 12  3  1  0.4101548733171597E-20
 12  3  2  0.7668666991038007E-20
 12  3  3  0.1133099207163659E-19
 13  1  1  0.4996549839323547E-21
 13  2  1  0.1034971143454955E-20
 13  2  2  0.2168776058768753E-20
 14  1  1  0.2694270351666924E-21
 14  2  1  0.5435459869913835E-21
 14  2  2  0.1098485432066185E-20
 15  1  1  0.5889007793232184E-22
 16  1  1  0.3095311633932093E-22
  0  1  1  0.9967114631001297E+00
  0  2  1 -0.5205095378790230E-01
  0  2  2  0.2718240825487771E-02
  0  3  1 -0.1582300461781399E-01
  0  3  2  0.8263198655164468E-03
  0  3  3  0.2511935343420565E-03
  0  4  1 -0.5395188882969996E-02
  0  4  2  0.2817512766944721E-03
  0  4  3  0.8564976100875531E-04
  0  4  4  0.2920410184948269E-04
  0  5  1  0.1106276778652281E-01
  0  5  2 -0.5777274930014004E-03
  0  5  3 -0.1756237710234592E-03
  0  5  4 -0.5988264807458172E-04
  0  5  5  0.1227886260260981E-03
  0  6  1  0.9713160195229326E-02
  0  6  2 -0.5072473540976853E-03
  0  6  3 -0.1541984659679196E-03
  0  6  4 -0.5257723608476588E-04
  0  6  5  0.1078089694874149E-03
  0  6  6  0.9465676323691427E-04
  0  7  1  0.7415313922135756E-02
  0  7  2 -0.3872476404388473E-03
  0  7  3 -0.1177196719174355E-03
  0  7  4 -0.4013901787785534E-04
  0  7  5  0.8230455755931884E-04
  0  7  6  0.7226377411130778E-04
  0  7  7  0.5516830356579975E-04
  0  8  1  0.3608370345960459E-02
  0  8  2 -0.1884388060944332E-03
  0  8  3 -0.5728364001084995E-04
  0  8  4 -0.1953207151406938E-04
  0  8  5  0.4005027001593267E-04
  0  8  6  0.3516431837255594E-04
  0  8  7  0.2684548121820325E-04
  0  8  8  0.1306329568349591E-04
  0  9  1  0.2051235551113445E-02
  0  9  2 -0.1071210383665282E-03
  0  9  3 -0.3256379684501694E-04
  0  9  4 -0.1110331690908656E-04
  0  9  5  0.2276721339879731E-04
  0  9  6  0.1998971642619990E-04
  0  9  7  0.1526074104981302E-04
  0  9  8  0.7426038336306422E-05
  0  9  9  0.4221449679192662E-05
  1  1  1  0.4936036510003202E-02
  1  2  1  0.4760807665010254E-01
  1  2  2 -0.3878401991665959E-02
  1  3  1 -0.3937087388344013E-01
  1  3  2  0.2270908863284009E-02
  1  3  3 -0.1105465010110855E-02
  1  4  1 -0.1260498331057969E-01
  1  4  2 -0.5465030566964560E-03
  1  4  3  0.6967038168021415E-03
  1  4  4  0.5559237764211322E-03
  1  5  1 -0.1843776223967767E-01
  1  5  2  0.1186632695256308E-02
  1  5  3 -0.6192884755786040E-03
  1  5  4  0.2940872617961935E-03
  1  5  5 -0.3376264237111651E-03
  1  6  1 -0.5773200766449207E-02
  1  6  2  0.5192955479136896E-03
  1  6  3 -0.3157889251990480E-03
  1  6  4  0.5346984044997230E-04
  1  6  5 -0.1628331244781596E-03
  1  6  6 -0.6891726749424052E-04
  1  7  1 -0.4585830161768853E-02
  1  7  2  0.5699721602335983E-03
  1  7  3 -0.3807548126223545E-03
  1  7  4  0.1312570970883011E-05
  1  7  5 -0.1902252030193436E-03
  1  7  6 -0.7385656639897597E-04
  1  7  7 -0.7390250395811429E-04
  1  8  1 -0.2024957837003657E-02
  1  8  2  0.4060073467447838E-03
  1  8  3 -0.2954412508132382E-03
  1  8  4 -0.3975617189564671E-04
  1  8  5 -0.1436599046334211E-03
  1  8  6 -0.5134337399007850E-04
  1  8  7 -0.4756382236545272E-04
  1  8  8 -0.2764708948274557E-04
  2  1  1  0.5948774777052400E-15
  2  2  1  0.2460172629302006E-16
  2  2  2  0.1313997992698825E-17
  2  3  1  0.1161586923333175E-16
  2  3  2  0.4867979916422465E-18
  2  3  3  0.1991372790128136E-18
  2  4  1 -0.2466012580202268E-16
  2  4  2 -0.9671663055189189E-18
  2  4  3 -0.4535838816364195E-18
  2  4  4  0.1008391503163937E-17
  2  5  1 -0.6698363690954128E-17
  2  5  2 -0.2798610257447157E-18
  2  5  3 -0.1146418383365836E-18
  2  5  4  0.2656650313611498E-18
  2  5  5  0.6922738115928069E-19
  2  6  1 -0.5010803251971141E-17
  2  6  2 -0.1932452985509397E-18
  2  6  3 -0.7637538284930080E-19
  2  6  4  0.1937387786254810E-18
  2  6  5  0.4728294377143454E-19
  2  6  6  0.3016755183395619E-19
  2  7  1  0.4789064508221297E-18
  2  7  2  0.1911260947268483E-19
  2  7  3  0.1891203128555727E-19
  2  7  4 -0.2642149800212478E-19
  2  7  5 -0.9186632776286842E-20
  2  7  6 -0.9417600586691573E-20
  2  7  7 -0.1960422407846508E-20
  2  8  1  0.2111148605737168E-17
  2  8  2  0.9078419829973100E-19
  2  8  3  0.4921196434888310E-19
  2  8  4 -0.9237798052719373E-19
  2  8  5 -0.2708471978241611E-19
  2  8  6 -0.2214321900608354E-19
  2  8  7 -0.2675976742466873E-21
  2  8  8  0.5977722084044686E-20
  3  1  1  0.1324989454987156E-16
  3  2  1  0.2946809810888562E-17
  3  2  2  0.6672983502253585E-18
  3  3  1  0.8155657063558916E-18
  3  3  2  0.1752350900351747E-18
  3  3  3  0.4146832407413007E-19
  3  4  1 -0.2464748120206408E-18
  3  4  2 -0.5274261371681184E-19
  3  4  3 -0.1566363085454997E-19
  3  4  4  0.5459735961289131E-20
  3  5  1 -0.2775222924056092E-18
  3  5  2 -0.5837950039181715E-19
  3  5  3 -0.1436161458034815E-19
  3  5  4  0.6540864351189592E-20
  3  5  5  0.6711405487209788E-20
  3  6  1 -0.2148675896479144E-18
  3  6  2 -0.4373319696634383E-19
  3  6  3 -0.9688640771913945E-20
  3  6  4  0.5410090614607437E-20
  3  6  5  0.5054659993460910E-20
  3  6  6  0.3618903120736643E-20
  3  7  1 -0.1153242183117070E-18
  3  7  2 -0.2060692242189599E-19
  3  7  3 -0.3005010145615571E-20
  3  7  4  0.3434827830522485E-20
  3  7  5  0.2589743162485666E-20
  3  7  6  0.1642862381688163E-20
  3  7  7  0.5162956492738821E-21
  4  1  1  0.1066108598574250E-17
  4  2  1  0.3843799233957274E-18
  4  2  2  0.1342251694720736E-18
  4  3  1  0.1358828456002555E-18
  4  3  2  0.4419940454261098E-19
  4  3  3  0.1384455598496633E-19
  4  4  1  0.1858547438124739E-19
  4  4  2  0.4514162593180908E-20
  4  4  3  0.1745338787461627E-20
  4  4  4  0.1654933276883428E-20
  4  5  1 -0.1243913930737628E-19
  4  5  2 -0.4748570123479902E-20
  4  5  3 -0.5064548927454902E-21
  4  5  4  0.1982317900861550E-20
  4  5  5  0.2647180238121079E-20
  4  6  1 -0.1618543160118410E-19
  4  6  2 -0.5293862089981832E-20
  4  6  3 -0.6037271534323754E-21
  4  6  4  0.1730318529650354E-20
  4  6  5  0.2245551096464461E-20
  4  6  6  0.1876200275464369E-20
  4  7  1 -0.1427362118065492E-19
  4  7  2 -0.3877020266479030E-20
  4  7  3 -0.1685658779391959E-21
  4  7  4  0.1488621584398948E-20
  4  7  5  0.1785581888902897E-20
  4  7  6  0.1476350104321604E-20
  4  7  7  0.1179950917901580E-20
  5  1  1  0.1038405380823745E-18
  5  2  1  0.4384286049391539E-19
  5  2  2  0.1731893535503156E-19
  5  3  1  0.1566952596068483E-19
  5  3  2  0.5972252017617645E-20
  5  3  3  0.3068239196110112E-20
  5  4  1  0.2505819344118430E-20
  5  4  2  0.1199721193147444E-20
  5  4  3  0.2136056195012200E-20
  5  4  4  0.2827341967747069E-20
  5  5  1 -0.1202511961707562E-20
  5  5  2  0.7673120011774437E-23
  5  5  3  0.1722332397232597E-20
  5  5  4  0.2650138966869166E-20
  5  5  5  0.2518531394053416E-20
  5  6  1 -0.2487749179351235E-20
  5  6  2 -0.3136782842865841E-21
  5  6  3  0.1555971041618062E-20
  5  6  4  0.2493856897798710E-20
  5  6  5  0.2376000469932005E-20
  5  6  6  0.2240996438447126E-20
  6  1  1  0.8948204341845488E-20
  6  2  1  0.3334870161422201E-20
  6  2  2  0.1560412344185630E-20
  6  3  1  0.5944324006129561E-21
  6  3  2  0.1141508300116417E-20
  6  3  3  0.2106958067920210E-20
  6  4  1 -0.4707651405258186E-21
  6  4  2  0.1057510471753685E-20
  6  4  3  0.2550074851465650E-20
  6  4  4  0.3190687582136712E-20
  6  5  1 -0.5442715195202057E-21
  6  5  2  0.9375622993703420E-21
  6  5  3  0.2274149176092725E-20
  6  5  4  0.2847733388916399E-20
  6  5  5  0.2546660689406887E-20
  6  6  1 -0.5473321691038831E-21
  6  6  2  0.8695694175484291E-21
  6  6  3  0.2120038601285331E-20
  6  6  4  0.2671737056856498E-20
  6  6  5  0.2407601130280404E-20
  6  6  6  0.2292644434154667E-20
  7  1  1  0.5798318348403535E-21
  7  2  1  0.2153566170318256E-21
  7  2  2  0.6294138212683738E-21
  7  3  1  0.1018405902822363E-21
  7  3  2  0.1009519493422311E-20
  7  3  3  0.1697303491490921E-20
  7  4  1  0.9812839648235332E-22
  7  4  2  0.1060108888966805E-20
  7  4  3  0.1765459137499728E-20
  7  4  4  0.1826560441443158E-20
  7  5  1  0.8919857223048900E-22
  7  5  2  0.1132751943751252E-20
  7  5  3  0.1894259376413995E-20
  7  5  4  0.1966092060195226E-20
  7  5  5  0.2118421508304332E-20
  8  1  1  0.7965381263822850E-22
  8  2  1  0.1649343144190748E-21
  8  2  2  0.4989017892668401E-21
  8  3  1  0.2406954131381605E-21
  8  3  2  0.7367953877518998E-21
  8  3  3  0.1082064810350827E-20
  8  4  1  0.2529537974250778E-21
  8  4  2  0.7489222469648931E-21
  8  4  3  0.1094031254277806E-20
  8  4  4  0.1105020656828520E-20
  8  5  1  0.2717582694029002E-21
  8  5  2  0.8118972809054354E-21
  8  5  3  0.1191296403737206E-20
  8  5  4  0.1208231631501479E-20
  8  5  5  0.1323141012968166E-20
  9  1  1  0.3344164154038808E-22
  9  2  1  0.7735447125713545E-22
  9  2  2  0.1841654564951831E-21
  9  3  1  0.9906878680428576E-22
  9  3  2  0.2323804721583857E-21
  9  3  3  0.2910155069160690E-21
  9  4  1  0.1239455011416245E-21
  9  4  2  0.2920999040929685E-21
  9  4  3  0.3667328957841319E-21
  9  4  4  0.4624011695284492E-21
 10  1  1  0.1608212969202395E-22
 10  2  1  0.3426511695342707E-22
 10  2  2  0.7274548252504726E-22
 10  3  1  0.4271904636684136E-22
 10  3  2  0.9002589067254728E-22
 10  3  3  0.1110634445603604E-21
 10  4  1  0.5418131386821830E-22
 10  4  2  0.1146453930000533E-21
 10  4  3  0.1418509362588972E-21
 10  4  4  0.1812513860643223E-21
 11  1  1  0.3148628720366096E-23
 11  2  1  0.5736711059275113E-23
 11  2  2  0.1033086040639186E-22
 11  3  1  0.8738604721838189E-23
 11  3  2  0.1578360647126054E-22
 11  3  3  0.2411876369577756E-22
 12  1  1  0.1018149079332053E-23
 12  2  1  0.1784040038467366E-23
 12  2  2  0.3101042550652014E-23
 12  3  1  0.2709930686953862E-23
 12  3  2  0.4725475801904578E-23
 12  3  3  0.7201239327442813E-23
 13  1  1  0.7933451190938771E-25
 13  2  1  0.1657282254001891E-24
 13  2  2  0.3458234757277132E-24
 14  1  1  0.2169907882430575E-25
 14  2  1  0.4394763885312764E-25
 14  2  2  0.8895529313828323E-25
 15  1  1  0.1895714249525603E-27
 16  1  1 -0.7544867660866219E-28
  0  1  1 -0.8133467989823522E-08
  0  2  1 -0.2974918019116821E-10
  0  2  2 -0.8624930792170837E-08
  0  3  1  0.1252024507466616E-09
  0  3  2  0.2308594499144731E-09
  0  3  3 -0.1083928836453589E-08
  0  4  1  0.3664066713208551E-10
  0  4  2 -0.1664903528764240E-09
  0  4  3  0.2025729650286567E-10
  0  4  4 -0.2305396719090437E-09
  0  5  1 -0.7593315846891488E-10
  0  5  2  0.3279708653173457E-09
  0  5  3 -0.4097236121213375E-10
  0  5  4  0.3996673684805176E-10
  0  5  5 -0.2129338881624828E-10
  0  6  1 -0.8517096673521627E-10
  0  6  2 -0.4997936370962237E-10
  0  6  3  0.5479924798804767E-10
  0  6  4 -0.3690099679595016E-11
  0  6  5  0.5122633709721843E-10
  0  6  6  0.4123235350515727E-10
  0  7  1 -0.6752874999830617E-10
  0  7  2 -0.3598301856971501E-10
  0  7  3 -0.1245687869236806E-10
  0  7  4  0.1136959804937771E-10
  0  7  5  0.1903637076485676E-10
  0  7  6  0.5080140996479299E-10
  0  7  7  0.5450700616476166E-10
  0  8  1 -0.3717864211894697E-10
  0  8  2 -0.8338136184999057E-10
  0  8  3 -0.3702082340516311E-11
  0  8  4 -0.1503408488984173E-10
  0  8  5  0.1018514087869753E-10
  0  8  6  0.2617294075877000E-10
  0  8  7  0.4564350536042834E-10
  0  8  8  0.4936041868681348E-10
  0  9  1 -0.2506815854362132E-10
  0  9  2 -0.8766561370255146E-10
  0  9  3 -0.2139204709311332E-10
  0  9  4 -0.2056957252943203E-10
  0  9  5 -0.1264008847968117E-10
  0  9  6  0.5434558369105519E-11
  0  9  7  0.2953497200992605E-10
  0  9  8  0.4161932755842908E-10
  0  9  9  0.5786369568025520E-10
  1  1  1  0.7481705256343823E-07
  1  2  1 -0.3738580205501313E-08
  1  2  2  0.8016725954870852E-08
  1  3  1  0.1316065842849750E-08
  1  3  2 -0.3217658646385260E-10
  1  3  3  0.1650455247785898E-08
  1  4  1 -0.1844125327892680E-08
  1  4  2  0.2092936136205182E-09
  1  4  3 -0.4450359224311501E-10
  1  4  4  0.2894195888823130E-09
  1  5  1  0.7810380058327978E-09
  1  5  2 -0.4125870613213245E-09
  1  5  3  0.8986298105347632E-10
  1  5  4 -0.1346193894446489E-09
  1  5  5 -0.4655322867098261E-10
  1  6  1  0.4016803807186911E-09
  1  6  2 -0.2443161405321835E-10
  1  6  3 -0.6035226210116415E-10
  1  6  4 -0.4223562666026659E-10
  1  6  5 -0.1446718223532387E-09
  1  6  6 -0.1531634127601134E-09
  1  7  1  0.6355033648840050E-09
  1  7  2 -0.4687850540316110E-10
  1  7  3  0.4940280191863157E-10
  1  7  4 -0.4107371794035386E-10
  1  7  5 -0.6595146919477784E-10
  1  7  6 -0.1425058262565390E-09
  1  7  7 -0.1519588801430071E-09
  1  8  1  0.5163226621353957E-09
  1  8  2  0.7346509061795267E-10
  1  8  3  0.5714859167230813E-10
  1  8  4  0.3730828061916682E-10
  1  8  5 -0.1246959235236960E-10
  1  8  6 -0.8891142327253231E-10
  1  8  7 -0.1340320827388478E-09
  1  8  8 -0.1881499818244246E-09
  2  1  1 -0.9264400485114249E-07
  2  2  1 -0.1667391268940169E-08
  2  2  2 -0.5882123570129947E-08
  2  3  1 -0.1311425731422852E-08
  2  3  2 -0.3519229109125704E-09
  2  3  3 -0.1181747732125175E-08
  2  4  1  0.3678306139432362E-08
  2  4  2 -0.1129069735353196E-09
  2  4  3  0.1101035332752326E-09
  2  4  4 -0.2010914202725457E-09
  2  5  1  0.6547127117778004E-09
  2  5  2  0.2590630296709118E-09
  2  5  3  0.2554213288962169E-10
  2  5  4  0.1911139743820876E-09
  2  5  5  0.2064735265305039E-09
  2  6  1  0.4741474318564854E-09
  2  6  2  0.1364510108377914E-10
  2  6  3  0.6976737917216892E-10
  2  6  4  0.8632184325563598E-10
  2  6  5  0.2433189893574172E-09
  2  6  6  0.2725022265172255E-09
  2  7  1 -0.2689997746322201E-09
  2  7  2  0.1491261879099031E-11
  2  7  3 -0.4113021860027333E-10
  2  7  4  0.5470511406805657E-10
  2  7  5  0.1435997473334075E-09
  2  7  6  0.2311887186918211E-09
  2  7  7  0.2514430263944680E-09
  2  8  1 -0.4531141244623061E-09
  2  8  2 -0.7885146216061077E-10
  2  8  3 -0.7992987998057154E-10
  2  8  4 -0.3847370805364234E-10
  2  8  5  0.4473347587019065E-10
  2  8  6  0.1607452195300997E-09
  2  8  7  0.2149931744263748E-09
  2  8  8  0.2950345584986931E-09
  3  1  1  0.2705594001444294E-07
  3  2  1  0.3814096530628113E-08
  3  2  2  0.4067266424408177E-08
  3  3  1  0.7402566301411445E-09
  3  3  2  0.5595394048630266E-09
  3  3  3  0.6383921840781906E-09
  3  4  1 -0.6781405337949905E-09
  3  4  2  0.1210059259519691E-10
  3  4  3 -0.1484834477649046E-09
  3  4  4 -0.1603158431346084E-09
  3  5  1 -0.3793659363569751E-09
  3  5  2 -0.1582765088200059E-09
  3  5  3 -0.1324048188160560E-09
  3  5  4 -0.3110524085081399E-09
  3  5  5 -0.3650196985911891E-09
  3  6  1 -0.2261790682823258E-09
  3  6  2 -0.3802535521797815E-10
  3  6  3 -0.8294018398284955E-10
  3  6  4 -0.1958340817777258E-09
  3  6  5 -0.3329367178411452E-09
  3  6  6 -0.3679763067669491E-09
  3  7  1  0.1118961648695243E-11
  3  7  2  0.3903748005269095E-10
  3  7  3  0.4651772713941709E-10
  3  7  4 -0.6859949335165349E-10
  3  7  5 -0.2347614712541092E-09
  3  7  6 -0.3289649245877135E-09
  3  7  7 -0.4528157046442501E-09
  4  1  1 -0.1226931193414323E-07
  4  2  1 -0.2669993067691333E-08
  4  2  2 -0.2521532272209060E-08
  4  3  1 -0.6802974133589291E-09
  4  3  2 -0.3851878065064495E-09
  4  3  3 -0.2122167711431503E-09
  4  4  1  0.9835489985156871E-10
  4  4  2  0.2801304676969613E-10
  4  4  3  0.2827062679446787E-09
  4  4  4  0.3796541634608002E-09
  4  5  1  0.1219659693586413E-09
  4  5  2  0.1089515560743228E-09
  4  5  3  0.2332453472791821E-09
  4  5  4  0.4313323922011530E-09
  4  5  5  0.4989641466648331E-09
  4  6  1  0.8447016257373547E-10
  4  6  2  0.2706975873471225E-10
  4  6  3  0.1232988539880435E-09
  4  6  4  0.2880476354173531E-09
  4  6  5  0.4190043096133014E-09
  4  6  6  0.4556450560155790E-09
  4  7  1  0.1446730857230581E-10
  4  7  2 -0.4643152045336239E-10
  4  7  3 -0.1346207022464616E-10
  4  7  4  0.1275116822487916E-09
  4  7  5  0.3152670027341470E-09
  4  7  6  0.4012703763407562E-09
  4  7  7  0.5381955835365974E-09
  5  1  1  0.5892343312074051E-08
  5  2  1  0.1434297608412939E-08
  5  2  2  0.1283267943855008E-08
  5  3  1  0.3839260847233030E-09
  5  3  2  0.6345001154888559E-10
  5  3  3 -0.1486131681085315E-09
  5  4  1 -0.1252664633277957E-11
  5  4  2 -0.1445956857395259E-09
  5  4  3 -0.4280755273964379E-09
  5  4  4 -0.5462635639746097E-09
  5  5  1 -0.3017610331476743E-10
  5  5  2 -0.1358770288342136E-09
  5  5  3 -0.3318045210360675E-09
  5  5  4 -0.5188229702795500E-09
  5  5  5 -0.5696685173677413E-09
  5  6  1 -0.1428554405200002E-10
  5  6  2 -0.3254716136020367E-10
  5  6  3 -0.1878793358630118E-09
  5  6  4 -0.4101005706820657E-09
  5  6  5 -0.5304071666090024E-09
  5  6  6 -0.7070273911167891E-09
  6  1  1 -0.2801595073798227E-08
  6  2  1 -0.5949186253509163E-09
  6  2  2 -0.4574171762142770E-09
  6  3  1 -0.9390795519310855E-10
  6  3  2  0.2138366344380783E-09
  6  3  3  0.4026587740380252E-09
  6  4  1  0.5326665677740416E-10
  6  4  2  0.2714633483447909E-09
  6  4  3  0.5382029427124443E-09
  6  4  4  0.6496332073362183E-09
  6  5  1  0.3617889488163847E-10
  6  5  2  0.1895838139559254E-09
  6  5  3  0.4090367274340209E-09
  6  5  4  0.5777978507629339E-09
  6  5  5  0.6242104235935268E-09
  6  6  1  0.4722362625557808E-11
  6  6  2  0.8104896070190796E-10
  6  6  3  0.2584774482728225E-09
  6  6  4  0.4801383535875787E-09
  6  6  5  0.5785942196510346E-09
  6  6  6  0.7541683583032402E-09
  7  1  1  0.1290067336315057E-08
  7  2  1  0.1377438648614266E-09
  7  2  2  0.4130478938081597E-11
  7  3  1 -0.8473387147640815E-10
  7  3  2 -0.3649215215197016E-09
  7  3  3 -0.5271615008450648E-09
  7  4  1 -0.1108386188089762E-09
  7  4  2 -0.3372363653759310E-09
  7  4  3 -0.5631030841008092E-09
  7  4  4 -0.6437002379913998E-09
  7  5  1 -0.7167362654070851E-10
  7  5  2 -0.2580157322066478E-09
  7  5  3 -0.5064198019911190E-09
  7  5  4 -0.6487440596279283E-09
  7  5  5 -0.8636322634483439E-09
  8  1  1 -0.5626020387286974E-09
  8  2  1  0.6764572167957433E-10
  8  2  2  0.1946105534818620E-09
  8  3  1  0.1584254048685074E-09
  8  3  2  0.4018962712869242E-09
  8  3  3  0.5404604319685201E-09
  8  4  1  0.1351646921721963E-09
  8  4  2  0.3471247812890617E-09
  8  4  3  0.5376820996191408E-09
  8  4  4  0.6124667301796216E-09
  8  5  1  0.9268500951418198E-10
  8  5  2  0.2714859959115082E-09
  8  5  3  0.4963486051947840E-09
  8  5  4  0.6140048967300767E-09
  8  5  5  0.8151925737566987E-09
  9  1  1  0.2214104639454351E-09
  9  2  1 -0.1363349930500347E-09
  9  2  2 -0.2500810839506637E-09
  9  3  1 -0.1625880776034870E-09
  9  3  2 -0.3575896106349509E-09
  9  3  3 -0.4595968979324059E-09
  9  4  1 -0.1485520494948935E-09
  9  4  2 -0.3604466794567424E-09
  9  4  3 -0.5192537801222253E-09
  9  4  4 -0.7381235168233921E-09
 10  1  1 -0.6614986571777152E-10
 10  2  1  0.1428178088576135E-09
 10  2  2  0.2384036402313191E-09
 10  3  1  0.1442626893765752E-09
 10  3  2  0.2984608167229012E-09
 10  3  3  0.3848440193197164E-09
 10  4  1  0.1267951205815830E-09
 10  4  2  0.3001370877773172E-09
 10  4  3  0.4262060950003895E-09
 10  4  4  0.6121483834342193E-09
 11  1  1 -0.4808310267564270E-12
 11  2  1 -0.1219295712240729E-09
 11  2  2 -0.1917392613155173E-09
 11  3  1 -0.1344462767157297E-09
 11  3  2 -0.2605419506988007E-09
 11  3  3 -0.4192811327767226E-09
 12  1  1  0.2545586983967424E-10
 12  2  1  0.9885180179223970E-10
 12  2  2  0.1545247999841018E-09
 12  3  1  0.1037240894668621E-09
 12  3  2  0.1978170705100530E-09
 12  3  3  0.3209890126277054E-09
 13  1  1 -0.2965512230935207E-10
 13  2  1 -0.8453935999070832E-10
 13  2  2 -0.1641722575949646E-09
 14  1  1  0.2869764898183547E-10
 14  2  1  0.6378669230068975E-10
 14  2  2  0.1236056945799899E-09
 15  1  1 -0.3549379310659005E-10
 16  1  1  0.2775080267140077E-10
  0  1  1 -0.4066733994911761E-08
  0  2  1 -0.1487459009558411E-10
  0  2  2 -0.4312465396085418E-08
  0  3  1  0.6260122537333079E-10
  0  3  2  0.1154297249572366E-09
  0  3  3 -0.5419644182267947E-09
  0  4  1  0.1832033356604276E-10
  0  4  2 -0.8324517643821201E-10
  0  4  3  0.1012864825143284E-10
  0  4  4 -0.1152698359545219E-09
  0  5  1 -0.3796657923445744E-10
  0  5  2  0.1639854326586728E-09
  0  5  3 -0.2048618060606687E-10
  0  5  4  0.1998336842402588E-10
  0  5  5 -0.1064669440812414E-10
  0  6  1 -0.4258548336760813E-10
  0  6  2 -0.2498968185481118E-10
  0  6  3  0.2739962399402383E-10
  0  6  4 -0.1845049839797508E-11
  0  6  5  0.2561316854860922E-10
  0  6  6  0.2061617675257863E-10
  0  7  1 -0.3376437499915308E-10
  0  7  2 -0.1799150928485751E-10
  0  7  3 -0.6228439346184031E-11
  0  7  4  0.5684799024688853E-11
  0  7  5  0.9518185382428378E-11
  0  7  6  0.2540070498239650E-10
  0  7  7  0.2725350308238083E-10
  0  8  1 -0.1858932105947348E-10
  0  8  2 -0.4169068092499529E-10
  0  8  3 -0.1851041170258155E-11
  0  8  4 -0.7517042444920866E-11
  0  8  5  0.5092570439348765E-11
  0  8  6  0.1308647037938500E-10
  0  8  7  0.2282175268021417E-10
  0  8  8  0.2468020934340674E-10
  0  9  1 -0.1253407927181066E-10
  0  9  2 -0.4383280685127573E-10
  0  9  3 -0.1069602354655666E-10
  0  9  4 -0.1028478626471602E-10
  0  9  5 -0.6320044239840586E-11
  0  9  6  0.2717279184552759E-11
  0  9  7  0.1476748600496303E-10
  0  9  8  0.2080966377921454E-10
  0  9  9  0.2893184784012760E-10
  1  1  1 -0.1051627600404275E-07
  1  2  1  0.1214209068207555E-08
  1  2  2 -0.4080595990092707E-10
  1  3  1 -0.7632983769019347E-09
  1  3  2  0.1058030900249650E-09
  1  3  3 -0.5668356075669969E-10
  1  4  1  0.1117711240308131E-09
  1  4  2 -0.3414915312740113E-10
  1  4  3  0.2192884799663106E-10
  1  4  4 -0.4136829868164655E-11
  1  5  1 -0.3782520070886200E-09
  1  5  2  0.2315034041995717E-10
  1  5  3 -0.2452580915493548E-10
  1  5  4  0.8989644610474313E-11
  1  5  5 -0.9598079247577851E-11
  1  6  1 -0.1250307421098896E-09
  1  6  2 -0.6228316776298559E-11
  1  6  3 -0.4063803935961581E-11
  1  6  4  0.3828693532550281E-12
  1  6  5 -0.1709333855770796E-11
  1  6  6 -0.1863893368496638E-11
  1  7  1 -0.1561351152986954E-09
  1  7  2  0.7260759603251166E-11
  1  7  3 -0.1115533251665693E-10
  1  7  4  0.3027254046808530E-11
  1  7  5 -0.4345965209515158E-11
  1  7  6 -0.1280264403437853E-11
  1  7  7 -0.2240656495833672E-11
  1  8  1 -0.9592311471299420E-10
  1  8  2  0.1809061767976877E-11
  1  8  3 -0.6417953241558439E-11
  1  8  4  0.9274769704921052E-12
  1  8  5 -0.2366006786967133E-11
  1  8  6 -0.1305932233910974E-11
  1  8  7 -0.1477683967972838E-11
  1  8  8 -0.1392738564505077E-11
  2  1  1 -0.7636101806718702E-08
  2  2  1 -0.2470195783404676E-09
  2  2  2 -0.7756397443675136E-10
  2  3  1 -0.2264534943721408E-09
  2  3  2 -0.1145928494927701E-10
  2  3  3 -0.1445892563195611E-10
  2  4  1  0.3862378264801587E-09
  2  4  2 -0.1322137317417500E-11
  2  4  3  0.1073461803327175E-10
  2  4  4 -0.1868162119452280E-10
  2  5  1  0.1038333817512213E-09
  2  5  2  0.8652093953158584E-11
  2  5  3  0.5564635546291691E-12
  2  5  4 -0.2314361201283686E-11
  2  5  5 -0.6172874040409492E-12
  2  6  1  0.1076001647689255E-09
  2  6  2  0.4059140190024415E-11
  2  6  3  0.3067567680820297E-11
  2  6  4 -0.4116994371797631E-11
  2  6  5  0.2809693857589407E-12
  2  6  6  0.1045221341453803E-12
  2  7  1  0.6618620877159573E-11
  2  7  2  0.4651397446754348E-11
  2  7  3 -0.3316268512774699E-12
  2  7  4  0.6042417799568300E-12
  2  7  5  0.2804315115666942E-12
  2  7  6  0.9534610122650759E-12
  2  7  7  0.6354285414285220E-12
  2  8  1 -0.1393084048463387E-10
  2  8  2  0.1983294990045734E-11
  2  8  3 -0.4560265755542053E-12
  2  8  4  0.6379565752840873E-12
  2  8  5  0.3587979855964200E-12
  2  8  6  0.8241812311947385E-12
  2  8  7  0.6580187872079769E-12
  2  8  8  0.7698747387775632E-12
  3  1  1  0.8012625601051897E-09
  3  2  1  0.1911731704130295E-09
  3  2  2  0.5975617448720140E-10
  3  3  1  0.6844364382835278E-10
  3  3  2  0.1979168184109105E-10
  3  3  3  0.5824446674530187E-11
  3  4  1 -0.1543675818361709E-10
  3  4  2  0.8199819075962962E-12
  3  4  3 -0.1624309032488987E-11
  3  4  4 -0.1383971176835498E-11
  3  5  1 -0.2275069829745391E-10
  3  5  2 -0.3727513315944192E-11
  3  5  3 -0.1901999503109820E-11
  3  5  4 -0.1597951562379814E-11
  3  5  5 -0.1771874119792891E-11
  3  6  1 -0.2093079528469449E-10
  3  6  2 -0.4235020778815243E-11
  3  6  3 -0.1648124004899612E-11
  3  6  4 -0.8984753189077130E-12
  3  6  5 -0.1322072126318127E-11
  3  6  6 -0.1173721517682813E-11
  3  7  1 -0.1550197767020938E-10
  3  7  2 -0.3376850094144750E-11
  3  7  3 -0.6321825980871284E-12
  3  7  4 -0.3291385708153898E-12
  3  7  5 -0.9701989827648824E-12
  3  7  6 -0.1094209672326335E-11
  3  7  7 -0.1357393567388388E-11
  4  1  1 -0.1761045103560939E-09
  4  2  1 -0.7190841516309761E-10
  4  2  2 -0.2953825879301544E-10
  4  3  1 -0.3229585172070633E-10
  4  3  2 -0.1142850839803642E-10
  4  3  3 -0.2002244808617819E-11
  4  4  1 -0.7573471763324224E-11
  4  4  2 -0.2403099533706525E-11
  4  4  3  0.1941864122709867E-11
  4  4  4  0.3519126922827353E-11
  4  5  1  0.1587117450636065E-11
  4  5  2  0.6687795414376819E-12
  4  5  3  0.2349475867431225E-11
  4  5  4  0.3291186120023372E-11
  4  5  5  0.3272968310841665E-11
  4  6  1  0.4136479211246258E-11
  4  6  2  0.1531214554636337E-11
  4  6  3  0.1727230219739264E-11
  4  6  4  0.2247605588559222E-11
  4  6  5  0.2420882340979960E-11
  4  6  6  0.2008016579832582E-11
  4  7  1  0.5434134564248058E-11
  4  7  2  0.1504768182609022E-11
  4  7  3  0.9852747298835685E-12
  4  7  4  0.1398903953195345E-11
  4  7  5  0.1873733050776687E-11
  4  7  6  0.1715888587554082E-11
  4  7  7  0.1829182552430188E-11
  5  1  1  0.4328684676180012E-10
  5  2  1  0.2231913670840858E-10
  5  2  2  0.9289550959240131E-11
  5  3  1  0.1152120600260245E-10
  5  3  2  0.2734791364074956E-11
  5  3  3 -0.1873297253047436E-11
  5  4  1  0.4458771170143731E-11
  5  4  2 -0.2576681438314466E-12
  5  4  3 -0.3423521661827058E-11
  5  4  4 -0.4439431954032538E-11
  5  5  1  0.1216784389849256E-11
  5  5  2 -0.9601042262915413E-12
  5  5  3 -0.2893142128790435E-11
  5  5  4 -0.3675576907475632E-11
  5  5  5 -0.3241351359840475E-11
  5  6  1 -0.8777827745477213E-12
  5  6  2 -0.1340363369863428E-11
  5  6  3 -0.2574204619591821E-11
  5  6  4 -0.3303363999585003E-11
  5  6  5 -0.2974222243268238E-11
  5  6  6 -0.3069158714367491E-11
  6  1  1 -0.9977757771015309E-11
  6  2  1 -0.5193820536989850E-11
  6  2  2 -0.7030458719828817E-12
  6  3  1 -0.2465141290078589E-11
  6  3  2  0.1551794929995213E-11
  6  3  3  0.3703370466770312E-11
  6  4  1 -0.8182261344324621E-12
  6  4  2  0.2218880084160381E-11
  6  4  3  0.4136791304681062E-11
  6  4  4  0.4627006289738340E-11
  6  5  1 -0.1560468879613211E-12
  6  5  2  0.1774061638695648E-11
  6  5  3  0.3249505788942077E-11
  6  5  4  0.3761623970772863E-11
  6  5  5  0.3271597658659274E-11
  6  6  1  0.3964775404136668E-12
  6  6  2  0.1723449619998327E-11
  6  6  3  0.2960403892697746E-11
  6  6  4  0.3552374783440727E-11
  6  6  5  0.3112318968594048E-11
  6  6  6  0.3260508788626632E-11
  7  1  1  0.1815860911705792E-11
  7  2  1  0.4345906360458334E-12
  7  2  2 -0.1407142721616700E-11
  7  3  1 -0.3165309681213209E-12
  7  3  2 -0.2296974755400272E-11
  7  3  3 -0.3338836605299400E-11
  7  4  1 -0.4607671851347365E-12
  7  4  2 -0.2098226940405001E-11
  7  4  3 -0.3075365730482717E-11
  7  4  4 -0.3004122923321172E-11
  7  5  1 -0.7607287984755128E-12
  7  5  2 -0.2309928559326654E-11
  7  5  3 -0.3320684365020986E-11
  7  5  4 -0.3185744208611199E-11
  7  5  5 -0.3593323263376387E-11
  8  1  1 -0.9226504293375439E-13
  8  2  1  0.4370409670794843E-12
  8  2  2  0.1312814144189061E-11
  8  3  1  0.7033656374473193E-12
  8  3  2  0.1748552722164852E-11
  8  3  3  0.2330321808301086E-11
  8  4  1  0.6349785573966730E-12
  8  4  2  0.1577055317926771E-11
  8  4  3  0.2156749335626300E-11
  8  4  4  0.2113670736994504E-11
  8  5  1  0.7729502723706889E-12
  8  5  2  0.1761671041410862E-11
  8  5  3  0.2416562810780422E-11
  8  5  4  0.2319766970860743E-11
  8  5  5  0.2707015009733898E-11
  9  1  1 -0.1113168865324767E-12
  9  2  1 -0.3237255545441654E-12
  9  2  2 -0.6988127211137739E-12
  9  3  1 -0.3673993966820527E-12
  9  3  2 -0.7833689345835635E-12
  9  3  3 -0.9303449456245008E-12
  9  4  1 -0.4941105838469543E-12
  9  4  2 -0.1013586211431902E-11
  9  4  3 -0.1166459283754498E-11
  9  4  4 -0.1531478717236761E-11
 10  1  1  0.8679780702947865E-13
 10  2  1  0.1808923485986710E-12
 10  2  2  0.3543429505167257E-12
 10  3  1  0.2014444555096063E-12
 10  3  2  0.3997585341505097E-12
 10  3  3  0.4768340792485742E-12
 10  4  1  0.2699571557803966E-12
 10  4  2  0.5296745448819626E-12
 10  4  3  0.6131763224290687E-12
 10  4  4  0.8291492762253454E-12
 11  1  1 -0.3467000626817521E-13
 11  2  1 -0.5691883138332293E-13
 11  2  2 -0.9673502535196649E-13
 11  3  1 -0.9014569436112432E-13
 11  3  2 -0.1473816476945913E-12
 11  3  3 -0.2327880546584538E-12
 12  1  1  0.1596857033378578E-13
 12  2  1  0.2523569039172242E-13
 12  2  2  0.4190113299150211E-13
 12  3  1  0.3992535242579271E-13
 12  3  2  0.6422244967151610E-13
 12  3  3  0.1023034345413271E-12
 13  1  1 -0.3260966994575600E-14
 13  2  1 -0.6643277146314027E-14
 13  2  2 -0.1387798118038469E-13
 14  1  1  0.1351353967958539E-14
 14  2  1  0.2647643291460127E-14
 14  2  2  0.5377518681016507E-14
 15  1  1 -0.1037855333795475E-15
 16  1  1 -0.3119925024602048E-17
  0  1  1 -0.1283031820354227E-07
  0  2  1 -0.4242000225344411E-10
  0  2  2 -0.1357346263159001E-07
  0  3  1  0.1812388570745645E-09
  0  3  2  0.5570162401802922E-10
  0  3  3 -0.1585189572989376E-08
  0  4  1  0.5624516394551100E-10
  0  4  2 -0.2005639374325250E-09
  0  4  3 -0.3914492802983649E-10
  0  4  4 -0.3151625368302479E-09
  0  5  1 -0.1187018080435440E-09
  0  5  2  0.4779952452391346E-09
  0  5  3 -0.3819924088850788E-10
  0  5  4  0.3830497372121874E-10
  0  5  5 -0.1459336641825390E-10
  0  6  1 -0.1285935604924864E-09
  0  6  2 -0.4631458299767562E-10
  0  6  3  0.7106139274226180E-10
  0  6  4  0.5142072414379790E-11
  0  6  5  0.7174693668918075E-10
  0  6  6  0.7198674444897123E-10
  0  7  1 -0.1011328996591615E-09
  0  7  2 -0.6399191886488120E-10
  0  7  3 -0.1402662327573232E-10
  0  7  4  0.1300452701851575E-10
  0  7  5  0.3457920130653429E-10
  0  7  6  0.7759758646047753E-10
  0  7  7  0.8787547206456218E-10
  0  8  1 -0.5474008741998943E-10
  0  8  2 -0.1234024867000161E-09
  0  8  3 -0.1171252581142497E-10
  0  8  4 -0.2035643923206347E-10
  0  8  5  0.1435572732000720E-10
  0  8  6  0.4361250679277815E-10
  0  8  7  0.7139533189364109E-10
  0  8  8  0.7811069864947857E-10
  0  9  1 -0.3500752696046781E-10
  0  9  2 -0.1377400371804864E-09
  0  9  3 -0.3520590584065044E-10
  0  9  4 -0.3392602477536571E-10
  0  9  5 -0.1907807708003774E-10
  0  9  6  0.9341103275237945E-11
  0  9  7  0.4755448381966784E-10
  0  9  8  0.6581832953788326E-10
  0  9  9  0.9050212008834142E-10
  1  1  1  0.1200398410644840E-06
  1  2  1 -0.4654508784821460E-08
  1  2  2  0.1209059386220150E-07
  1  3  1  0.1808040769757541E-08
  1  3  2  0.3481415549465049E-09
  1  3  3  0.2379934123597420E-08
  1  4  1 -0.2603042939682882E-08
  1  4  2  0.2292441049082538E-09
  1  4  3  0.5433860948364412E-10
  1  4  4  0.3692193720042958E-09
  1  5  1  0.1142008982820861E-08
  1  5  2 -0.5724270993090498E-09
  1  5  3  0.9480694007381770E-10
  1  5  4 -0.1684291410724166E-09
  1  5  5 -0.1064031545647929E-09
  1  6  1  0.7388260382391884E-09
  1  6  2 -0.6757749873521296E-10
  1  6  3 -0.7067676629722489E-10
  1  6  4 -0.8331997713609009E-10
  1  6  5 -0.2141744085586545E-09
  1  6  6 -0.2498189876026007E-09
  1  7  1  0.9828383465216337E-09
  1  7  2 -0.5024740511654483E-10
  1  7  3  0.6353584587687872E-10
  1  7  4 -0.5494714703184197E-10
  1  7  5 -0.1131862607602659E-09
  1  7  6 -0.2205858401162566E-09
  1  7  7 -0.2418238643621829E-09
  1  8  1  0.8308240056235761E-09
  1  8  2  0.1150887291908540E-09
  1  8  3  0.9745866758486988E-10
  1  8  4  0.5665544811744728E-10
  1  8  5 -0.2032806044090086E-10
  1  8  6 -0.1433692274287435E-09
  1  8  7 -0.2113837341012722E-09
  1  8  8 -0.2943593882109096E-09
  2  1  1 -0.1489668117491676E-06
  2  2  1 -0.5026342755438688E-08
  2  2  2 -0.8883259920524754E-08
  2  3  1 -0.1850518743210113E-08
  2  3  2 -0.8564571238413620E-09
  2  3  3 -0.1687348744704221E-08
  2  4  1  0.5548596967213238E-08
  2  4  2 -0.6344706039799040E-10
  2  4  3  0.7459237793658942E-10
  2  4  4 -0.2323721874543697E-09
  2  5  1  0.1233389528079002E-08
  2  5  2  0.3764183431440543E-09
  2  5  3  0.7105107830848834E-10
  2  5  4  0.2689434012876247E-09
  2  5  5  0.3473384691786738E-09
  2  6  1  0.6876162951003929E-09
  2  6  2  0.4970653099402157E-10
  2  6  3  0.9397004577469116E-10
  2  6  4  0.1554893998253923E-09
  2  6  5  0.3753565071198719E-09
  2  6  6  0.4372564241018149E-09
  2  7  1 -0.3813007315586600E-09
  2  7  2 -0.1402325098608990E-10
  2  7  3 -0.5396188126047922E-10
  2  7  4  0.8249407917878542E-10
  2  7  5  0.2344508848938312E-09
  2  7  6  0.3632199298206223E-09
  2  7  7  0.3968452137200890E-09
  2  8  1 -0.7351423363440756E-09
  2  8  2 -0.1331367394437113E-09
  2  8  3 -0.1308136330521992E-09
  2  8  4 -0.5623311302266284E-10
  2  8  5  0.7595048296290114E-10
  2  8  6  0.2579787083950781E-09
  2  8  7  0.3404745930322526E-09
  2  8  8  0.4614477038699413E-09
  3  1  1  0.4194859177541426E-07
  3  2  1  0.6716507088058940E-08
  3  2  2  0.6203519269234295E-08
  3  3  1  0.1219278660917482E-08
  3  3  2  0.1049701034252279E-08
  3  3  3  0.9090183665461878E-09
  3  4  1 -0.9808674780230376E-09
  3  4  2  0.7084417956648820E-11
  3  4  3 -0.1863100629650497E-09
  3  4  4 -0.2929182643844539E-09
  3  5  1 -0.6110647932848812E-09
  3  5  2 -0.2355870946291735E-09
  3  5  3 -0.2234983828804938E-09
  3  5  4 -0.4783805952618174E-09
  3  5  5 -0.5885323011926675E-09
  3  6  1 -0.3464825025733790E-09
  3  6  2 -0.7028652478269233E-10
  3  6  3 -0.1301635257173120E-09
  3  6  4 -0.3197292963828184E-09
  3  6  5 -0.5234110934369270E-09
  3  6  6 -0.5822086506521314E-09
  3  7  1 -0.1950437383120780E-11
  3  7  2  0.6586896908917999E-10
  3  7  3  0.6583512085425963E-10
  3  7  4 -0.1160600008193604E-09
  3  7  5 -0.3780956708691590E-09
  3  7  6 -0.5209493300058697E-09
  3  7  7 -0.7091677252434591E-09
  4  1  1 -0.1862910413837752E-07
  4  2  1 -0.4485891095566774E-08
  4  2  2 -0.3812733812990887E-08
  4  3  1 -0.1116541659350377E-08
  4  3  2 -0.7028364280599235E-09
  4  3  3 -0.2749777786744743E-09
  4  4  1  0.1107281314439357E-09
  4  4  2  0.4301682276258831E-10
  4  4  3  0.4174947844957299E-09
  4  4  4  0.6208630375369743E-09
  4  5  1  0.1890575443510606E-09
  4  5  2  0.1659687560445096E-09
  4  5  3  0.3781083964043962E-09
  4  5  4  0.6746036544674687E-09
  4  5  5  0.7930467180201662E-09
  4  6  1  0.1270841394215236E-09
  4  6  2  0.4956676422438708E-10
  4  6  3  0.2004501616999638E-09
  4  6  4  0.4633093816674772E-09
  4  6  5  0.6619329857598633E-09
  4  6  6  0.7175376395814157E-09
  4  7  1  0.1993461912026626E-10
  4  7  2 -0.7315876035688903E-10
  4  7  3 -0.1152204859916234E-10
  4  7  4  0.2134693126020935E-09
  4  7  5  0.5052788842088742E-09
  4  7  6  0.6360767127322754E-09
  4  7  7  0.8425324755414774E-09
  5  1  1  0.8753590474481465E-08
  5  2  1  0.2367294072244004E-08
  5  2  2  0.1896540312840069E-08
  5  3  1  0.6226150648177603E-09
  5  3  2  0.1504457966324694E-09
  5  3  3 -0.2710282013318400E-09
  5  4  1  0.1619890915915887E-10
  5  4  2 -0.2289549527163877E-09
  5  4  3 -0.6578067156635221E-09
  5  4  4 -0.8712363481777003E-09
  5  5  1 -0.4765616736408403E-10
  5  5  2 -0.2155469752849770E-09
  5  5  3 -0.5306172470118375E-09
  5  5  4 -0.8143372376031728E-09
  5  5  5 -0.8975453709489886E-09
  5  6  1 -0.1988082532753498E-10
  5  6  2 -0.6070966109260076E-10
  5  6  3 -0.3089942870498691E-09
  5  6  4 -0.6558981780072610E-09
  5  6  5 -0.8381350538366617E-09
  5  6  6 -0.1105939871720546E-08
  6  1  1 -0.4055099689141752E-08
  6  2  1 -0.9789488731250755E-09
  6  2  2 -0.6333236673519071E-09
  6  3  1 -0.1515891924261874E-09
  6  3  2  0.3086653153272843E-09
  6  3  3  0.6535474169932089E-09
  6  4  1  0.7997312855441623E-10
  6  4  2  0.4303458885765429E-09
  6  4  3  0.8357323174832043E-09
  6  4  4  0.1024091853211985E-08
  6  5  1  0.6099139299389937E-10
  6  5  2  0.3046167240680758E-09
  6  5  3  0.6499015000488798E-09
  6  5  4  0.9070113099229220E-09
  6  5  5  0.9782337151051987E-09
  6  6  1  0.9582691985707594E-11
  6  6  2  0.1389074655407048E-09
  6  6  3  0.4212657471286622E-09
  6  6  4  0.7636432963815257E-09
  6  6  5  0.9124090688572637E-09
  6  6  6  0.1177043809963192E-08
  7  1  1  0.1806189208625049E-08
  7  2  1  0.2381910935987574E-09
  7  2  2 -0.4460913611382083E-10
  7  3  1 -0.1327215203705121E-09
  7  3  2 -0.5536282139968501E-09
  7  3  3 -0.8333796346958289E-09
  7  4  1 -0.1754152068603296E-09
  7  4  2 -0.5310188501743640E-09
  7  4  3 -0.8737114338280375E-09
  7  4  4 -0.1004901480500307E-08
  7  5  1 -0.1193260048784045E-09
  7  5  2 -0.4148597192451967E-09
  7  5  3 -0.7998472896177441E-09
  7  5  4 -0.1015269967910258E-08
  7  5  5 -0.1341452136095740E-08
  8  1  1 -0.7520862719176193E-09
  8  2  1  0.8910279935945620E-10
  8  2  2  0.3287212917545928E-09
  8  3  1  0.2466068941225620E-09
  8  3  2  0.6119067390870421E-09
  8  3  3  0.8411938583886872E-09
  8  4  1  0.2139541848768382E-09
  8  4  2  0.5425147611660291E-09
  8  4  3  0.8309248343145378E-09
  8  4  4  0.9482396249580815E-09
  8  5  1  0.1515306386849390E-09
  8  5  2  0.4333158605184440E-09
  8  5  3  0.7785061690211055E-09
  8  5  4  0.9561945783929323E-09
  8  5  5  0.1259876242005165E-08
  9  1  1  0.2743261292879846E-09
  9  2  1 -0.1965717600836558E-09
  9  2  2 -0.3956654247471324E-09
  9  3  1 -0.2499360691756179E-09
  9  3  2 -0.5405579789517570E-09
  9  3  3 -0.7049337133995904E-09
  9  4  1 -0.2339492531519681E-09
  9  4  2 -0.5583957081425480E-09
  9  4  3 -0.7970606754486052E-09
  9  4  4 -0.1128553131299864E-08
 10  1  1 -0.6664226684520113E-10
 10  2  1  0.2061173039275559E-09
 10  2  2  0.3650587383871820E-09
 10  3  1  0.2189716882665826E-09
 10  3  2  0.4468713163338108E-09
 10  3  3  0.5821646331800232E-09
 10  4  1  0.1978715361669846E-09
 10  4  2  0.4603446135769627E-09
 10  4  3  0.6485969711711157E-09
 10  4  4  0.9277472872134478E-09
 11  1  1 -0.1642015057146102E-10
 11  2  1 -0.1737215695947234E-09
 11  2  2 -0.2858620931270834E-09
 11  3  1 -0.2015332677586972E-09
 11  3  2 -0.3858853545994174E-09
 11  3  3 -0.6231305233182593E-09
 12  1  1  0.4347551507993710E-10
 12  2  1  0.1387469760760035E-09
 12  2  2  0.2248592780934306E-09
 12  3  1  0.1532005426249999E-09
 12  3  2  0.2889565329863109E-09
 12  3  3  0.4704135557180206E-09
 13  1  1 -0.4388795581377292E-10
 13  2  1 -0.1170794290347032E-09
 13  2  2 -0.2327045807482511E-09
 14  1  1  0.3931883623627139E-10
 14  2  1  0.8665239527263744E-10
 14  2  2  0.1714877744478450E-09
 15  1  1 -0.4599572558288513E-10
 16  1  1  0.3440525260042097E-10
  0  1  1 -0.6415159101771133E-08
  0  2  1 -0.2121000112672205E-10
  0  2  2 -0.6786731315795007E-08
  0  3  1  0.9061942853728225E-10
  0  3  2  0.2785081200901461E-10
  0  3  3 -0.7925947864946882E-09
  0  4  1  0.2812258197275550E-10
  0  4  2 -0.1002819687162625E-09
  0  4  3 -0.1957246401491825E-10
  0  4  4 -0.1575812684151240E-09
  0  5  1 -0.5935090402177200E-10
  0  5  2  0.2389976226195673E-09
  0  5  3 -0.1909962044425394E-10
  0  5  4  0.1915248686060937E-10
  0  5  5 -0.7296683209126949E-11
  0  6  1 -0.6429678024624322E-10
  0  6  2 -0.2315729149883781E-10
  0  6  3  0.3553069637113090E-10
  0  6  4  0.2571036207189895E-11
  0  6  5  0.3587346834459038E-10
  0  6  6  0.3599337222448562E-10
  0  7  1 -0.5056644982958075E-10
  0  7  2 -0.3199595943244060E-10
  0  7  3 -0.7013311637866161E-11
  0  7  4  0.6502263509257877E-11
  0  7  5  0.1728960065326714E-10
  0  7  6  0.3879879323023876E-10
  0  7  7  0.4393773603228109E-10
  0  8  1 -0.2737004370999471E-10
  0  8  2 -0.6170124335000806E-10
  0  8  3 -0.5856262905712485E-11
  0  8  4 -0.1017821961603174E-10
  0  8  5  0.7177863660003600E-11
  0  8  6  0.2180625339638907E-10
  0  8  7  0.3569766594682055E-10
  0  8  8  0.3905534932473928E-10
  0  9  1 -0.1750376348023390E-10
  0  9  2 -0.6887001859024322E-10
  0  9  3 -0.1760295292032522E-10
  0  9  4 -0.1696301238768285E-10
  0  9  5 -0.9539038540018871E-11
  0  9  6  0.4670551637618973E-11
  0  9  7  0.2377724190983392E-10
  0  9  8  0.3290916476894163E-10
  0  9  9  0.4525106004417071E-10
  1  1  1 -0.1744965062465986E-07
  1  2  1  0.1720621831265195E-08
  1  2  2 -0.1490336691671241E-10
  1  3  1 -0.1135717157301561E-08
  1  3  2  0.1425252849851100E-09
  1  3  3 -0.7352055179708424E-10
  1  4  1  0.9750477215522806E-10
  1  4  2 -0.3886068869173141E-10
  1  4  3  0.2462770592480793E-10
  1  4  4 -0.2169049306747814E-11
  1  5  1 -0.5816972917003458E-09
  1  5  2  0.2530620801243597E-10
  1  5  3 -0.3316121161130267E-10
  1  5  4  0.1007574422690299E-10
  1  5  5 -0.1297152628053613E-10
  1  6  1 -0.2402812665261087E-09
  1  6  2 -0.7713671234029740E-11
  1  6  3 -0.9428525176512535E-11
  1  6  4  0.1213981320968434E-11
  1  6  5 -0.3981929745170384E-11
  1  6  6 -0.3207001792741033E-11
  1  7  1 -0.2475259687186578E-09
  1  7  2  0.6814393519176135E-11
  1  7  3 -0.1571633084273322E-10
  1  7  4  0.3208629632630998E-11
  1  7  5 -0.6127649423078362E-11
  1  7  6 -0.2607146118745027E-11
  1  7  7 -0.3326392026109601E-11
  1  8  1 -0.1670749146833187E-09
  1  8  2  0.1674711951889808E-11
  1  8  3 -0.1045777864337172E-10
  1  8  4  0.1179643757144964E-11
  1  8  5 -0.3913518916780545E-11
  1  8  6 -0.2345974831228770E-11
  1  8  7 -0.2476747203804449E-11
  1  8  8 -0.2353034334978876E-11
  2  1  1 -0.1259018254660238E-07
  2  2  1 -0.5905111080373686E-09
  2  2  2 -0.1326601032264937E-09
  2  3  1 -0.3445923660675860E-09
  2  3  2 -0.2628937672439328E-10
  2  3  3 -0.2084260404168904E-10
  2  4  1  0.5882630754342849E-09
  2  4  2  0.7547540229595835E-11
  2  4  3  0.1389661694940053E-10
  2  4  4 -0.2595370728478690E-10
  2  5  1  0.1877639812273425E-09
  2  5  2  0.1514084355748238E-10
  2  5  3  0.1907268932884472E-11
  2  5  4 -0.4668305005148240E-11
  2  5  5 -0.1001083396931069E-11
  2  6  1  0.1654821604135711E-09
  2  6  2  0.9224691367992361E-11
  2  6  3  0.4096137324608414E-11
  2  6  4 -0.5513212808694079E-11
  2  6  5  0.1998124714114736E-12
  2  6  6  0.4675091013678233E-12
  2  7  1  0.1760484476413970E-10
  2  7  2  0.7122335622343213E-11
  2  7  3 -0.3923419321226550E-13
  2  7  4  0.5413121232328944E-12
  2  7  5  0.5662396223853865E-12
  2  7  6  0.1425683090986453E-11
  2  7  7  0.1092966166180616E-11
  2  8  1 -0.2294268612031820E-10
  2  8  2  0.2881504154154135E-11
  2  8  3 -0.7385650923931848E-12
  2  8  4  0.1051786239667336E-11
  2  8  5  0.6409191859133302E-12
  2  8  6  0.1353002460445326E-11
  2  8  7  0.1079284714159454E-11
  2  8  8  0.1245028312116514E-11
  3  1  1  0.1266389984098406E-08
  3  2  1  0.3204096974938604E-09
  3  2  2  0.1018357736664319E-09
  3  3  1  0.1116291547681412E-09
  3  3  2  0.3382786966952688E-10
  3  3  3  0.9795219633421582E-11
  3  4  1 -0.1994737513322808E-10
  3  4  2  0.1567196081815968E-11
  3  4  3 -0.2247651116152145E-11
  3  4  4 -0.2439155548563720E-11
  3  5  1 -0.3546365017152068E-10
  3  5  2 -0.6161474895707019E-11
  3  5  3 -0.3162441708510445E-11
  3  5  4 -0.2658854500622898E-11
  3  5  5 -0.2903148497819385E-11
  3  6  1 -0.3251872486597806E-10
  3  6  2 -0.7024627945467438E-11
  3  6  3 -0.2695064840237217E-11
  3  6  4 -0.1596665369071551E-11
  3  6  5 -0.2167245778663022E-11
  3  6  6 -0.1928906327769369E-11
  3  7  1 -0.2482434263565964E-10
  3  7  2 -0.5598243478329174E-11
  3  7  3 -0.1146146580069963E-11
  3  7  4 -0.6342128538644253E-12
  3  7  5 -0.1603091437115716E-11
  3  7  6 -0.1779273452969868E-11
  3  7  7 -0.2175784437271774E-11
  4  1  1 -0.2724339613215784E-09
  4  2  1 -0.1153088302456277E-09
  4  2  2 -0.4865281592042104E-10
  4  3  1 -0.5174027697967976E-10
  4  3  2 -0.1895765543906061E-10
  4  3  3 -0.3519662445521406E-11
  4  4  1 -0.1304677400652205E-10
  4  4  2 -0.4141547710924889E-11
  4  4  3  0.2960568196179183E-11
  4  4  4  0.5626089345701487E-11
  4  5  1  0.1907937437987586E-11
  4  5  2  0.1022749766118030E-11
  4  5  3  0.3792653090240546E-11
  4  5  4  0.5327187517189910E-11
  4  5  5  0.5293827878852269E-11
  4  6  1  0.6157751181497773E-11
  4  6  2  0.2449394936533139E-11
  4  6  3  0.2832346954323096E-11
  4  6  4  0.3678437659666825E-11
  4  6  5  0.3931516356088440E-11
  4  6  6  0.3252044739429323E-11
  4  7  1  0.8330225493459925E-11
  4  7  2  0.2455602043857198E-11
  4  7  3  0.1686032123628092E-11
  4  7  4  0.2348009788292362E-11
  4  7  5  0.3059955251873135E-11
  4  7  6  0.2785217887540296E-11
  4  7  7  0.2939770651285577E-11
  5  1  1  0.6559056970878735E-10
  5  2  1  0.3478592602295264E-10
  5  2  2  0.1490841700769381E-10
  5  3  1  0.1798653689037639E-10
  5  3  2  0.4453190874000249E-11
  5  3  3 -0.2896837466140783E-11
  5  4  1  0.7118916652328831E-11
  5  4  2 -0.3792020496702320E-12
  5  4  3 -0.5422465337150669E-11
  5  4  4 -0.7069157324086479E-11
  5  5  1  0.2011774466352045E-11
  5  5  2 -0.1544586602990349E-11
  5  5  3 -0.4641930220858842E-11
  5  5  4 -0.5887632310442740E-11
  5  5  5 -0.5193416064127564E-11
  5  6  1 -0.1225604072067062E-11
  5  6  2 -0.2193372273477095E-11
  5  6  3 -0.4183036085444705E-11
  5  6  4 -0.5323138636017954E-11
  5  6  5 -0.4783197295031523E-11
  5  6  6 -0.4911853378257654E-11
  6  1  1 -0.1470005861858138E-10
  6  2  1 -0.7794919210406778E-11
  6  2  2 -0.1037637050448473E-11
  6  3  1 -0.3650178686640353E-11
  6  3  2  0.2488899130069806E-11
  6  3  3  0.5859317238338386E-11
  6  4  1 -0.1173563158077399E-11
  6  4  2  0.3558212458722304E-11
  6  4  3  0.6565687220826455E-11
  6  4  4  0.7341714646203994E-11
  6  5  1 -0.1886964465510564E-12
  6  5  2  0.2866678933570931E-11
  6  5  3  0.5189435583347153E-11
  6  5  4  0.5992610299591397E-11
  6  5  5  0.5212041762206732E-11
  6  6  1  0.6456833979000151E-12
  6  6  2  0.2807732222142506E-11
  6  6  3  0.4763658325662308E-11
  6  6  4  0.5676515986742214E-11
  6  6  5  0.4973272118193869E-11
  6  6  6  0.5190120404329619E-11
  7  1  1  0.2521592865761225E-11
  7  2  1  0.5200984320681863E-12
  7  2  2 -0.2248778305857256E-11
  7  3  1 -0.6071853154934159E-12
  7  3  2 -0.3622060578944013E-11
  7  3  3 -0.5228198745121130E-11
  7  4  1 -0.7979588386268374E-12
  7  4  2 -0.3320196466730854E-11
  7  4  3 -0.4831175175303168E-11
  7  4  4 -0.4717807746861377E-11
  7  5  1 -0.1255990501338942E-11
  7  5  2 -0.3665995760951862E-11
  7  5  3 -0.5225405648438543E-11
  7  5  4 -0.5016257233679423E-11
  7  5  5 -0.5641921396185778E-11
  8  1  1 -0.5108361466965444E-13
  8  2  1  0.7304913075745856E-12
  8  2  2  0.2052164153133868E-11
  8  3  1  0.1133023676583212E-11
  8  3  2  0.2722560322103826E-11
  8  3  3  0.3614113309890249E-11
  8  4  1  0.1021911142526483E-11
  8  4  2  0.2465877307038112E-11
  8  4  3  0.3356530677861131E-11
  8  4  4  0.3290257270748027E-11
  8  5  1  0.1237031395529265E-11
  8  5  2  0.2761965144586671E-11
  8  5  3  0.3765326772659302E-11
  8  5  4  0.3620329611617784E-11
  8  5  5  0.4214901065249764E-11
  9  1  1 -0.1926489503981594E-12
  9  2  1 -0.5064710176494329E-12
  9  2  2 -0.1065435447798313E-11
  9  3  1 -0.5724042604911876E-12
  9  3  2 -0.1196408961390295E-11
  9  3  3 -0.1418566630353022E-11
  9  4  1 -0.7676966173375820E-12
  9  4  2 -0.1548885167961691E-11
  9  4  3 -0.1782805391581699E-11
  9  4  4 -0.2336431994321399E-11
 10  1  1  0.1358902559914134E-12
 10  2  1  0.2747055543751582E-12
 10  2  2  0.5311361116852336E-12
 10  3  1  0.3064304474794709E-12
 10  3  2  0.6011649786785981E-12
 10  3  3  0.7170457483384634E-12
 10  4  1  0.4112761785405544E-12
 10  4  2  0.7980215775959264E-12
 10  4  3  0.9251789802456774E-12
 10  4  4  0.1250218033047886E-11
 11  1  1 -0.5142588217771700E-13
 11  2  1 -0.8341078773728320E-13
 11  2  2 -0.1406931625757496E-12
 11  3  1 -0.1322554305537876E-12
 11  3  2 -0.2151993955199156E-12
 11  3  3 -0.3400758492853488E-12
 12  1  1  0.2285873220111121E-13
 12  2  1  0.3599198154331566E-13
 12  2  2  0.5956447423397126E-13
 12  3  1  0.5722027952367178E-13
 12  3  2  0.9187137659423344E-13
 12  3  3  0.1467552656580900E-12
 13  1  1 -0.4390882054558873E-14
 13  2  1 -0.8955898373633947E-14
 13  2  2 -0.1874548526848597E-13
 14  1  1  0.1734682266193310E-14
 14  2  1  0.3420903042190631E-14
 14  2  2  0.6988203794116290E-14
 15  1  1 -0.7403395568672350E-16
 16  1  1 -0.4193063457908027E-16
