#        q              total               1              \delta U         \delta U^2    

     0.001185        6.742459e+07      6.742779e+07     -3.248306e+03      3.990357e+01   
     0.006239        2.103090e+07      2.103267e+07     -1.802267e+03      2.536386e+01   
     0.015318        9.547614e+06      9.548804e+06     -1.211467e+03      2.168659e+01   
     0.028399        6.498088e+06      6.499064e+06     -9.972205e+02      2.057367e+01   
     0.045447        3.624247e+06      3.624970e+06     -7.425149e+02      2.007866e+01   
     0.066417        2.090832e+06      2.091374e+06     -5.614386e+02      1.976022e+01   
     0.091251        1.405865e+06      1.406303e+06     -4.572261e+02      1.944337e+01   
     0.119882        1.025036e+06      1.025403e+06     -3.864355e+02      1.903577e+01   
     0.152235        7.343525e+05      7.346564e+05     -3.223047e+02      1.848443e+01   
     0.188220        5.158720e+05      5.161189e+05     -2.646856e+02      1.775421e+01   
     0.227742        3.544734e+05      3.546700e+05     -2.134892e+02      1.682311e+01   
     0.270694        2.722668e+05      2.724317e+05     -1.805411e+02      1.568345e+01   
     0.316959        2.066022e+05      2.067381e+05     -1.502706e+02      1.434559e+01   
     0.366414        1.547021e+05      1.548121e+05     -1.228409e+02      1.284250e+01   
     0.418925        1.141546e+05      1.142418e+05     -9.839971e+01      1.123173e+01   
     0.474351        9.747898e+04      9.755295e+04     -8.356561e+01      9.597589e+00   
     0.532541        7.015490e+04      7.021098e+04     -6.412366e+01      8.047947e+00   
     0.593339        5.910226e+04      5.914790e+04     -5.234154e+01      6.705887e+00   
     0.656582        4.130090e+04      4.133346e+04     -3.825360e+01      5.696921e+00   
     0.722098        3.424023e+04      3.426507e+04     -2.997355e+01      5.128655e+00   
     0.789711        2.309892e+04      2.311478e+04     -2.093075e+01      5.067346e+00   
     0.859239        1.515875e+04      1.516758e+04     -1.434156e+01      5.513123e+00   
     0.930495        1.213979e+04      1.214432e+04     -1.091605e+01      6.382592e+00   
     1.003286        7.583043e+03      7.583014e+03     -7.476634e+00      7.505590e+00   
     1.077416        4.552024e+03      4.548553e+03     -5.173405e+00      8.644383e+00   
     1.152685        2.607357e+03      2.601438e+03     -3.617882e+00      9.536995e+00   
     1.228890        1.014114e+03      1.006297e+03     -2.140648e+00      9.957197e+00   
     1.305826        3.339716e+02      3.253732e+02     -1.175451e+00      9.773859e+00   
     1.383286        2.190253e+01      1.314347e+01     -2.282275e-01      8.987290e+00   
     1.461060        7.726032e+00      0.000000e+00      0.000000e+00      7.726032e+00   
     1.538940        6.203352e+00      0.000000e+00      0.000000e+00      6.203352e+00   
     1.616714        4.650959e+00      0.000000e+00      0.000000e+00      4.650959e+00   
     1.694174        3.257182e+00      0.000000e+00      0.000000e+00      3.257182e+00   
     1.771110        2.131780e+00      0.000000e+00      0.000000e+00      2.131780e+00   
     1.847315        1.303942e+00      0.000000e+00      0.000000e+00      1.303942e+00   
     1.922584        7.442865e-01      0.000000e+00      0.000000e+00      7.442865e-01   
     1.996714        3.947207e-01      0.000000e+00      0.000000e+00      3.947207e-01   
     2.069505        1.930277e-01      0.000000e+00      0.000000e+00      1.930277e-01   
     2.140761        8.677356e-02      0.000000e+00      0.000000e+00      8.677356e-02   
     2.210289        3.770187e-02      0.000000e+00      0.000000e+00      3.770187e-02   
     2.277902        2.052657e-02      0.000000e+00      0.000000e+00      2.052657e-02   
     2.343418        1.969265e-02      0.000000e+00      0.000000e+00      1.969265e-02   
     2.406661        2.616163e-02      0.000000e+00      0.000000e+00      2.616163e-02   
     2.467459        3.496498e-02      0.000000e+00      0.000000e+00      3.496498e-02   
     2.525649        4.356381e-02      0.000000e+00      0.000000e+00      4.356381e-02   
     2.581075        5.081879e-02      0.000000e+00      0.000000e+00      5.081879e-02   
     2.633586        5.636461e-02      0.000000e+00      0.000000e+00      5.636461e-02   
     2.683041        6.023806e-02      0.000000e+00      0.000000e+00      6.023806e-02   
     2.729306        6.266199e-02      0.000000e+00      0.000000e+00      6.266199e-02   
     2.772258        6.392411e-02      0.000000e+00      0.000000e+00      6.392411e-02   
     2.811780        6.431286e-02      0.000000e+00      0.000000e+00      6.431286e-02   
     2.847765        6.408690e-02      0.000000e+00      0.000000e+00      6.408690e-02   
     2.880118        6.346369e-02      0.000000e+00      0.000000e+00      6.346369e-02   
     2.908749        6.261820e-02      0.000000e+00      0.000000e+00      6.261820e-02   
     2.933583        6.168671e-02      0.000000e+00      0.000000e+00      6.168671e-02   
     2.954553        6.077248e-02      0.000000e+00      0.000000e+00      6.077248e-02   
     2.971601        5.995169e-02      0.000000e+00      0.000000e+00      5.995169e-02   
     2.984682        5.927894e-02      0.000000e+00      0.000000e+00      5.927894e-02   
     2.993761        5.879166e-02      0.000000e+00      0.000000e+00      5.879166e-02   
     2.998815        5.851355e-02      0.000000e+00      0.000000e+00      5.851355e-02   
     3.004739        5.818160e-02      0.000000e+00      0.000000e+00      5.818160e-02   
     3.024957        5.700334e-02      0.000000e+00      0.000000e+00      5.700334e-02   
     3.061273        5.473384e-02      0.000000e+00      0.000000e+00      5.473384e-02   
     3.113597        5.120384e-02      0.000000e+00      0.000000e+00      5.120384e-02   
     3.181789        4.633449e-02      0.000000e+00      0.000000e+00      4.633449e-02   
     3.265666        4.024445e-02      0.000000e+00      0.000000e+00      4.024445e-02   
     3.365002        3.329627e-02      0.000000e+00      0.000000e+00      3.329627e-02   
     3.479529        2.605142e-02      0.000000e+00      0.000000e+00      2.605142e-02   
     3.608938        1.914440e-02      0.000000e+00      0.000000e+00      1.914440e-02   
     3.752880        1.312552e-02      0.000000e+00      0.000000e+00      1.312552e-02   
     3.910968        8.336872e-03      0.000000e+00      0.000000e+00      8.336872e-03   
     4.082775        4.866128e-03      0.000000e+00      0.000000e+00      4.866128e-03   
     4.267838        2.583133e-03      0.000000e+00      0.000000e+00      2.583133e-03   
     4.465657        1.228707e-03      0.000000e+00      0.000000e+00      1.228707e-03   
     4.675701        5.114655e-04      0.000000e+00      0.000000e+00      5.114655e-04   
     4.897402        1.785429e-04      0.000000e+00      0.000000e+00      1.785429e-04   
     5.130163        4.774824e-05      0.000000e+00      0.000000e+00      4.774824e-05   
     5.373356        7.631809e-06      0.000000e+00      0.000000e+00      7.631809e-06   
     5.626327        4.010128e-07      0.000000e+00      0.000000e+00      4.010128e-07   
     5.888392        1.334143e-06      0.000000e+00      0.000000e+00      1.334143e-06   
     6.158845        2.435539e-06      0.000000e+00      0.000000e+00      2.435539e-06   
     6.436958        2.404760e-06      0.000000e+00      0.000000e+00      2.404760e-06   
     6.721980        1.760709e-06      0.000000e+00      0.000000e+00      1.760709e-06   
     7.013143        1.063195e-06      0.000000e+00      0.000000e+00      1.063195e-06   
     7.309662        5.547870e-07      0.000000e+00      0.000000e+00      5.547870e-07   
     7.610739        2.560795e-07      0.000000e+00      0.000000e+00      2.560795e-07   
     7.915560        1.058029e-07      0.000000e+00      0.000000e+00      1.058029e-07   
     8.223305        3.930979e-08      0.000000e+00      0.000000e+00      3.930979e-08   
     8.533144        1.311436e-08      0.000000e+00      0.000000e+00      1.311436e-08   
     8.844241        3.894627e-09      0.000000e+00      0.000000e+00      3.894627e-09   
     9.155759        1.008960e-09      0.000000e+00      0.000000e+00      1.008960e-09   
     9.466856        2.182714e-10      0.000000e+00      0.000000e+00      2.182714e-10   
     9.776695        3.550044e-11      0.000000e+00      0.000000e+00      3.550044e-11   
    10.084440        3.076062e-12      0.000000e+00      0.000000e+00      3.076062e-12   
    10.389261        2.775292e-14      0.000000e+00      0.000000e+00      2.775292e-14   
    10.690338        4.063491e-13      0.000000e+00      0.000000e+00      4.063491e-13   
    10.986857        4.889202e-13      0.000000e+00      0.000000e+00      4.889202e-13   
    11.278020        3.321692e-13      0.000000e+00      0.000000e+00      3.321692e-13   
    11.563042        1.732759e-13      0.000000e+00      0.000000e+00      1.732759e-13   
    11.841155        7.639038e-14      0.000000e+00      0.000000e+00      7.639038e-14   
    12.111608        3.636677e-14      0.000000e+00      0.000000e+00      3.636677e-14   
    12.373673        1.511856e-14      0.000000e+00      0.000000e+00      1.511856e-14   
    12.626644        4.563046e-15      0.000000e+00      0.000000e+00      4.563046e-15   
    12.869837        1.143987e-15      0.000000e+00      0.000000e+00      1.143987e-15   
    13.102598        2.102833e-16      0.000000e+00      0.000000e+00      2.102833e-16   
    13.324299        3.268016e-17      0.000000e+00      0.000000e+00      3.268016e-17   
    13.534343        3.716726e-17      0.000000e+00      0.000000e+00      3.716726e-17   
    13.732162        5.920244e-17      0.000000e+00      0.000000e+00      5.920244e-17   
    13.917225        6.953305e-17      0.000000e+00      0.000000e+00      6.953305e-17   
    14.089032        6.413149e-17      0.000000e+00      0.000000e+00      6.413149e-17   
    14.247120        5.778996e-17      0.000000e+00      0.000000e+00      5.778996e-17   
    14.391062        4.764033e-17      0.000000e+00      0.000000e+00      4.764033e-17   
    14.520471        3.888308e-17      0.000000e+00      0.000000e+00      3.888308e-17   
    14.634998        3.191590e-17      0.000000e+00      0.000000e+00      3.191590e-17   
    14.734334        2.522964e-17      0.000000e+00      0.000000e+00      2.522964e-17   
    14.818211        2.156259e-17      0.000000e+00      0.000000e+00      2.156259e-17   
    14.886403        1.807502e-17      0.000000e+00      0.000000e+00      1.807502e-17   
    14.938727        1.576457e-17      0.000000e+00      0.000000e+00      1.576457e-17   
    14.975043        1.519413e-17      0.000000e+00      0.000000e+00      1.519413e-17   
    14.995261        1.426651e-12      0.000000e+00      0.000000e+00      1.426651e-12   