#        q                pp                pn                nn        

     0.000790        1.812639e+04      1.561982e+04      1.610726e+04   
     0.004159        9.256932e+03      8.218417e+03      8.475244e+03   
     0.010212        6.188988e+03      5.612797e+03      5.787671e+03   
     0.018933        4.520136e+03      4.069265e+03      4.195501e+03   
     0.030298        3.452631e+03      3.086763e+03      3.181990e+03   
     0.044278        2.683849e+03      2.491620e+03      2.568026e+03   
     0.060834        2.240633e+03      2.074846e+03      2.138036e+03   
     0.079922        1.849127e+03      1.707429e+03      1.758954e+03   
     0.101490        1.587497e+03      1.462422e+03      1.506117e+03   
     0.125480        1.351793e+03      1.312958e+03      1.351794e+03   
     0.151828        1.208389e+03      1.108375e+03      1.140660e+03   
     0.180462        1.012883e+03      9.846436e+02      1.012884e+03   
     0.211306        8.950250e+02      8.705168e+02      8.950263e+02   
     0.244276        7.866826e+02      7.655970e+02      7.866840e+02   
     0.279283        7.359501e+02      6.694865e+02      6.874565e+02   
     0.316234        6.411284e+02      6.247559e+02      6.411300e+02   
     0.355027        5.969285e+02      5.411083e+02      5.548219e+02   
     0.395559        5.147258e+02      5.023806e+02      5.147275e+02   
     0.437721        4.766080e+02      4.655521e+02      4.766098e+02   
     0.481399        4.404171e+02      4.305695e+02      4.404190e+02   
     0.526474        3.736390e+02      3.656771e+02      3.736408e+02   
     0.572826        3.429322e+02      3.359372e+02      3.429340e+02   
     0.620330        3.139541e+02      3.078457e+02      3.139557e+02   
     0.668857        2.866554e+02      2.813559e+02      2.866568e+02   
     0.718277        2.609868e+02      2.564226e+02      2.609880e+02   
     0.768456        2.368991e+02      2.330016e+02      2.368999e+02   
     0.819260        2.143427e+02      1.903380e+02      1.932806e+02   
     0.870551        1.736346e+02      1.711945e+02      1.736346e+02   
     0.922191        1.553705e+02      1.533870e+02      1.553700e+02   
     0.974040        1.384374e+02      1.368703e+02      1.384365e+02   
     1.025960        1.227846e+02      1.215974e+02      1.227833e+02   
     1.077809        9.512073e+01      9.443277e+01      9.511905e+01   
     1.129449        8.300380e+01      8.260611e+01      8.300186e+01   
     1.180740        6.195578e+01      6.191829e+01      6.195368e+01   
     1.231544        4.481441e+01      4.506568e+01      4.481227e+01   
     1.281723        3.117741e+01      3.165534e+01      3.117534e+01   
     1.331143        1.641718e+01      1.710087e+01      1.641527e+01   
     1.379670        3.659966e+00      4.502336e+00      7.283169e+00   
     1.427174        1.534019e-01      1.061634e+00      1.520457e-01   
     1.473526        1.449397e-01      1.077411e+00      1.439175e-01   
     1.518601        1.354787e-01      1.077029e+00      1.347993e-01   
     1.562279        1.256963e-01      1.062950e+00      1.253493e-01   
     1.604441        1.161281e-01      1.038056e+00      1.160881e-01   
     1.644973        1.071490e-01      1.005292e+00      1.073812e-01   
     1.683766        9.898396e-02      9.674108e-01      9.944825e-02   
     1.720717        9.173464e-02      9.268048e-01      9.238978e-02   
     1.755724        8.541273e-02      8.854341e-01      8.621920e-02   
     1.788694        7.997200e-02      8.448144e-01      8.089394e-02   
     1.819538        7.533459e-02      8.060531e-01      7.634093e-02   
     1.848172        7.140999e-02      7.699079e-01      7.247490e-02   
     1.874520        6.810746e-02      7.368556e-01      6.921027e-02   
     1.898510        6.534302e-02      7.071591e-01      6.646782e-02   
     1.920078        6.304278e-02      6.809274e-01      6.417789e-02   
     1.939166        6.114388e-02      6.581658e-01      6.228119e-02   
     1.955722        5.959425e-02      6.388156e-01      6.072856e-02   
     1.969702        5.835160e-02      6.227843e-01      5.948006e-02   
     1.981067        5.738243e-02      6.099678e-01      5.850398e-02   
     1.989788        5.666091e-02      6.002661e-01      5.777581e-02   
     1.995841        5.616796e-02      5.935938e-01      5.727744e-02   
     1.999210        5.589053e-02      5.898859e-01      5.699639e-02   
     2.003160        5.562868e-02      5.857268e-01      5.673331e-02   
     2.016638        5.469322e-02      5.715291e-01      5.578857e-02   
     2.040848        5.305660e-02      5.466259e-01      5.412703e-02   
     2.075731        5.088485e-02      5.124617e-01      5.190816e-02   
     2.121193        4.838241e-02      4.711655e-01      4.933118e-02   
     2.177111        4.575464e-02      4.253726e-01      4.660072e-02   
     2.243335        4.317030e-02      3.778619e-01      4.389128e-02   
     2.319686        4.072763e-02      3.310963e-01      4.131257e-02   
     2.405959        3.843206e-02      2.868556e-01      3.888357e-02   
     2.501920        3.620047e-02      2.461256e-01      3.653230e-02   
     2.607312        3.390141e-02      2.092513e-01      3.413331e-02   
     2.721850        3.141596e-02      1.762072e-01      3.156884e-02   
     2.845225        2.868576e-02      1.468241e-01      2.877876e-02   
     2.977105        2.572762e-02      1.209090e-01      2.577704e-02   
     3.117134        2.261941e-02      9.828101e-02      2.263852e-02   
     3.264935        1.947322e-02      7.876667e-02      1.947248e-02   
     3.420109        1.640825e-02      6.218143e-02      1.639563e-02   
     3.582238        1.353011e-02      4.831468e-02      1.351145e-02   
     3.750884        1.091865e-02      3.692400e-02      1.089800e-02   
     3.925594        8.623527e-03      2.773932e-02      8.603493e-03   
     4.105897        6.665499e-03      2.047382e-02      6.647592e-03   
     4.291305        5.041154e-03      1.483762e-02      5.026076e-03   
     4.481320        3.729125e-03      1.055125e-02      3.717029e-03   
     4.675429        2.696409e-03      7.356473e-03      2.687105e-03   
     4.873108        1.903956e-03      5.023717e-03      1.897071e-03   
     5.073826        1.311130e-03      3.355914e-03      1.306222e-03   
     5.277040        8.789495e-04      2.189249e-03      8.755786e-04   
     5.482203        5.721757e-04      1.391569e-03      5.699482e-04   
     5.688763        3.604464e-04      8.592456e-04      3.590347e-04   
     5.896161        2.186587e-04      5.132073e-04      2.178053e-04   
     6.103839        1.268193e-04      2.947065e-04      1.263316e-04   
     6.311237        6.955401e-05      1.612392e-04      6.929465e-05   
     6.517797        3.543623e-05      8.286489e-05      3.531152e-05   
     6.722960        1.625658e-05      3.906591e-05      1.620559e-05   
     6.926174        6.317930e-06      1.618168e-05      6.303093e-06   
     7.126892        1.808541e-06      5.395353e-06      1.808148e-06   
     7.324571        2.781412e-07      1.209661e-06      2.807075e-07   
     7.518680        2.224981e-07      3.321301e-07      2.227636e-07   
     7.708695        7.690722e-07      8.864152e-07      7.653084e-07   
     7.894103        1.449315e-06      1.872505e-06      1.441605e-06   
     8.074406        2.040593e-06      2.809629e-06      2.029798e-06   
     8.249116        2.461079e-06      3.508366e-06      2.448262e-06   
     8.417762        2.703003e-06      3.930868e-06      2.689147e-06   
     8.579891        2.792443e-06      4.109052e-06      2.778329e-06   
     8.735065        2.766625e-06      4.099488e-06      2.752814e-06   
     8.882866        2.662253e-06      3.960535e-06      2.649108e-06   
     9.022895        2.510384e-06      3.742317e-06      2.498108e-06   
     9.154775        2.334949e-06      3.483644e-06      2.323630e-06   
     9.278150        2.153100e-06      3.212358e-06      2.142745e-06   
     9.392688        1.976326e-06      2.947101e-06      1.966887e-06   
     9.498080        1.811749e-06      2.699434e-06      1.803151e-06   
     9.594041        1.663336e-06      2.475811e-06      1.655486e-06   
     9.680314        1.532893e-06      2.279204e-06      1.525695e-06   
     9.756665        1.420843e-06      2.110360e-06      1.414200e-06   
     9.822889        1.326790e-06      1.968709e-06      1.320611e-06   
     9.878807        1.249920e-06      1.853013e-06      1.244118e-06   
     9.924269        1.189270e-06      1.761790e-06      1.183763e-06   
     9.959152        1.143906e-06      1.693604e-06      1.138620e-06   
     9.983362        1.113037e-06      1.647218e-06      1.107900e-06   
     9.996840        1.096073e-06      1.621740e-06      1.091019e-06   