#        q                pp                pn                nn        

     0.001185        6.742274e+07      6.737936e+07      6.742273e+07   
     0.006239        2.102996e+07      2.194790e+07      2.295315e+07   
     0.015318        9.546998e+06      9.179925e+06      8.857076e+06   
     0.028399        6.497582e+06      6.229924e+06      5.997948e+06   
     0.045447        3.623872e+06      3.457930e+06      3.317759e+06   
     0.066417        2.090548e+06      1.984632e+06      1.897670e+06   
     0.091251        1.405633e+06      1.328961e+06      1.267450e+06   
     0.119882        1.024837e+06      9.655295e+05      9.188832e+05   
     0.152235        7.341839e+05      6.889399e+05      6.541443e+05   
     0.188220        5.157303e+05      4.817457e+05      4.562666e+05   
     0.227742        3.543555e+05      3.514545e+05      3.543555e+05   
     0.270694        2.721629e+05      2.696795e+05      2.721630e+05   
     0.316959        2.065110e+05      2.044090e+05      2.065111e+05   
     0.366414        1.546225e+05      1.528654e+05      1.546226e+05   
     0.418925        1.140855e+05      1.126366e+05      1.140856e+05   
     0.474351        9.741427e+04      9.613237e+04      9.741437e+04   
     0.532541        7.009931e+04      6.906910e+04      7.009941e+04   
     0.593339        5.905049e+04      5.324876e+04      4.948880e+04   
     0.656582        4.125703e+04      4.055945e+04      4.125710e+04   
     0.722098        3.419969e+04      3.051050e+04      2.817522e+04   
     0.789711        2.306514e+04      2.261878e+04      2.306517e+04   
     0.859239        1.513096e+04      1.480260e+04      1.513096e+04   
     0.930495        1.211454e+04      1.185042e+04      1.211451e+04   
     1.003286        7.562673e+03      7.381544e+03      7.562614e+03   
     1.077416        4.535772e+03      4.420845e+03      4.535691e+03   
     1.152685        2.594507e+03      2.532000e+03      2.594412e+03   
     1.228890        1.005238e+03      1.176185e+03      1.401989e+03   
     1.305826        3.278329e+02      3.504676e+02      3.277420e+02   
     1.383286        1.863994e+01      8.207626e+01      5.136958e+01   
     1.461060        5.169442e+00      6.582216e+01      5.112343e+00   
     1.538940        3.733279e+00      6.546489e+01      3.694924e+00   
     1.616714        2.390086e+00      6.265871e+01      2.367324e+00   
     1.694174        1.308283e+00      5.810155e+01      1.296580e+00   
     1.771110        5.654942e-01      5.257226e+01      5.605088e-01   
     1.847315        1.536011e-01      4.675696e+01      1.521101e-01   
     1.922584        8.427539e-03      4.115612e+01      8.501350e-03   
     1.996714        4.527437e-02      3.606830e+01      4.595962e-02   
     2.069505        1.857579e-01      3.162309e+01      1.866375e-01   
     2.140761        3.708151e-01      2.783309e+01      3.716864e-01   
     2.210289        5.624202e-01      2.464395e+01      5.631449e-01   
     2.277902        7.394333e-01      2.197263e+01      7.399017e-01   
     2.343418        8.920857e-01      1.973178e+01      8.922219e-01   
     2.406661        1.017398e+00      1.784243e+01      1.017166e+00   
     2.467459        1.116087e+00      1.623877e+01      1.115486e+00   
     2.525649        1.190700e+00      1.486841e+01      1.189756e+00   
     2.581075        1.244554e+00      1.369050e+01      1.243305e+00   
     2.633586        1.281142e+00      1.267341e+01      1.279631e+00   
     2.683041        1.303811e+00      1.179259e+01      1.302082e+00   
     2.729306        1.315601e+00      1.102874e+01      1.313695e+00   
     2.772258        1.319174e+00      1.036655e+01      1.317126e+00   
     2.811780        1.316800e+00      9.793702e+00      1.314640e+00   
     2.847765        1.310374e+00      9.300199e+00      1.308128e+00   
     2.880118        1.301456e+00      8.877859e+00      1.299145e+00   
     2.908749        1.291307e+00      8.519972e+00      1.288947e+00   
     2.933583        1.280932e+00      8.221040e+00      1.278536e+00   
     2.954553        1.271123e+00      7.976589e+00      1.268702e+00   
     2.971601        1.262488e+00      7.783039e+00      1.260049e+00   
     2.984682        1.255485e+00      7.637595e+00      1.253034e+00   
     2.993761        1.250440e+00      7.538184e+00      1.247981e+00   
     2.998815        1.247568e+00      7.483376e+00      1.245106e+00   
     3.004739        1.244146e+00      7.419622e+00      1.241679e+00   
     3.024957        1.232027e+00      7.205910e+00      1.229548e+00   
     3.061273        1.208685e+00      6.836580e+00      1.206192e+00   
     3.113597        1.171988e+00      6.335580e+00      1.169493e+00   
     3.181789        1.119878e+00      5.733803e+00      1.117405e+00   
     3.265666        1.051166e+00      5.065864e+00      1.048753e+00   
     3.365002        9.661861e-01      4.367018e+00      9.638813e-01   
     3.479529        8.671164e-01      3.670465e+00      8.649708e-01   
     3.608938        7.578716e-01      3.005153e+00      7.559321e-01   
     3.752880        6.436096e-01      2.394151e+00      6.419121e-01   
     3.910968        5.299859e-01      1.853676e+00      5.285510e-01   
     4.082775        4.223529e-01      1.392806e+00      4.211840e-01   
     4.267838        3.250835e-01      1.013908e+00      3.241679e-01   
     4.465657        2.411426e-01      7.136751e-01      2.404547e-01   
     4.675701        1.719456e-01      4.845626e-01      1.714513e-01   
     4.897402        1.174751e-01      3.163954e-01      1.171367e-01   
     5.130163        7.657918e-02      1.978937e-01      7.635964e-02   
     5.373356        4.735943e-02      1.179394e-01      4.722536e-02   
     5.626327        2.756260e-02      6.648179e-02      2.748634e-02   
     5.888392        1.491451e-02      3.506388e-02      1.487479e-02   
     6.158845        7.360304e-03      1.701365e-02      7.341891e-03   
     6.436958        3.202363e-03      7.380702e-03      3.195193e-03   
     6.721980        1.147078e-03      2.710984e-03      1.145060e-03   
     7.013143        2.836363e-04      7.450325e-04      2.834578e-04   
     7.309662        2.188077e-05      1.064119e-04      2.199757e-05   
     7.610739        1.393826e-05      2.407074e-05      1.380605e-05   
     7.915560        7.792184e-05      1.105130e-04      7.748119e-05   
     8.223305        1.344885e-04      2.005182e-04      1.338586e-04   
     8.533144        1.602981e-04      2.440927e-04      1.596205e-04   
     8.844241        1.576702e-04      2.419584e-04      1.570479e-04   
     9.155759        1.371981e-04      2.108977e-04      1.366838e-04   
     9.466856        1.093370e-04      1.678851e-04      1.089443e-04   
     9.776695        8.140326e-05      1.247115e-04      8.112160e-05   
    10.084440        5.733272e-05      8.761519e-05      5.714109e-05   
    10.389261        3.851813e-05      5.873357e-05      3.839361e-05   
    10.690338        2.482587e-05      3.779824e-05      2.474826e-05   
    10.986857        1.540962e-05      2.345067e-05      1.536310e-05   
    11.278020        9.233297e-06      1.406518e-05      9.206457e-06   
    11.563042        5.346131e-06      8.168984e-06      5.331239e-06   
    11.841155        2.989754e-06      4.597542e-06      2.981833e-06   
    12.111608        1.611131e-06      2.507218e-06      1.607119e-06   
    12.373673        8.324730e-07      1.324528e-06      8.305629e-07   
    12.626644        4.086814e-07      6.786035e-07      4.078479e-07   
    12.869837        1.875218e-07      3.395258e-07      1.872065e-07   
    13.102598        7.798967e-08      1.698800e-07      7.790164e-08   
    13.324299        2.757549e-08      9.028014e-08      2.757170e-08   
    13.534343        7.030286e-09      5.641662e-08      7.045859e-09   
    13.732162        6.553290e-10      4.442828e-08      6.645063e-10   
    13.917225        3.738735e-10      4.198847e-08      3.692670e-10   
    14.089032        2.250251e-09      4.306642e-08      2.232194e-09   
    14.247120        4.512982e-09      4.492830e-08      4.484388e-09   
    14.391062        6.469062e-09      4.648625e-08      6.433189e-09   
    14.520471        7.929921e-09      4.743289e-08      7.889538e-09   
    14.634998        8.920282e-09      4.780057e-08      8.877444e-09   
    14.734334        9.537579e-09      4.774181e-08      9.493668e-09   
    14.818211        9.888980e-09      4.742679e-08      9.844834e-09   
    14.886403        1.006689e-08      4.700253e-08      1.002295e-08   
    14.938727        1.014235e-08      4.658189e-08      1.009878e-08   
    14.975043        1.016488e-08      4.624361e-08      1.012169e-08   
    14.995261        1.016836e-08      4.604109e-08      1.012539e-08   