#        q              total               1              \delta U         \delta U^2    

     0.001185        2.873557e+03      2.884070e+03     -1.148705e+01      9.735913e-01   
     0.006239        2.873554e+03      2.884070e+03     -1.148968e+01      9.735873e-01   
     0.015318        1.890906e+03      1.901424e+03     -1.149098e+01      9.735643e-01   
     0.028399        1.236602e+03      1.247118e+03     -1.148994e+01      9.734892e-01   
     0.045447        9.750004e+02      9.855113e+02     -1.148431e+01      9.733355e-01   
     0.066417        7.052557e+02      7.157553e+02     -1.147274e+01      9.730662e-01   
     0.091251        5.668200e+02      5.773053e+02     -1.145795e+01      9.726078e-01   
     0.119882        4.138203e+02      4.242721e+02     -1.142369e+01      9.719468e-01   
     0.152235        3.487034e+02      3.591155e+02     -1.138313e+01      9.710463e-01   
     0.188220        2.906450e+02      3.009960e+02     -1.132085e+01      9.698453e-01   
     0.227742        2.392481e+02      2.495116e+02     -1.123188e+01      9.683673e-01   
     0.270694        1.941214e+02      2.042601e+02     -1.110537e+01      9.666597e-01   
     0.316959        1.738217e+02      1.838460e+02     -1.098911e+01      9.648013e-01   
     0.366414        1.373913e+02      1.471899e+02     -1.076151e+01      9.629404e-01   
     0.418925        1.212375e+02      1.308473e+02     -1.057111e+01      9.613058e-01   
     0.474351        9.266196e+01      1.018818e+02     -1.018008e+01      9.601918e-01   
     0.532541        8.024265e+01      8.915840e+01     -9.875698e+00      9.599519e-01   
     0.593339        6.898022e+01      7.754079e+01     -9.521552e+00      9.609855e-01   
     0.656582        5.883629e+01      6.697876e+01     -9.106167e+00      9.636986e-01   
     0.722098        4.975871e+01      5.742203e+01     -8.631771e+00      9.684518e-01   
     0.789711        4.170255e+01      4.882035e+01     -8.093301e+00      9.754991e-01   
     0.859239        3.461219e+01      4.112345e+01     -7.496184e+00      9.849226e-01   
     0.930495        2.844032e+01      3.428106e+01     -6.837308e+00      9.965680e-01   
     1.003286        2.861582e+01      3.428106e+01     -6.675241e+00      1.009999e+00   
     1.077416        2.329237e+01      2.824292e+01     -5.975021e+00      1.024477e+00   
     1.152685        1.875984e+01      2.295876e+01     -5.237898e+00      1.038974e+00   
     1.228890        1.494965e+01      1.837832e+01     -4.480898e+00      1.052235e+00   
     1.305826        1.179045e+01      1.445133e+01     -3.723742e+00      1.062866e+00   
     1.383286        1.191731e+01      1.445133e+01     -3.603476e+00      1.069459e+00   
     1.461060        9.303947e+00      1.112752e+01     -2.894299e+00      1.070725e+00   
     1.538940        7.189938e+00      8.356636e+00     -2.232317e+00      1.065619e+00   
     1.616714        5.496798e+00      6.088407e+00     -1.645045e+00      1.053437e+00   
     1.694174        3.109405e+00      2.858849e+00     -7.833200e-01      1.033875e+00   
     1.771110        1.007048e+00      0.000000e+00      0.000000e+00      1.007048e+00   
     1.847315        9.734546e-01      0.000000e+00      0.000000e+00      9.734546e-01   
     1.922584        9.339229e-01      0.000000e+00      0.000000e+00      9.339229e-01   
     1.996714        8.895194e-01      0.000000e+00      0.000000e+00      8.895194e-01   
     2.069505        8.414590e-01      0.000000e+00      0.000000e+00      8.414590e-01   
     2.140761        7.910126e-01      0.000000e+00      0.000000e+00      7.910126e-01   
     2.210289        7.394292e-01      0.000000e+00      0.000000e+00      7.394292e-01   
     2.277902        6.878710e-01      0.000000e+00      0.000000e+00      6.878710e-01   
     2.343418        6.373636e-01      0.000000e+00      0.000000e+00      6.373636e-01   
     2.406661        5.887629e-01      0.000000e+00      0.000000e+00      5.887629e-01   
     2.467459        5.427383e-01      0.000000e+00      0.000000e+00      5.427383e-01   
     2.525649        4.997717e-01      0.000000e+00      0.000000e+00      4.997717e-01   
     2.581075        4.601699e-01      0.000000e+00      0.000000e+00      4.601699e-01   
     2.633586        4.240866e-01      0.000000e+00      0.000000e+00      4.240866e-01   
     2.683041        3.915495e-01      0.000000e+00      0.000000e+00      3.915495e-01   
     2.729306        3.624899e-01      0.000000e+00      0.000000e+00      3.624899e-01   
     2.772258        3.367711e-01      0.000000e+00      0.000000e+00      3.367711e-01   
     2.811780        3.142128e-01      0.000000e+00      0.000000e+00      3.142128e-01   
     2.847765        2.946126e-01      0.000000e+00      0.000000e+00      2.946126e-01   
     2.880118        2.777615e-01      0.000000e+00      0.000000e+00      2.777615e-01   
     2.908749        2.634567e-01      0.000000e+00      0.000000e+00      2.634567e-01   
     2.933583        2.515097e-01      0.000000e+00      0.000000e+00      2.515097e-01   
     2.954553        2.417526e-01      0.000000e+00      0.000000e+00      2.417526e-01   
     2.971601        2.340413e-01      0.000000e+00      0.000000e+00      2.340413e-01   
     2.984682        2.282578e-01      0.000000e+00      0.000000e+00      2.282578e-01   
     2.993761        2.243113e-01      0.000000e+00      0.000000e+00      2.243113e-01   
     2.998815        2.221382e-01      0.000000e+00      0.000000e+00      2.221382e-01   
     3.004739        2.196127e-01      0.000000e+00      0.000000e+00      2.196127e-01   
     3.024957        2.111685e-01      0.000000e+00      0.000000e+00      2.111685e-01   
     3.061273        1.966686e-01      0.000000e+00      0.000000e+00      1.966686e-01   
     3.113597        1.772409e-01      0.000000e+00      0.000000e+00      1.772409e-01   
     3.181789        1.543846e-01      0.000000e+00      0.000000e+00      1.543846e-01   
     3.265666        1.298034e-01      0.000000e+00      0.000000e+00      1.298034e-01   
     3.365002        1.051938e-01      0.000000e+00      0.000000e+00      1.051938e-01   
     3.479529        8.203347e-02      0.000000e+00      0.000000e+00      8.203347e-02   
     3.608938        6.142489e-02      0.000000e+00      0.000000e+00      6.142489e-02   
     3.752880        4.403466e-02      0.000000e+00      0.000000e+00      4.403466e-02   
     3.910968        3.012032e-02      0.000000e+00      0.000000e+00      3.012032e-02   
     4.082775        1.960114e-02      0.000000e+00      0.000000e+00      1.960114e-02   
     4.267838        1.213816e-02      0.000000e+00      0.000000e+00      1.213816e-02   
     4.465657        7.216746e-03      0.000000e+00      0.000000e+00      7.216746e-03   
     4.675701        4.235190e-03      0.000000e+00      0.000000e+00      4.235190e-03   
     4.897402        2.593716e-03      0.000000e+00      0.000000e+00      2.593716e-03   
     5.130163        1.769895e-03      0.000000e+00      0.000000e+00      1.769895e-03   
     5.373356        1.367020e-03      0.000000e+00      0.000000e+00      1.367020e-03   
     5.626327        1.128989e-03      0.000000e+00      0.000000e+00      1.128989e-03   
     5.888392        9.248262e-04      0.000000e+00      0.000000e+00      9.248262e-04   
     6.158845        7.136861e-04      0.000000e+00      0.000000e+00      7.136861e-04   
     6.436958        5.042531e-04      0.000000e+00      0.000000e+00      5.042531e-04   
     6.721980        3.205128e-04      0.000000e+00      0.000000e+00      3.205128e-04   
     7.013143        1.805109e-04      0.000000e+00      0.000000e+00      1.805109e-04   
     7.309662        8.863808e-05      0.000000e+00      0.000000e+00      8.863808e-05   
     7.610739        3.756560e-05      0.000000e+00      0.000000e+00      3.756560e-05   
     7.915560        1.438825e-05      0.000000e+00      0.000000e+00      1.438825e-05   
     8.223305        6.481238e-06      0.000000e+00      0.000000e+00      6.481238e-06   
     8.533144        4.804411e-06      0.000000e+00      0.000000e+00      4.804411e-06   
     8.844241        4.505196e-06      0.000000e+00      0.000000e+00      4.505196e-06   
     9.155759        3.862667e-06      0.000000e+00      0.000000e+00      3.862667e-06   
     9.466856        2.791677e-06      0.000000e+00      0.000000e+00      2.791677e-06   
     9.776695        1.690074e-06      0.000000e+00      0.000000e+00      1.690074e-06   
    10.084440        8.599786e-07      0.000000e+00      0.000000e+00      8.599786e-07   
    10.389261        3.745525e-07      0.000000e+00      0.000000e+00      3.745525e-07   
    10.690338        1.558874e-07      0.000000e+00      0.000000e+00      1.558874e-07   
    10.986857        8.608197e-08      0.000000e+00      0.000000e+00      8.608197e-08   
    11.278020        7.383558e-08      0.000000e+00      0.000000e+00      7.383558e-08   
    11.563042        7.108910e-08      0.000000e+00      0.000000e+00      7.108910e-08   
    11.841155        6.233312e-08      0.000000e+00      0.000000e+00      6.233312e-08   
    12.111608        4.804559e-08      0.000000e+00      0.000000e+00      4.804559e-08   
    12.373673        3.286729e-08      0.000000e+00      0.000000e+00      3.286729e-08   
    12.626644        2.024556e-08      0.000000e+00      0.000000e+00      2.024556e-08   
    12.869837        1.137572e-08      0.000000e+00      0.000000e+00      1.137572e-08   
    13.102598        5.912914e-09      0.000000e+00      0.000000e+00      5.912914e-09   
    13.324299        2.913648e-09      0.000000e+00      0.000000e+00      2.913648e-09   
    13.534343        1.439698e-09      0.000000e+00      0.000000e+00      1.439698e-09   
    13.732162        7.972944e-10      0.000000e+00      0.000000e+00      7.972944e-10   
    13.917225        5.564889e-10      0.000000e+00      0.000000e+00      5.564889e-10   
    14.089032        4.850195e-10      0.000000e+00      0.000000e+00      4.850195e-10   
    14.247120        4.724472e-10      0.000000e+00      0.000000e+00      4.724472e-10   
    14.391062        4.733689e-10      0.000000e+00      0.000000e+00      4.733689e-10   
    14.520471        4.732326e-10      0.000000e+00      0.000000e+00      4.732326e-10   
    14.634998        4.697440e-10      0.000000e+00      0.000000e+00      4.697440e-10   
    14.734334        4.639191e-10      0.000000e+00      0.000000e+00      4.639191e-10   
    14.818211        4.570412e-10      0.000000e+00      0.000000e+00      4.570412e-10   
    14.886403        4.501488e-10      0.000000e+00      0.000000e+00      4.501488e-10   
    14.938727        4.441524e-10      0.000000e+00      0.000000e+00      4.441524e-10   
    14.975043        4.403163e-10      0.000000e+00      0.000000e+00      4.403163e-10   
    14.995261        4.387141e-10      0.000000e+00      0.000000e+00      4.387141e-10   