#        q              total               1              \delta U         \delta U^2    

     0.001185        9.907514e+08      9.907696e+08     -1.989632e+04      1.694694e+03   
     0.006239        5.563699e+08      5.563834e+08     -1.420330e+04      6.583268e+02   
     0.015318        3.194406e+08      3.194507e+08     -1.061232e+04      4.663579e+02   
     0.028399        1.074216e+08      1.074273e+08     -6.107763e+03      4.053394e+02   
     0.045447        7.906732e+07      7.907215e+07     -5.213193e+03      3.814855e+02   
     0.066417        5.724486e+07      5.724891e+07     -4.416672e+03      3.709596e+02   
     0.091251        4.313147e+07      4.313492e+07     -3.815512e+03      3.638008e+02   
     0.119882        3.404751e+07      3.405052e+07     -3.368949e+03      3.563918e+02   
     0.152235        2.833390e+07      2.833660e+07     -3.047272e+03      3.470849e+02   
     0.188220        2.498794e+07      2.499043e+07     -2.828958e+03      3.349924e+02   
     0.227742        2.197794e+07      2.198023e+07     -2.613097e+03      3.195539e+02   
     0.270694        1.927635e+07      1.927845e+07     -2.399881e+03      3.004640e+02   
     0.316959        1.685737e+07      1.685928e+07     -2.189944e+03      2.776646e+02   
     0.366414        1.574626e+07      1.574806e+07     -2.053985e+03      2.514114e+02   
     0.418925        1.370638e+07      1.370800e+07     -1.848705e+03      2.223130e+02   
     0.474351        1.189164e+07      1.189310e+07     -1.651042e+03      1.913913e+02   
     0.532541        1.106231e+07      1.106366e+07     -1.517598e+03      1.600646e+02   
     0.593339        9.547598e+06      9.548804e+06     -1.336164e+03      1.301060e+02   
     0.656582        8.209819e+06      8.210884e+06     -1.168918e+03      1.034860e+02   
     0.722098        7.032034e+06      7.032969e+06     -1.017678e+03      8.215556e+01   
     0.789711        6.498212e+06      6.499064e+06     -9.197296e+02      6.771402e+01   
     0.859239        5.531375e+06      5.532113e+06     -7.994930e+02      6.103355e+01   
     0.930495        4.687509e+06      4.688144e+06     -6.969059e+02      6.190533e+01   
     1.003286        3.624454e+06      3.624970e+06     -5.845132e+02      6.881765e+01   
     1.077416        3.034070e+06      3.034506e+06     -5.143907e+02      7.901163e+01   
     1.152685        2.091049e+06      2.091374e+06     -4.139984e+02      8.891044e+01   
     1.228890        1.004095e+02      6.190216e+00     -6.946486e-01      9.491389e+01   
     1.305826        9.435777e+01      0.000000e+00      0.000000e+00      9.435777e+01   
     1.383286        8.633153e+01      0.000000e+00      0.000000e+00      8.633153e+01   
     1.461060        7.196025e+01      0.000000e+00      0.000000e+00      7.196025e+01   
     1.538940        5.398267e+01      0.000000e+00      0.000000e+00      5.398267e+01   
     1.616714        3.577464e+01      0.000000e+00      0.000000e+00      3.577464e+01   
     1.694174        2.024824e+01      0.000000e+00      0.000000e+00      2.024824e+01   
     1.771110        9.099918e+00      0.000000e+00      0.000000e+00      9.099918e+00   
     1.847315        2.653476e+00      0.000000e+00      0.000000e+00      2.653476e+00   
     1.922584        2.087872e-01      0.000000e+00      0.000000e+00      2.087872e-01   
     1.996714        5.962532e-01      0.000000e+00      0.000000e+00      5.962532e-01   
     2.069505        2.648041e+00      0.000000e+00      0.000000e+00      2.648041e+00   
     2.140761        5.452063e+00      0.000000e+00      0.000000e+00      5.452063e+00   
     2.210289        8.408420e+00      0.000000e+00      0.000000e+00      8.408420e+00   
     2.277902        1.117663e+01      0.000000e+00      0.000000e+00      1.117663e+01   
     2.343418        1.359321e+01      0.000000e+00      0.000000e+00      1.359321e+01   
     2.406661        1.560140e+01      0.000000e+00      0.000000e+00      1.560140e+01   
     2.467459        1.720353e+01      0.000000e+00      0.000000e+00      1.720353e+01   
     2.525649        1.843236e+01      0.000000e+00      0.000000e+00      1.843236e+01   
     2.581075        1.933461e+01      0.000000e+00      0.000000e+00      1.933461e+01   
     2.633586        1.996158e+01      0.000000e+00      0.000000e+00      1.996158e+01   
     2.683041        2.036377e+01      0.000000e+00      0.000000e+00      2.036377e+01   
     2.729306        2.058800e+01      0.000000e+00      0.000000e+00      2.058800e+01   
     2.772258        2.067596e+01      0.000000e+00      0.000000e+00      2.067596e+01   
     2.811780        2.066373e+01      0.000000e+00      0.000000e+00      2.066373e+01   
     2.847765        2.058187e+01      0.000000e+00      0.000000e+00      2.058187e+01   
     2.880118        2.045575e+01      0.000000e+00      0.000000e+00      2.045575e+01   
     2.908749        2.030614e+01      0.000000e+00      0.000000e+00      2.030614e+01   
     2.933583        2.014977e+01      0.000000e+00      0.000000e+00      2.014977e+01   
     2.954553        1.999987e+01      0.000000e+00      0.000000e+00      1.999987e+01   
     2.971601        1.986671e+01      0.000000e+00      0.000000e+00      1.986671e+01   
     2.984682        1.975805e+01      0.000000e+00      0.000000e+00      1.975805e+01   
     2.993761        1.967946e+01      0.000000e+00      0.000000e+00      1.967946e+01   
     2.998815        1.963461e+01      0.000000e+00      0.000000e+00      1.963461e+01   
     3.004739        1.958108e+01      0.000000e+00      0.000000e+00      1.958108e+01   
     3.024957        1.939078e+01      0.000000e+00      0.000000e+00      1.939078e+01   
     3.061273        1.902156e+01      0.000000e+00      0.000000e+00      1.902156e+01   
     3.113597        1.843579e+01      0.000000e+00      0.000000e+00      1.843579e+01   
     3.181789        1.759615e+01      0.000000e+00      0.000000e+00      1.759615e+01   
     3.265666        1.647957e+01      0.000000e+00      0.000000e+00      1.647957e+01   
     3.365002        1.508916e+01      0.000000e+00      0.000000e+00      1.508916e+01   
     3.479529        1.346087e+01      0.000000e+00      0.000000e+00      1.346087e+01   
     3.608938        1.166272e+01      0.000000e+00      0.000000e+00      1.166272e+01   
     3.752880        9.786449e+00      0.000000e+00      0.000000e+00      9.786449e+00   
     3.910968        7.933737e+00      0.000000e+00      0.000000e+00      7.933737e+00   
     4.082775        6.200361e+00      0.000000e+00      0.000000e+00      6.200361e+00   
     4.267838        4.662363e+00      0.000000e+00      0.000000e+00      4.662363e+00   
     4.465657        3.367274e+00      0.000000e+00      0.000000e+00      3.367274e+00   
     4.675701        2.331808e+00      0.000000e+00      0.000000e+00      2.331808e+00   
     4.897402        1.545517e+00      0.000000e+00      0.000000e+00      1.545517e+00   
     5.130163        9.784350e-01      0.000000e+00      0.000000e+00      9.784350e-01   
     5.373356        5.901293e-01      0.000000e+00      0.000000e+00      5.901293e-01   
     5.626327        3.379054e-01      0.000000e+00      0.000000e+00      3.379054e-01   
     5.888392        1.827553e-01      0.000000e+00      0.000000e+00      1.827553e-01   
     6.158845        9.264289e-02      0.000000e+00      0.000000e+00      9.264289e-02   
     6.436958        4.347379e-02      0.000000e+00      0.000000e+00      4.347379e-02   
     6.721980        1.848728e-02      0.000000e+00      0.000000e+00      1.848728e-02   
     7.013143        6.844463e-03      0.000000e+00      0.000000e+00      6.844463e-03   
     7.309662        2.020330e-03      0.000000e+00      0.000000e+00      2.020330e-03   
     7.610739        3.673119e-04      0.000000e+00      0.000000e+00      3.673119e-04   
     7.915560        6.975928e-06      0.000000e+00      0.000000e+00      6.975928e-06   
     8.223305        6.403640e-05      0.000000e+00      0.000000e+00      6.403640e-05   
     8.533144        1.845428e-04      0.000000e+00      0.000000e+00      1.845428e-04   
     8.844241        2.585720e-04      0.000000e+00      0.000000e+00      2.585720e-04   
     9.155759        2.747076e-04      0.000000e+00      0.000000e+00      2.747076e-04   
     9.466856        2.515174e-04      0.000000e+00      0.000000e+00      2.515174e-04   
     9.776695        2.098267e-04      0.000000e+00      0.000000e+00      2.098267e-04   
    10.084440        1.643243e-04      0.000000e+00      0.000000e+00      1.643243e-04   
    10.389261        1.230284e-04      0.000000e+00      0.000000e+00      1.230284e-04   
    10.690338        8.914134e-05      0.000000e+00      0.000000e+00      8.914134e-05   
    10.986857        6.305789e-05      0.000000e+00      0.000000e+00      6.305789e-05   
    11.278020        4.384130e-05      0.000000e+00      0.000000e+00      4.384130e-05   
    11.563042        3.011656e-05      0.000000e+00      0.000000e+00      3.011656e-05   
    11.841155        2.052982e-05      0.000000e+00      0.000000e+00      2.052982e-05   
    12.111608        1.393814e-05      0.000000e+00      0.000000e+00      1.393814e-05   
    12.373673        9.454236e-06      0.000000e+00      0.000000e+00      9.454236e-06   
    12.626644        6.424593e-06      0.000000e+00      0.000000e+00      6.424593e-06   
    12.869837        4.384607e-06      0.000000e+00      0.000000e+00      4.384607e-06   
    13.102598        3.011988e-06      0.000000e+00      0.000000e+00      3.011988e-06   
    13.324299        2.086956e-06      0.000000e+00      0.000000e+00      2.086956e-06   
    13.534343        1.461371e-06      0.000000e+00      0.000000e+00      1.461371e-06   
    13.732162        1.036130e-06      0.000000e+00      0.000000e+00      1.036130e-06   
    13.917225        7.452131e-07      0.000000e+00      0.000000e+00      7.452131e-07   
    14.089032        5.447122e-07      0.000000e+00      0.000000e+00      5.447122e-07   
    14.247120        4.054125e-07      0.000000e+00      0.000000e+00      4.054125e-07   
    14.391062        3.078349e-07      0.000000e+00      0.000000e+00      3.078349e-07   
    14.520471        2.389483e-07      0.000000e+00      0.000000e+00      2.389483e-07   
    14.634998        1.900004e-07      0.000000e+00      0.000000e+00      1.900004e-07   
    14.734334        1.550889e-07      0.000000e+00      0.000000e+00      1.550889e-07   
    14.818211        1.302221e-07      0.000000e+00      0.000000e+00      1.302221e-07   
    14.886403        1.127008e-07      0.000000e+00      0.000000e+00      1.127008e-07   
    14.938727        1.007135e-07      0.000000e+00      0.000000e+00      1.007135e-07   
    14.975043        9.307252e-08      0.000000e+00      0.000000e+00      9.307252e-08   
    14.995261        8.904481e-08      0.000000e+00      0.000000e+00      8.904481e-08   