#        q              total               1              \delta U         \delta U^2    

     0.001185        2.077353e+08      2.077442e+08     -1.050225e+04      1.640369e+03   
     0.006239        1.021818e+08      1.021879e+08     -6.519190e+03      4.146624e+02   
     0.015318        5.119759e+07      5.120186e+07     -4.451732e+03      1.810319e+02   
     0.028399        1.685689e+07      1.685928e+07     -2.508818e+03      1.143212e+02   
     0.045447        1.106174e+07      1.106366e+07     -2.011208e+03      9.026174e+01   
     0.066417        7.601361e+06      7.602935e+06     -1.655833e+03      8.217323e+01   
     0.091251        5.530788e+06      5.532113e+06     -1.404005e+03      7.879323e+01   
     0.119882        3.953211e+06      3.954313e+06     -1.178830e+03      7.658632e+01   
     0.152235        3.033557e+06      3.034506e+06     -1.023378e+03      7.437192e+01   
     0.188220        2.299551e+06      2.300359e+06     -8.803694e+02      7.170020e+01   
     0.227742        1.897737e+06      1.898456e+06     -7.872458e+02      6.837395e+01   
     0.270694        1.556219e+06      1.556853e+06     -6.986217e+02      6.430513e+01   
     0.316959        1.267530e+06      1.268086e+06     -6.147304e+02      5.947837e+01   
     0.366414        1.024921e+06      1.025403e+06     -5.359110e+02      5.395466e+01   
     0.418925        8.223091e+05      8.227238e+05     -4.625622e+02      4.787689e+01   
     0.474351        6.542354e+05      6.545890e+05     -3.950938e+02      4.147321e+01   
     0.532541        5.816100e+05      5.819294e+05     -3.545300e+02      3.505698e+01   
     0.593339        4.563627e+05      4.566309e+05     -2.972195e+02      2.900786e+01   
     0.656582        4.027306e+05      4.029699e+05     -2.630736e+02      2.373824e+01   
     0.722098        3.110963e+05      3.112940e+05     -2.172833e+02      1.964007e+01   
     0.789711        2.375380e+05      2.376993e+05     -1.783910e+02      1.701133e+01   
     0.859239        2.065974e+05      2.067381e+05     -1.567336e+02      1.597850e+01   
     0.930495        1.547001e+05      1.548121e+05     -1.284897e+02      1.642587e+01   
     1.003286        1.141544e+05      1.142418e+05     -1.053796e+02      1.796537e+01   
     1.077416        8.288064e+04      8.294714e+04     -8.646516e+01      1.996852e+01   
     1.152685        4.953407e+04      4.957726e+04     -6.486718e+01      2.167801e+01   
     1.228890        2.820865e+04      2.823402e+04     -4.776291e+01      2.238464e+01   
     1.305826        5.905268e+03      5.905016e+03     -2.137063e+01      2.162249e+01   
     1.383286        4.358384e+01      2.565308e+01     -1.378831e+00      1.930960e+01   
     1.461060        1.577159e+01      0.000000e+00      0.000000e+00      1.577159e+01   
     1.538940        1.162821e+01      0.000000e+00      0.000000e+00      1.162821e+01   
     1.616714        7.585267e+00      0.000000e+00      0.000000e+00      7.585267e+00   
     1.694174        4.220749e+00      0.000000e+00      0.000000e+00      4.220749e+00   
     1.771110        1.850454e+00      0.000000e+00      0.000000e+00      1.850454e+00   
     1.847315        5.102361e-01      0.000000e+00      0.000000e+00      5.102361e-01   
     1.922584        3.240896e-02      0.000000e+00      0.000000e+00      3.240896e-02   
     1.996714        1.585458e-01      0.000000e+00      0.000000e+00      1.585458e-01   
     2.069505        6.346146e-01      0.000000e+00      0.000000e+00      6.346146e-01   
     2.140761        1.262896e+00      0.000000e+00      0.000000e+00      1.262896e+00   
     2.210289        1.913856e+00      0.000000e+00      0.000000e+00      1.913856e+00   
     2.277902        2.514991e+00      0.000000e+00      0.000000e+00      2.514991e+00   
     2.343418        3.032867e+00      0.000000e+00      0.000000e+00      3.032867e+00   
     2.406661        3.457452e+00      0.000000e+00      0.000000e+00      3.457452e+00   
     2.467459        3.791361e+00      0.000000e+00      0.000000e+00      3.791361e+00   
     2.525649        4.043398e+00      0.000000e+00      0.000000e+00      4.043398e+00   
     2.581075        4.224913e+00      0.000000e+00      0.000000e+00      4.224913e+00   
     2.633586        4.347810e+00      0.000000e+00      0.000000e+00      4.347810e+00   
     2.683041        4.423480e+00      0.000000e+00      0.000000e+00      4.423480e+00   
     2.729306        4.462254e+00      0.000000e+00      0.000000e+00      4.462254e+00   
     2.772258        4.473181e+00      0.000000e+00      0.000000e+00      4.473181e+00   
     2.811780        4.463976e+00      0.000000e+00      0.000000e+00      4.463976e+00   
     2.847765        4.441090e+00      0.000000e+00      0.000000e+00      4.441090e+00   
     2.880118        4.409826e+00      0.000000e+00      0.000000e+00      4.409826e+00   
     2.908749        4.374475e+00      0.000000e+00      0.000000e+00      4.374475e+00   
     2.933583        4.338465e+00      0.000000e+00      0.000000e+00      4.338465e+00   
     2.954553        4.304488e+00      0.000000e+00      0.000000e+00      4.304488e+00   
     2.971601        4.274617e+00      0.000000e+00      0.000000e+00      4.274617e+00   
     2.984682        4.250411e+00      0.000000e+00      0.000000e+00      4.250411e+00   
     2.993761        4.232983e+00      0.000000e+00      0.000000e+00      4.232983e+00   
     2.998815        4.223065e+00      0.000000e+00      0.000000e+00      4.223065e+00   
     3.004739        4.211249e+00      0.000000e+00      0.000000e+00      4.211249e+00   
     3.024957        4.169430e+00      0.000000e+00      0.000000e+00      4.169430e+00   
     3.061273        4.088952e+00      0.000000e+00      0.000000e+00      4.088952e+00   
     3.113597        3.962565e+00      0.000000e+00      0.000000e+00      3.962565e+00   
     3.181789        3.783268e+00      0.000000e+00      0.000000e+00      3.783268e+00   
     3.265666        3.547046e+00      0.000000e+00      0.000000e+00      3.547046e+00   
     3.365002        3.255108e+00      0.000000e+00      0.000000e+00      3.255108e+00   
     3.479529        2.915000e+00      0.000000e+00      0.000000e+00      2.915000e+00   
     3.608938        2.540267e+00      0.000000e+00      0.000000e+00      2.540267e+00   
     3.752880        2.148769e+00      0.000000e+00      0.000000e+00      2.148769e+00   
     3.910968        1.760120e+00      0.000000e+00      0.000000e+00      1.760120e+00   
     4.082775        1.392908e+00      0.000000e+00      0.000000e+00      1.392908e+00   
     4.267838        1.062323e+00      0.000000e+00      0.000000e+00      1.062323e+00   
     4.465657        7.786217e-01      0.000000e+00      0.000000e+00      7.786217e-01   
     4.675701        5.465956e-01      0.000000e+00      0.000000e+00      5.465956e-01   
     4.897402        3.659505e-01      0.000000e+00      0.000000e+00      3.659505e-01   
     5.130163        2.323542e-01      0.000000e+00      0.000000e+00      2.323542e-01   
     5.373356        1.388289e-01      0.000000e+00      0.000000e+00      1.388289e-01   
     5.626327        7.718119e-02      0.000000e+00      0.000000e+00      7.718119e-02   
     5.888392        3.923111e-02      0.000000e+00      0.000000e+00      3.923111e-02   
     6.158845        1.769627e-02      0.000000e+00      0.000000e+00      1.769627e-02   
     6.436958        6.685763e-03      0.000000e+00      0.000000e+00      6.685763e-03   
     6.721980        1.841877e-03      0.000000e+00      0.000000e+00      1.841877e-03   
     7.013143        2.208586e-04      0.000000e+00      0.000000e+00      2.208586e-04   
     7.309662        2.343589e-05      0.000000e+00      0.000000e+00      2.343589e-05   
     7.610739        2.763506e-04      0.000000e+00      0.000000e+00      2.763506e-04   
     7.915560        5.378211e-04      0.000000e+00      0.000000e+00      5.378211e-04   
     8.223305        6.661238e-04      0.000000e+00      0.000000e+00      6.661238e-04   
     8.533144        6.614469e-04      0.000000e+00      0.000000e+00      6.614469e-04   
     8.844241        5.722217e-04      0.000000e+00      0.000000e+00      5.722217e-04   
     9.155759        4.487070e-04      0.000000e+00      0.000000e+00      4.487070e-04   
     9.466856        3.260164e-04      0.000000e+00      0.000000e+00      3.260164e-04   
     9.776695        2.224336e-04      0.000000e+00      0.000000e+00      2.224336e-04   
    10.084440        1.437282e-04      0.000000e+00      0.000000e+00      1.437282e-04   
    10.389261        8.842997e-05      0.000000e+00      0.000000e+00      8.842997e-05   
    10.690338        5.196224e-05      0.000000e+00      0.000000e+00      5.196224e-05   
    10.986857        2.918808e-05      0.000000e+00      0.000000e+00      2.918808e-05   
    11.278020        1.565138e-05      0.000000e+00      0.000000e+00      1.565138e-05   
    11.563042        7.976769e-06      0.000000e+00      0.000000e+00      7.976769e-06   
    11.841155        3.829585e-06      0.000000e+00      0.000000e+00      3.829585e-06   
    12.111608        1.703072e-06      0.000000e+00      0.000000e+00      1.703072e-06   
    12.373673        6.791940e-07      0.000000e+00      0.000000e+00      6.791940e-07   
    12.626644        2.266095e-07      0.000000e+00      0.000000e+00      2.266095e-07   
    12.869837        5.252760e-08      0.000000e+00      0.000000e+00      5.252760e-08   
    13.102598        3.602084e-09      0.000000e+00      0.000000e+00      3.602084e-09   
    13.324299        4.041848e-09      0.000000e+00      0.000000e+00      4.041848e-09   
    13.534343        1.909146e-08      0.000000e+00      0.000000e+00      1.909146e-08   
    13.732162        3.454752e-08      0.000000e+00      0.000000e+00      3.454752e-08   
    13.917225        4.582040e-08      0.000000e+00      0.000000e+00      4.582040e-08   
    14.089032        5.239113e-08      0.000000e+00      0.000000e+00      5.239113e-08   
    14.247120        5.517263e-08      0.000000e+00      0.000000e+00      5.517263e-08   
    14.391062        5.535810e-08      0.000000e+00      0.000000e+00      5.535810e-08   
    14.520471        5.398818e-08      0.000000e+00      0.000000e+00      5.398818e-08   
    14.634998        5.183995e-08      0.000000e+00      0.000000e+00      5.183995e-08   
    14.734334        4.944344e-08      0.000000e+00      0.000000e+00      4.944344e-08   
    14.818211        4.713692e-08      0.000000e+00      0.000000e+00      4.713692e-08   
    14.886403        4.512403e-08      0.000000e+00      0.000000e+00      4.512403e-08   
    14.938727        4.351968e-08      0.000000e+00      0.000000e+00      4.351968e-08   
    14.975043        4.239453e-08      0.000000e+00      0.000000e+00      4.239453e-08   
    14.995261        4.177267e-08      0.000000e+00      0.000000e+00      4.177267e-08   