#        q              total               1              \delta U         \delta U^2    

     0.001185        3.917767e+08      3.917822e+08     -6.849687e+03      1.412394e+03   
     0.006239        1.021855e+08      1.021879e+08     -2.718471e+03      3.454582e+02   
     0.015318        4.569516e+07      4.569672e+07     -1.680377e+03      1.114195e+02   
     0.028399        2.344398e+07      2.344510e+07     -1.157357e+03      4.072815e+01   
     0.045447        1.469768e+07      1.469856e+07     -8.977186e+02      1.424675e+01   
     0.066417        9.548092e+06      9.548804e+06     -7.167916e+02      4.799846e+00   
     0.091251        6.498477e+06      6.499064e+06     -5.891317e+02      1.744400e+00   
     0.119882        4.687646e+06      4.688144e+06     -4.996386e+02      7.893091e-01   
     0.152235        3.624531e+06      3.624970e+06     -4.390770e+02      4.751290e-01   
     0.188220        2.770412e+06      2.770795e+06     -3.837542e+02      3.629200e-01   
     0.227742        2.091041e+06      2.091374e+06     -3.333294e+02      3.187264e-01   
     0.270694        1.720299e+06      1.720601e+06     -3.022844e+02      2.991552e-01   
     0.316959        1.267827e+06      1.268086e+06     -2.594572e+02      2.896315e-01   
     0.366414        1.025170e+06      1.025403e+06     -2.332630e+02      2.843059e-01   
     0.418925        9.191977e+05      9.194182e+05     -2.208266e+02      2.808880e-01   
     0.474351        7.344593e+05      7.346564e+05     -1.973431e+02      2.782681e-01   
     0.532541        5.817541e+05      5.819294e+05     -1.755859e+02      2.759819e-01   
     0.593339        5.159539e+05      5.161189e+05     -1.653092e+02      2.737273e-01   
     0.656582        4.028242e+05      4.029699e+05     -1.460238e+02      2.714220e-01   
     0.722098        3.111659e+05      3.112940e+05     -1.283047e+02      2.689549e-01   
     0.789711        2.723120e+05      2.724317e+05     -1.199968e+02      2.662477e-01   
     0.859239        2.066339e+05      2.067381e+05     -1.045108e+02      2.633012e-01   
     0.930495        1.547220e+05      1.548121e+05     -9.042820e+01      2.600873e-01   
     1.003286        1.141644e+05      1.142418e+05     -7.768264e+01      2.565944e-01   
     1.077416        8.288118e+04      8.294714e+04     -6.620699e+01      2.528293e-01   
     1.152685        4.952630e+04      4.957726e+04     -5.120874e+01      2.487989e-01   
     1.228890        2.308003e+04      2.311478e+04     -3.499342e+01      2.445421e-01   
     1.305826        3.449008e+03      3.462327e+03     -1.355936e+01      2.402355e-01   
     1.383286        2.403906e-01      6.190216e-02     -5.742986e-02      2.359183e-01   
     1.461060        2.313493e-01      0.000000e+00      0.000000e+00      2.313493e-01   
     1.538940        2.264437e-01      0.000000e+00      0.000000e+00      2.264437e-01   
     1.616714        2.212966e-01      0.000000e+00      0.000000e+00      2.212966e-01   
     1.694174        2.159680e-01      0.000000e+00      0.000000e+00      2.159680e-01   
     1.771110        2.105049e-01      0.000000e+00      0.000000e+00      2.105049e-01   
     1.847315        2.049475e-01      0.000000e+00      0.000000e+00      2.049475e-01   
     1.922584        1.993346e-01      0.000000e+00      0.000000e+00      1.993346e-01   
     1.996714        1.937032e-01      0.000000e+00      0.000000e+00      1.937032e-01   
     2.069505        1.880888e-01      0.000000e+00      0.000000e+00      1.880888e-01   
     2.140761        1.825248e-01      0.000000e+00      0.000000e+00      1.825248e-01   
     2.210289        1.770420e-01      0.000000e+00      0.000000e+00      1.770420e-01   
     2.277902        1.716686e-01      0.000000e+00      0.000000e+00      1.716686e-01   
     2.343418        1.664281e-01      0.000000e+00      0.000000e+00      1.664281e-01   
     2.406661        1.613396e-01      0.000000e+00      0.000000e+00      1.613396e-01   
     2.467459        1.564157e-01      0.000000e+00      0.000000e+00      1.564157e-01   
     2.525649        1.516615e-01      0.000000e+00      0.000000e+00      1.516615e-01   
     2.581075        1.470724e-01      0.000000e+00      0.000000e+00      1.470724e-01   
     2.633586        1.426326e-01      0.000000e+00      0.000000e+00      1.426326e-01   
     2.683041        1.383152e-01      0.000000e+00      0.000000e+00      1.383152e-01   
     2.729306        1.340838e-01      0.000000e+00      0.000000e+00      1.340838e-01   
     2.772258        1.299008e-01      0.000000e+00      0.000000e+00      1.299008e-01   
     2.811780        1.257391e-01      0.000000e+00      0.000000e+00      1.257391e-01   
     2.847765        1.215988e-01      0.000000e+00      0.000000e+00      1.215988e-01   
     2.880118        1.175160e-01      0.000000e+00      0.000000e+00      1.175160e-01   
     2.908749        1.135647e-01      0.000000e+00      0.000000e+00      1.135647e-01   
     2.933583        1.098478e-01      0.000000e+00      0.000000e+00      1.098478e-01   
     2.954553        1.064785e-01      0.000000e+00      0.000000e+00      1.064785e-01   
     2.971601        1.035619e-01      0.000000e+00      0.000000e+00      1.035619e-01   
     2.984682        1.011757e-01      0.000000e+00      0.000000e+00      1.011757e-01   
     2.993761        9.934037e-02      0.000000e+00      0.000000e+00      9.934037e-02   
     2.998815        9.775609e-02      0.000000e+00      0.000000e+00      9.775609e-02   
     3.004739        5.962768e+00      0.000000e+00      0.000000e+00      5.962768e+00   
     3.024957        6.057097e+00      0.000000e+00      0.000000e+00      6.057097e+00   
     3.061273        6.102817e+00      0.000000e+00      0.000000e+00      6.102817e+00   
     3.113597        5.910243e+00      0.000000e+00      0.000000e+00      5.910243e+00   
     3.181789        5.370889e+00      0.000000e+00      0.000000e+00      5.370889e+00   
     3.265666        4.640765e+00      0.000000e+00      0.000000e+00      4.640765e+00   
     3.365002        3.954912e+00      0.000000e+00      0.000000e+00      3.954912e+00   
     3.479529        3.363517e+00      0.000000e+00      0.000000e+00      3.363517e+00   
     3.608938        2.830558e+00      0.000000e+00      0.000000e+00      2.830558e+00   
     3.752880        2.338663e+00      0.000000e+00      0.000000e+00      2.338663e+00   
     3.910968        1.887170e+00      0.000000e+00      0.000000e+00      1.887170e+00   
     4.082775        1.481481e+00      0.000000e+00      0.000000e+00      1.481481e+00   
     4.267838        1.127702e+00      0.000000e+00      0.000000e+00      1.127702e+00   
     4.465657        8.298026e-01      0.000000e+00      0.000000e+00      8.298026e-01   
     4.675701        5.883855e-01      0.000000e+00      0.000000e+00      5.883855e-01   
     4.897402        4.005879e-01      0.000000e+00      0.000000e+00      4.005879e-01   
     5.130163        2.607218e-01      0.000000e+00      0.000000e+00      2.607218e-01   
     5.373356        1.612941e-01      0.000000e+00      0.000000e+00      1.612941e-01   
     5.626327        9.410141e-02      0.000000e+00      0.000000e+00      9.410141e-02   
     5.888392        5.117902e-02      0.000000e+00      0.000000e+00      5.117902e-02   
     6.158845        2.548061e-02      0.000000e+00      0.000000e+00      2.548061e-02   
     6.436958        1.125425e-02      0.000000e+00      0.000000e+00      1.125425e-02   
     6.721980        4.144635e-03      0.000000e+00      0.000000e+00      4.144635e-03   
     7.013143        1.092152e-03      0.000000e+00      0.000000e+00      1.092152e-03   
     7.309662        1.116701e-04      0.000000e+00      0.000000e+00      1.116701e-04   
     7.610739        2.678362e-05      0.000000e+00      0.000000e+00      2.678362e-05   
     7.915560        2.154824e-04      0.000000e+00      0.000000e+00      2.154824e-04   
     8.223305        3.999311e-04      0.000000e+00      0.000000e+00      3.999311e-04   
     8.533144        4.922453e-04      0.000000e+00      0.000000e+00      4.922453e-04   
     8.844241        4.934732e-04      0.000000e+00      0.000000e+00      4.934732e-04   
     9.155759        4.351284e-04      0.000000e+00      0.000000e+00      4.351284e-04   
     9.466856        3.503501e-04      0.000000e+00      0.000000e+00      3.503501e-04   
     9.776695        2.631005e-04      0.000000e+00      0.000000e+00      2.631005e-04   
    10.084440        1.867298e-04      0.000000e+00      0.000000e+00      1.867298e-04   
    10.389261        1.263526e-04      0.000000e+00      0.000000e+00      1.263526e-04   
    10.690338        8.200546e-05      0.000000e+00      0.000000e+00      8.200546e-05   
    10.986857        5.125926e-05      0.000000e+00      0.000000e+00      5.125926e-05   
    11.278020        3.093939e-05      0.000000e+00      0.000000e+00      3.093939e-05   
    11.563042        1.805607e-05      0.000000e+00      0.000000e+00      1.805607e-05   
    11.841155        1.018726e-05      0.000000e+00      0.000000e+00      1.018726e-05   
    12.111608        5.546556e-06      0.000000e+00      0.000000e+00      5.546556e-06   
    12.373673        2.902074e-06      0.000000e+00      0.000000e+00      2.902074e-06   
    12.626644        1.447848e-06      0.000000e+00      0.000000e+00      1.447848e-06   
    12.869837        6.792176e-07      0.000000e+00      0.000000e+00      6.792176e-07   
    13.102598        2.920375e-07      0.000000e+00      0.000000e+00      2.920375e-07   
    13.324299        1.093145e-07      0.000000e+00      0.000000e+00      1.093145e-07   
    13.534343        3.151813e-08      0.000000e+00      0.000000e+00      3.151813e-08   
    13.732162        4.621974e-09      0.000000e+00      0.000000e+00      4.621974e-09   
    13.917225        4.320082e-10      0.000000e+00      0.000000e+00      4.320082e-10   
    14.089032        4.937998e-09      0.000000e+00      0.000000e+00      4.937998e-09   
    14.247120        1.163948e-08      0.000000e+00      0.000000e+00      1.163948e-08   
    14.391062        1.784379e-08      0.000000e+00      0.000000e+00      1.784379e-08   
    14.520471        2.268434e-08      0.000000e+00      0.000000e+00      2.268434e-08   
    14.634998        2.609948e-08      0.000000e+00      0.000000e+00      2.609948e-08   
    14.734334        2.832909e-08      0.000000e+00      0.000000e+00      2.832909e-08   
    14.818211        2.968199e-08      0.000000e+00      0.000000e+00      2.968199e-08   
    14.886403        3.043975e-08      0.000000e+00      0.000000e+00      3.043975e-08   
    14.938727        3.082528e-08      0.000000e+00      0.000000e+00      3.082528e-08   
    14.975043        3.099902e-08      0.000000e+00      0.000000e+00      3.099902e-08   
    14.995261        3.106446e-08      0.000000e+00      0.000000e+00      3.106446e-08   