#        q              total               1              \delta U         \delta U^2    

     0.001185        3.917702e+08      3.917822e+08     -1.268502e+04      6.854774e+02   
     0.006239        1.021820e+08      1.021879e+08     -6.135258e+03      2.232926e+02   
     0.015318        4.569281e+07      4.569672e+07     -4.039269e+03      1.226997e+02   
     0.028399        2.344232e+07      2.344510e+07     -2.870347e+03      9.329083e+01   
     0.045447        1.469638e+07      1.469856e+07     -2.262315e+03      8.268175e+01   
     0.066417        9.547064e+06      9.548804e+06     -1.818504e+03      7.859955e+01   
     0.091251        6.497643e+06      6.499064e+06     -1.497546e+03      7.659181e+01   
     0.119882        4.686950e+06      4.688144e+06     -1.269946e+03      7.499101e+01   
     0.152235        3.623928e+06      3.624970e+06     -1.114889e+03      7.317560e+01   
     0.188220        2.769893e+06      2.770795e+06     -9.728959e+02      7.088180e+01   
     0.227742        2.090599e+06      2.091374e+06     -8.433854e+02      6.796998e+01   
     0.270694        1.719902e+06      1.720601e+06     -7.630703e+02      6.435997e+01   
     0.316959        1.267492e+06      1.268086e+06     -6.533286e+02      6.002501e+01   
     0.366414        1.024872e+06      1.025403e+06     -5.859547e+02      5.499869e+01   
     0.418925        9.189140e+05      9.194182e+05     -5.536589e+02      4.938724e+01   
     0.474351        7.342053e+05      7.346564e+05     -4.944092e+02      4.338221e+01   
     0.532541        5.815262e+05      5.819294e+05     -4.404790e+02      3.726677e+01   
     0.593339        5.157337e+05      5.161189e+05     -4.165974e+02      3.140822e+01   
     0.656582        4.026247e+05      4.029699e+05     -3.714129e+02      2.623141e+01   
     0.722098        3.109847e+05      3.112940e+05     -3.314236e+02      2.217169e+01   
     0.789711        2.721341e+05      2.724317e+05     -3.171929e+02      1.960241e+01   
     0.859239        2.064717e+05      2.067381e+05     -2.851454e+02      1.875075e+01   
     0.930495        1.545748e+05      1.548121e+05     -2.569388e+02      1.961559e+01   
     1.003286        1.140319e+05      1.142418e+05     -2.317878e+02      2.191830e+01   
     1.077416        8.276336e+04      8.294714e+04     -2.088922e+02      2.511252e+01   
     1.152685        4.943403e+04      4.957726e+04     -1.717013e+02      2.847256e+01   
     1.228890        2.302098e+04      2.311478e+04     -1.250476e+02      3.125053e+01   
     1.305826        3.443491e+03      3.462327e+03     -5.169603e+01      3.286038e+01   
     1.383286        3.285036e+01      6.190216e-02     -2.335793e-01      3.302204e+01   
     1.461060        3.180647e+01      0.000000e+00      0.000000e+00      3.180647e+01   
     1.538940        2.956258e+01      0.000000e+00      0.000000e+00      2.956258e+01   
     1.616714        2.676314e+01      0.000000e+00      0.000000e+00      2.676314e+01   
     1.694174        2.384444e+01      0.000000e+00      0.000000e+00      2.384444e+01   
     1.771110        2.110642e+01      0.000000e+00      0.000000e+00      2.110642e+01   
     1.847315        1.869587e+01      0.000000e+00      0.000000e+00      1.869587e+01   
     1.922584        1.664714e+01      0.000000e+00      0.000000e+00      1.664714e+01   
     1.996714        1.493730e+01      0.000000e+00      0.000000e+00      1.493730e+01   
     2.069505        1.352508e+01      0.000000e+00      0.000000e+00      1.352508e+01   
     2.140761        1.236748e+01      0.000000e+00      0.000000e+00      1.236748e+01   
     2.210289        1.142286e+01      0.000000e+00      0.000000e+00      1.142286e+01   
     2.277902        1.065089e+01      0.000000e+00      0.000000e+00      1.065089e+01   
     2.343418        1.001371e+01      0.000000e+00      0.000000e+00      1.001371e+01   
     2.406661        9.478155e+00      0.000000e+00      0.000000e+00      9.478155e+00   
     2.467459        9.017511e+00      0.000000e+00      0.000000e+00      9.017511e+00   
     2.525649        8.611991e+00      0.000000e+00      0.000000e+00      8.611991e+00   
     2.581075        8.248039e+00      0.000000e+00      0.000000e+00      8.248039e+00   
     2.633586        7.917019e+00      0.000000e+00      0.000000e+00      7.917019e+00   
     2.683041        7.613813e+00      0.000000e+00      0.000000e+00      7.613813e+00   
     2.729306        7.335612e+00      0.000000e+00      0.000000e+00      7.335612e+00   
     2.772258        7.081014e+00      0.000000e+00      0.000000e+00      7.081014e+00   
     2.811780        6.849409e+00      0.000000e+00      0.000000e+00      6.849409e+00   
     2.847765        6.640586e+00      0.000000e+00      0.000000e+00      6.640586e+00   
     2.880118        6.454501e+00      0.000000e+00      0.000000e+00      6.454501e+00   
     2.908749        6.291157e+00      0.000000e+00      0.000000e+00      6.291157e+00   
     2.933583        6.150543e+00      0.000000e+00      0.000000e+00      6.150543e+00   
     2.954553        6.032619e+00      0.000000e+00      0.000000e+00      6.032619e+00   
     2.971601        5.937316e+00      0.000000e+00      0.000000e+00      5.937316e+00   
     2.984682        5.864549e+00      0.000000e+00      0.000000e+00      5.864549e+00   
     2.993761        5.814234e+00      0.000000e+00      0.000000e+00      5.814234e+00   
     2.998815        5.786291e+00      0.000000e+00      0.000000e+00      5.786291e+00   
     3.004739        5.753606e+00      0.000000e+00      0.000000e+00      5.753606e+00   
     3.024957        5.642581e+00      0.000000e+00      0.000000e+00      5.642581e+00   
     3.061273        5.445290e+00      0.000000e+00      0.000000e+00      5.445290e+00   
     3.113597        5.166243e+00      0.000000e+00      0.000000e+00      5.166243e+00   
     3.181789        4.812752e+00      0.000000e+00      0.000000e+00      4.812752e+00   
     3.265666        4.395502e+00      0.000000e+00      0.000000e+00      4.395502e+00   
     3.365002        3.928889e+00      0.000000e+00      0.000000e+00      3.928889e+00   
     3.479529        3.430757e+00      0.000000e+00      0.000000e+00      3.430757e+00   
     3.608938        2.921323e+00      0.000000e+00      0.000000e+00      2.921323e+00   
     3.752880        2.421376e+00      0.000000e+00      0.000000e+00      2.421376e+00   
     3.910968        1.950161e+00      0.000000e+00      0.000000e+00      1.950161e+00   
     4.082775        1.523417e+00      0.000000e+00      0.000000e+00      1.523417e+00   
     4.267838        1.152017e+00      0.000000e+00      0.000000e+00      1.152017e+00   
     4.465657        8.414374e-01      0.000000e+00      0.000000e+00      8.414374e-01   
     4.675701        5.920252e-01      0.000000e+00      0.000000e+00      5.920252e-01   
     4.897402        3.998984e-01      0.000000e+00      0.000000e+00      3.998984e-01   
     5.130163        2.581946e-01      0.000000e+00      0.000000e+00      2.581946e-01   
     5.373356        1.584060e-01      0.000000e+00      0.000000e+00      1.584060e-01   
     5.626327        9.158686e-02      0.000000e+00      0.000000e+00      9.158686e-02   
     5.888392        4.929852e-02      0.000000e+00      0.000000e+00      4.929852e-02   
     6.158845        2.423296e-02      0.000000e+00      0.000000e+00      2.423296e-02   
     6.436958        1.052113e-02      0.000000e+00      0.000000e+00      1.052113e-02   
     6.721980        3.777252e-03      0.000000e+00      0.000000e+00      3.777252e-03   
     7.013143        9.556621e-04      0.000000e+00      0.000000e+00      9.556621e-04   
     7.309662        1.026517e-04      0.000000e+00      0.000000e+00      1.026517e-04   
     7.610739        7.531112e-05      0.000000e+00      0.000000e+00      7.531112e-05   
     7.915560        2.798326e-04      0.000000e+00      0.000000e+00      2.798326e-04   
     8.223305        4.588730e-04      0.000000e+00      0.000000e+00      4.588730e-04   
     8.533144        5.376567e-04      0.000000e+00      0.000000e+00      5.376567e-04   
     8.844241        5.245102e-04      0.000000e+00      0.000000e+00      5.245102e-04   
     9.155759        4.542327e-04      0.000000e+00      0.000000e+00      4.542327e-04   
     9.466856        3.608678e-04      0.000000e+00      0.000000e+00      3.608678e-04   
     9.776695        2.680874e-04      0.000000e+00      0.000000e+00      2.680874e-04   
    10.084440        1.885116e-04      0.000000e+00      0.000000e+00      1.885116e-04   
    10.389261        1.264929e-04      0.000000e+00      0.000000e+00      1.264929e-04   
    10.690338        8.144987e-05      0.000000e+00      0.000000e+00      8.144987e-05   
    10.986857        5.051941e-05      0.000000e+00      0.000000e+00      5.051941e-05   
    11.278020        3.025457e-05      0.000000e+00      0.000000e+00      3.025457e-05   
    11.563042        1.751189e-05      0.000000e+00      0.000000e+00      1.751189e-05   
    11.841155        9.792650e-06      0.000000e+00      0.000000e+00      9.792650e-06   
    12.111608        5.278697e-06      0.000000e+00      0.000000e+00      5.278697e-06   
    12.373673        2.729966e-06      0.000000e+00      0.000000e+00      2.729966e-06   
    12.626644        1.342886e-06      0.000000e+00      0.000000e+00      1.342886e-06   
    12.869837        6.187967e-07      0.000000e+00      0.000000e+00      6.187967e-07   
    13.102598        2.598257e-07      0.000000e+00      0.000000e+00      2.598257e-07   
    13.324299        9.421374e-08      0.000000e+00      0.000000e+00      9.421374e-08   
    13.534343        2.633381e-08      0.000000e+00      0.000000e+00      2.633381e-08   
    13.732162        4.873332e-09      0.000000e+00      0.000000e+00      4.873332e-09   
    13.917225        3.432421e-09      0.000000e+00      0.000000e+00      3.432421e-09   
    14.089032        9.140057e-09      0.000000e+00      0.000000e+00      9.140057e-09   
    14.247120        1.619442e-08      0.000000e+00      0.000000e+00      1.619442e-08   
    14.391062        2.231769e-08      0.000000e+00      0.000000e+00      2.231769e-08   
    14.520471        2.688159e-08      0.000000e+00      0.000000e+00      2.688159e-08   
    14.634998        2.995613e-08      0.000000e+00      0.000000e+00      2.995613e-08   
    14.734334        3.185028e-08      0.000000e+00      0.000000e+00      3.185028e-08   
    14.818211        3.290640e-08      0.000000e+00      0.000000e+00      3.290640e-08   
    14.886403        3.342029e-08      0.000000e+00      0.000000e+00      3.342029e-08   
    14.938727        3.361939e-08      0.000000e+00      0.000000e+00      3.361939e-08   
    14.975043        3.366281e-08      0.000000e+00      0.000000e+00      3.366281e-08   
    14.995261        3.365730e-08      0.000000e+00      0.000000e+00      3.365730e-08   