#        q              total               1              \delta U         \delta U^2    

     0.001185        2.023808e+04      2.038353e+04     -1.565224e+02      1.107432e+01   
     0.006239        1.488027e+04      1.502589e+04     -1.566914e+02      1.107423e+01   
     0.015318        1.085336e+04      1.099897e+04     -1.566802e+02      1.107378e+01   
     0.028399        6.924116e+03      7.069714e+03     -1.566714e+02      1.107251e+01   
     0.045447        4.908843e+03      5.054446e+03     -1.566719e+02      1.106947e+01   
     0.066417        4.063768e+03      4.209232e+03     -1.565278e+02      1.106416e+01   
     0.091251        3.459955e+03      3.605292e+03     -1.563926e+02      1.105544e+01   
     0.119882        2.916995e+03      3.062073e+03     -1.561200e+02      1.104246e+01   
     0.152235        2.547903e+03      2.692571e+03     -1.556927e+02      1.102458e+01   
     0.188220        2.103840e+03      2.247872e+03     -1.550337e+02      1.100164e+01   
     0.227742        1.901895e+03      2.045177e+03     -1.542561e+02      1.097400e+01   
     0.270694        1.622558e+03      1.764570e+03     -1.529552e+02      1.094343e+01   
     0.316959        1.451997e+03      1.592536e+03     -1.514518e+02      1.091263e+01   
     0.366414        1.293488e+03      1.432064e+03     -1.494624e+02      1.088665e+01   
     0.418925        1.146793e+03      1.282750e+03     -1.468289e+02      1.087172e+01   
     0.474351        1.078615e+03      1.212152e+03     -1.444132e+02      1.087633e+01   
     0.532541        9.493255e+02      1.078823e+03     -1.404068e+02      1.090930e+01   
     0.593339        8.312685e+02      9.556474e+02     -1.353598e+02      1.098092e+01   
     0.656582        7.775772e+02      8.977415e+02     -1.312648e+02      1.110049e+01   
     0.722098        6.759956e+02      7.890424e+02     -1.243221e+02      1.127528e+01   
     0.789711        6.305822e+02      7.381486e+02     -1.190729e+02      1.150645e+01   
     0.859239        5.445568e+02      6.430212e+02     -1.102591e+02      1.179476e+01   
     0.930495        4.681645e+02      5.564389e+02     -1.004048e+02      1.213036e+01   
     1.003286        4.007339e+02      4.779996e+02     -8.976067e+01      1.249500e+01   
     1.077416        3.414933e+02      4.073012e+02     -7.866825e+01      1.286029e+01   
     1.152685        2.649605e+02      3.148881e+02     -6.312823e+01      1.320063e+01   
     1.228890        2.027547e+02      2.376301e+02     -4.835432e+01      1.347891e+01   
     1.305826        6.241467e+01      6.207787e+01     -1.331909e+01      1.365588e+01   
     1.383286        1.544452e+01      2.287079e+00     -5.448268e-01      1.370227e+01   
     1.461060        1.359898e+01      0.000000e+00      0.000000e+00      1.359898e+01   
     1.538940        1.333318e+01      0.000000e+00      0.000000e+00      1.333318e+01   
     1.616714        1.290643e+01      0.000000e+00      0.000000e+00      1.290643e+01   
     1.694174        1.233100e+01      0.000000e+00      0.000000e+00      1.233100e+01   
     1.771110        1.162806e+01      0.000000e+00      0.000000e+00      1.162806e+01   
     1.847315        1.082728e+01      0.000000e+00      0.000000e+00      1.082728e+01   
     1.922584        9.966394e+00      0.000000e+00      0.000000e+00      9.966394e+00   
     1.996714        9.081647e+00      0.000000e+00      0.000000e+00      9.081647e+00   
     2.069505        8.204082e+00      0.000000e+00      0.000000e+00      8.204082e+00   
     2.140761        7.359517e+00      0.000000e+00      0.000000e+00      7.359517e+00   
     2.210289        6.567634e+00      0.000000e+00      0.000000e+00      6.567634e+00   
     2.277902        5.841527e+00      0.000000e+00      0.000000e+00      5.841527e+00   
     2.343418        5.188064e+00      0.000000e+00      0.000000e+00      5.188064e+00   
     2.406661        4.609655e+00      0.000000e+00      0.000000e+00      4.609655e+00   
     2.467459        4.103357e+00      0.000000e+00      0.000000e+00      4.103357e+00   
     2.525649        3.663702e+00      0.000000e+00      0.000000e+00      3.663702e+00   
     2.581075        3.284432e+00      0.000000e+00      0.000000e+00      3.284432e+00   
     2.633586        2.958740e+00      0.000000e+00      0.000000e+00      2.958740e+00   
     2.683041        2.680364e+00      0.000000e+00      0.000000e+00      2.680364e+00   
     2.729306        2.442917e+00      0.000000e+00      0.000000e+00      2.442917e+00   
     2.772258        2.240732e+00      0.000000e+00      0.000000e+00      2.240732e+00   
     2.811780        2.069096e+00      0.000000e+00      0.000000e+00      2.069096e+00   
     2.847765        1.924072e+00      0.000000e+00      0.000000e+00      1.924072e+00   
     2.880118        1.802067e+00      0.000000e+00      0.000000e+00      1.802067e+00   
     2.908749        1.700400e+00      0.000000e+00      0.000000e+00      1.700400e+00   
     2.933583        1.616674e+00      0.000000e+00      0.000000e+00      1.616674e+00   
     2.954553        1.549098e+00      0.000000e+00      0.000000e+00      1.549098e+00   
     2.971601        1.496135e+00      0.000000e+00      0.000000e+00      1.496135e+00   
     2.984682        1.456670e+00      0.000000e+00      0.000000e+00      1.456670e+00   
     2.993761        1.429883e+00      0.000000e+00      0.000000e+00      1.429883e+00   
     2.998815        1.415162e+00      0.000000e+00      0.000000e+00      1.415162e+00   
     3.004739        1.398089e+00      0.000000e+00      0.000000e+00      1.398089e+00   
     3.024957        1.341268e+00      0.000000e+00      0.000000e+00      1.341268e+00   
     3.061273        1.244600e+00      0.000000e+00      0.000000e+00      1.244600e+00   
     3.113597        1.116614e+00      0.000000e+00      0.000000e+00      1.116614e+00   
     3.181789        9.679037e-01      0.000000e+00      0.000000e+00      9.679037e-01   
     3.265666        8.096652e-01      0.000000e+00      0.000000e+00      8.096652e-01   
     3.365002        6.523433e-01      0.000000e+00      0.000000e+00      6.523433e-01   
     3.479529        5.047874e-01      0.000000e+00      0.000000e+00      5.047874e-01   
     3.608938        3.737639e-01      0.000000e+00      0.000000e+00      3.737639e-01   
     3.752880        2.637006e-01      0.000000e+00      0.000000e+00      2.637006e-01   
     3.910968        1.765145e-01      0.000000e+00      0.000000e+00      1.765145e-01   
     4.082775        1.117675e-01      0.000000e+00      0.000000e+00      1.117675e-01   
     4.267838        6.711957e-02      0.000000e+00      0.000000e+00      6.711957e-02   
     4.465657        3.892572e-02      0.000000e+00      0.000000e+00      3.892572e-02   
     4.675701        2.291018e-02      0.000000e+00      0.000000e+00      2.291018e-02   
     4.897402        1.488156e-02      0.000000e+00      0.000000e+00      1.488156e-02   
     5.130163        1.130343e-02      0.000000e+00      0.000000e+00      1.130343e-02   
     5.373356        9.635548e-03      0.000000e+00      0.000000e+00      9.635548e-03   
     5.626327        8.387390e-03      0.000000e+00      0.000000e+00      8.387390e-03   
     5.888392        6.945542e-03      0.000000e+00      0.000000e+00      6.945542e-03   
     6.158845        5.274745e-03      0.000000e+00      0.000000e+00      5.274745e-03   
     6.436958        3.603118e-03      0.000000e+00      0.000000e+00      3.603118e-03   
     6.721980        2.180001e-03      0.000000e+00      0.000000e+00      2.180001e-03   
     7.013143        1.146663e-03      0.000000e+00      0.000000e+00      1.146663e-03   
     7.309662        5.113203e-04      0.000000e+00      0.000000e+00      5.113203e-04   
     7.610739        1.896266e-04      0.000000e+00      0.000000e+00      1.896266e-04   
     7.915560        6.491920e-05      0.000000e+00      0.000000e+00      6.491920e-05   
     8.223305        3.553167e-05      0.000000e+00      0.000000e+00      3.553167e-05   
     8.533144        3.612814e-05      0.000000e+00      0.000000e+00      3.612814e-05   
     8.844241        3.672446e-05      0.000000e+00      0.000000e+00      3.672446e-05   
     9.155759        3.047817e-05      0.000000e+00      0.000000e+00      3.047817e-05   
     9.466856        2.051843e-05      0.000000e+00      0.000000e+00      2.051843e-05   
     9.776695        1.127878e-05      0.000000e+00      0.000000e+00      1.127878e-05   
    10.084440        5.041447e-06      0.000000e+00      0.000000e+00      5.041447e-06   
    10.389261        1.864117e-06      0.000000e+00      0.000000e+00      1.864117e-06   
    10.690338        7.242802e-07      0.000000e+00      0.000000e+00      7.242802e-07   
    10.986857        5.314366e-07      0.000000e+00      0.000000e+00      5.314366e-07   
    11.278020        5.832161e-07      0.000000e+00      0.000000e+00      5.832161e-07   
    11.563042        5.854348e-07      0.000000e+00      0.000000e+00      5.854348e-07   
    11.841155        4.935812e-07      0.000000e+00      0.000000e+00      4.935812e-07   
    12.111608        3.560076e-07      0.000000e+00      0.000000e+00      3.560076e-07   
    12.373673        2.245921e-07      0.000000e+00      0.000000e+00      2.245921e-07   
    12.626644        1.257099e-07      0.000000e+00      0.000000e+00      1.257099e-07   
    12.869837        6.295811e-08      0.000000e+00      0.000000e+00      6.295811e-08   
    13.102598        2.851225e-08      0.000000e+00      0.000000e+00      2.851225e-08   
    13.324299        1.213601e-08      0.000000e+00      0.000000e+00      1.213601e-08   
    13.534343        5.584578e-09      0.000000e+00      0.000000e+00      5.584578e-09   
    13.732162        3.591588e-09      0.000000e+00      0.000000e+00      3.591588e-09   
    13.917225        3.334458e-09      0.000000e+00      0.000000e+00      3.334458e-09   
    14.089032        3.528355e-09      0.000000e+00      0.000000e+00      3.528355e-09   
    14.247120        3.703655e-09      0.000000e+00      0.000000e+00      3.703655e-09   
    14.391062        3.756947e-09      0.000000e+00      0.000000e+00      3.756947e-09   
    14.520471        3.710268e-09      0.000000e+00      0.000000e+00      3.710268e-09   
    14.634998        3.612224e-09      0.000000e+00      0.000000e+00      3.612224e-09   
    14.734334        3.503548e-09      0.000000e+00      0.000000e+00      3.503548e-09   
    14.818211        3.403877e-09      0.000000e+00      0.000000e+00      3.403877e-09   
    14.886403        3.319373e-09      0.000000e+00      0.000000e+00      3.319373e-09   
    14.938727        3.252232e-09      0.000000e+00      0.000000e+00      3.252232e-09   
    14.975043        3.206461e-09      0.000000e+00      0.000000e+00      3.206461e-09   
    14.995261        3.186077e-09      0.000000e+00      0.000000e+00      3.186077e-09   