#        q              total               1              \delta U         \delta U^2    

     0.001185        2.786116e+04      2.799222e+04     -1.339983e+02      2.940270e+00   
     0.006239        1.416476e+04      1.429601e+04     -1.341848e+02      2.939889e+00   
     0.015318        9.428741e+03      9.559992e+03     -1.341893e+02      2.938126e+00   
     0.028399        6.716379e+03      6.847642e+03     -1.341973e+02      2.934312e+00   
     0.045447        5.290603e+03      5.421911e+03     -1.342358e+02      2.927383e+00   
     0.066417        4.238824e+03      4.370081e+03     -1.341757e+02      2.919066e+00   
     0.091251        3.474043e+03      3.605292e+03     -1.341564e+02      2.908074e+00   
     0.119882        2.930874e+03      3.062073e+03     -1.340973e+02      2.898145e+00   
     0.152235        2.561490e+03      2.692571e+03     -1.339706e+02      2.889730e+00   
     0.188220        2.223130e+03      2.354058e+03     -1.338181e+02      2.889439e+00   
     0.227742        1.914542e+03      2.045177e+03     -1.335388e+02      2.904468e+00   
     0.270694        1.724787e+03      1.855048e+03     -1.332050e+02      2.944615e+00   
     0.316959        1.463077e+03      1.592536e+03     -1.324821e+02      3.022911e+00   
     0.366414        1.303514e+03      1.432064e+03     -1.317014e+02      3.152150e+00   
     0.418925        1.228252e+03      1.356037e+03     -1.311343e+02      3.349051e+00   
     0.474351        1.086019e+03      1.212152e+03     -1.297609e+02      3.627805e+00   
     0.532541        9.550039e+02      1.078823e+03     -1.278216e+02      4.002565e+00   
     0.593339        8.939954e+02      1.015991e+03     -1.264793e+02      4.483670e+00   
     0.656582        7.794971e+02      8.977415e+02     -1.233199e+02      5.075482e+00   
     0.722098        6.757110e+02      7.890424e+02     -1.191100e+02      5.778626e+00   
     0.789711        6.283646e+02      7.381486e+02     -1.163733e+02      6.589242e+00   
     0.859239        5.402242e+02      6.430212e+02     -1.102867e+02      7.489758e+00   
     0.930495        4.619652e+02      5.564389e+02     -1.029350e+02      8.461329e+00   
     1.003286        3.930361e+02      4.779996e+02     -9.443097e+01      9.467496e+00   
     1.077416        3.327648e+02      4.073012e+02     -8.500887e+01      1.047249e+01   
     1.152685        2.560341e+02      3.148881e+02     -7.026761e+01      1.141360e+01   
     1.228890        1.762338e+02      2.150106e+02     -5.097214e+01      1.219534e+01   
     1.305826        7.481475e+01      8.321451e+01     -2.099558e+01      1.259583e+01   
     1.383286        1.175998e+01      3.518584e-01     -9.940825e-02      1.150753e+01   
     1.461060        1.386489e+01      0.000000e+00      0.000000e+00      1.386489e+01   
     1.538940        1.470568e+01      0.000000e+00      0.000000e+00      1.470568e+01   
     1.616714        1.233720e+01      0.000000e+00      0.000000e+00      1.233720e+01   
     1.694174        1.104818e+01      0.000000e+00      0.000000e+00      1.104818e+01   
     1.771110        1.045983e+01      0.000000e+00      0.000000e+00      1.045983e+01   
     1.847315        1.012177e+01      0.000000e+00      0.000000e+00      1.012177e+01   
     1.922584        9.549164e+00      0.000000e+00      0.000000e+00      9.549164e+00   
     1.996714        8.447902e+00      0.000000e+00      0.000000e+00      8.447902e+00   
     2.069505        7.294022e+00      0.000000e+00      0.000000e+00      7.294022e+00   
     2.140761        6.378910e+00      0.000000e+00      0.000000e+00      6.378910e+00   
     2.210289        5.630710e+00      0.000000e+00      0.000000e+00      5.630710e+00   
     2.277902        4.996160e+00      0.000000e+00      0.000000e+00      4.996160e+00   
     2.343418        4.444939e+00      0.000000e+00      0.000000e+00      4.444939e+00   
     2.406661        3.965970e+00      0.000000e+00      0.000000e+00      3.965970e+00   
     2.467459        3.554438e+00      0.000000e+00      0.000000e+00      3.554438e+00   
     2.525649        3.208220e+00      0.000000e+00      0.000000e+00      3.208220e+00   
     2.581075        2.921875e+00      0.000000e+00      0.000000e+00      2.921875e+00   
     2.633586        2.685014e+00      0.000000e+00      0.000000e+00      2.685014e+00   
     2.683041        2.487357e+00      0.000000e+00      0.000000e+00      2.487357e+00   
     2.729306        2.320880e+00      0.000000e+00      0.000000e+00      2.320880e+00   
     2.772258        2.179773e+00      0.000000e+00      0.000000e+00      2.179773e+00   
     2.811780        2.059854e+00      0.000000e+00      0.000000e+00      2.059854e+00   
     2.847765        1.958022e+00      0.000000e+00      0.000000e+00      1.958022e+00   
     2.880118        1.871753e+00      0.000000e+00      0.000000e+00      1.871753e+00   
     2.908749        1.799254e+00      0.000000e+00      0.000000e+00      1.799254e+00   
     2.933583        1.739048e+00      0.000000e+00      0.000000e+00      1.739048e+00   
     2.954553        1.690049e+00      0.000000e+00      0.000000e+00      1.690049e+00   
     2.971601        1.651364e+00      0.000000e+00      0.000000e+00      1.651364e+00   
     2.984682        1.622362e+00      0.000000e+00      0.000000e+00      1.622362e+00   
     2.993761        1.602575e+00      0.000000e+00      0.000000e+00      1.602575e+00   
     2.998815        1.591673e+00      0.000000e+00      0.000000e+00      1.591673e+00   
     3.004739        1.578997e+00      0.000000e+00      0.000000e+00      1.578997e+00   
     3.024957        1.536558e+00      0.000000e+00      0.000000e+00      1.536558e+00   
     3.061273        1.463391e+00      0.000000e+00      0.000000e+00      1.463391e+00   
     3.113597        1.364334e+00      0.000000e+00      0.000000e+00      1.364334e+00   
     3.181789        1.245383e+00      0.000000e+00      0.000000e+00      1.245383e+00   
     3.265666        1.112964e+00      0.000000e+00      0.000000e+00      1.112964e+00   
     3.365002        9.733478e-01      0.000000e+00      0.000000e+00      9.733478e-01   
     3.479529        8.323603e-01      0.000000e+00      0.000000e+00      8.323603e-01   
     3.608938        6.952158e-01      0.000000e+00      0.000000e+00      6.952158e-01   
     3.752880        5.663889e-01      0.000000e+00      0.000000e+00      5.663889e-01   
     3.910968        4.494034e-01      0.000000e+00      0.000000e+00      4.494034e-01   
     4.082775        3.466956e-01      0.000000e+00      0.000000e+00      3.466956e-01   
     4.267838        2.595711e-01      0.000000e+00      0.000000e+00      2.595711e-01   
     4.465657        1.882452e-01      0.000000e+00      0.000000e+00      1.882452e-01   
     4.675701        1.319488e-01      0.000000e+00      0.000000e+00      1.319488e-01   
     4.897402        8.916720e-02      0.000000e+00      0.000000e+00      8.916720e-02   
     5.130163        5.791006e-02      0.000000e+00      0.000000e+00      5.791006e-02   
     5.373356        3.600246e-02      0.000000e+00      0.000000e+00      3.600246e-02   
     5.626327        2.131418e-02      0.000000e+00      0.000000e+00      2.131418e-02   
     5.888392        1.193110e-02      0.000000e+00      0.000000e+00      1.193110e-02   
     6.158845        6.251733e-03      0.000000e+00      0.000000e+00      6.251733e-03   
     6.436958        3.022018e-03      0.000000e+00      0.000000e+00      3.022018e-03   
     6.721980        1.318857e-03      0.000000e+00      0.000000e+00      1.318857e-03   
     7.013143        5.044674e-04      0.000000e+00      0.000000e+00      5.044674e-04   
     7.309662        1.665302e-04      0.000000e+00      0.000000e+00      1.665302e-04   
     7.610739        5.761658e-05      0.000000e+00      0.000000e+00      5.761658e-05   
     7.915560        4.167529e-05      0.000000e+00      0.000000e+00      4.167529e-05   
     8.223305        5.208897e-05      0.000000e+00      0.000000e+00      5.208897e-05   
     8.533144        6.165123e-05      0.000000e+00      0.000000e+00      6.165123e-05   
     8.844241        6.299796e-05      0.000000e+00      0.000000e+00      6.299796e-05   
     9.155759        5.708865e-05      0.000000e+00      0.000000e+00      5.708865e-05   
     9.466856        4.720572e-05      0.000000e+00      0.000000e+00      4.720572e-05   
     9.776695        3.633952e-05      0.000000e+00      0.000000e+00      3.633952e-05   
    10.084440        2.640344e-05      0.000000e+00      0.000000e+00      2.640344e-05   
    10.389261        1.828096e-05      0.000000e+00      0.000000e+00      1.828096e-05   
    10.690338        1.214452e-05      0.000000e+00      0.000000e+00      1.214452e-05   
    10.986857        7.780123e-06      0.000000e+00      0.000000e+00      7.780123e-06   
    11.278020        4.824134e-06      0.000000e+00      0.000000e+00      4.824134e-06   
    11.563042        2.902904e-06      0.000000e+00      0.000000e+00      2.902904e-06   
    11.841155        1.698372e-06      0.000000e+00      0.000000e+00      1.698372e-06   
    12.111608        9.672652e-07      0.000000e+00      0.000000e+00      9.672652e-07   
    12.373673        5.367257e-07      0.000000e+00      0.000000e+00      5.367257e-07   
    12.626644        2.905016e-07      0.000000e+00      0.000000e+00      2.905016e-07   
    12.869837        1.538075e-07      0.000000e+00      0.000000e+00      1.538075e-07   
    13.102598        8.030105e-08      0.000000e+00      0.000000e+00      8.030105e-08   
    13.324299        4.217806e-08      0.000000e+00      0.000000e+00      4.217806e-08   
    13.534343        2.327361e-08      0.000000e+00      0.000000e+00      2.327361e-08   
    13.732162        1.444725e-08      0.000000e+00      0.000000e+00      1.444725e-08   
    13.917225        1.068618e-08      0.000000e+00      0.000000e+00      1.068618e-08   
    14.089032        9.327235e-09      0.000000e+00      0.000000e+00      9.327235e-09   
    14.247120        9.011684e-09      0.000000e+00      0.000000e+00      9.011684e-09   
    14.391062        9.086516e-09      0.000000e+00      0.000000e+00      9.086516e-09   
    14.520471        9.261871e-09      0.000000e+00      0.000000e+00      9.261871e-09   
    14.634998        9.427059e-09      0.000000e+00      0.000000e+00      9.427059e-09   
    14.734334        9.553645e-09      0.000000e+00      0.000000e+00      9.553645e-09   
    14.818211        9.640744e-09      0.000000e+00      0.000000e+00      9.640744e-09   
    14.886403        9.694335e-09      0.000000e+00      0.000000e+00      9.694335e-09   
    14.938727        9.722789e-09      0.000000e+00      0.000000e+00      9.722789e-09   
    14.975043        9.736262e-09      0.000000e+00      0.000000e+00      9.736262e-09   
    14.995261        9.745727e-09      0.000000e+00      0.000000e+00      9.745727e-09   