#        q              total               1              \delta U         \delta U^2    

     0.001185        2.027030e+04      2.038353e+04     -1.182599e+02      5.031373e+00   
     0.006239        1.491250e+04      1.502589e+04     -1.184165e+02      5.031296e+00   
     0.015318        1.088557e+04      1.099897e+04     -1.184250e+02      5.030931e+00   
     0.028399        6.956318e+03      7.069714e+03     -1.184268e+02      5.029856e+00   
     0.045447        4.941037e+03      5.054446e+03     -1.184356e+02      5.027358e+00   
     0.066417        4.095909e+03      4.209232e+03     -1.183456e+02      5.022831e+00   
     0.091251        3.492038e+03      3.605292e+03     -1.182687e+02      5.015359e+00   
     0.119882        2.948975e+03      3.062073e+03     -1.181021e+02      5.004062e+00   
     0.152235        2.579721e+03      2.692571e+03     -1.178385e+02      4.988197e+00   
     0.188220        2.135415e+03      2.247872e+03     -1.174243e+02      4.967264e+00   
     0.227742        1.933174e+03      2.045177e+03     -1.169435e+02      4.941103e+00   
     0.270694        1.653374e+03      1.764570e+03     -1.161059e+02      4.910365e+00   
     0.316959        1.482263e+03      1.592536e+03     -1.151490e+02      4.876378e+00   
     0.366414        1.323039e+03      1.432064e+03     -1.138660e+02      4.841897e+00   
     0.418925        1.175419e+03      1.282750e+03     -1.121412e+02      4.810606e+00   
     0.474351        1.106329e+03      1.212152e+03     -1.106112e+02      4.787686e+00   
     0.532541        9.756652e+02      1.078823e+03     -1.079366e+02      4.778863e+00   
     0.593339        8.559266e+02      9.556474e+02     -1.045118e+02      4.791070e+00   
     0.656582        8.007486e+02      8.977415e+02     -1.018240e+02      4.831049e+00   
     0.722098        6.969441e+02      7.890424e+02     -9.700338e+01      4.905097e+00   
     0.789711        6.496910e+02      7.381486e+02     -9.347430e+01      5.016690e+00   
     0.859239        5.609900e+02      6.430212e+02     -8.720037e+01      5.169192e+00   
     0.930495        4.817363e+02      5.564389e+02     -8.006325e+01      5.360662e+00   
     1.003286        4.113630e+02      4.779996e+02     -7.222186e+01      5.585225e+00   
     1.077416        3.492199e+02      4.073012e+02     -6.391295e+01      5.831602e+00   
     1.152685        2.691296e+02      3.148881e+02     -5.184694e+01      6.088397e+00   
     1.228890        2.038067e+02      2.376301e+02     -4.016149e+01      6.338168e+00   
     1.305826        5.742846e+01      6.207787e+01     -1.121042e+01      6.561006e+00   
     1.383286        8.560864e+00      2.287079e+00     -4.657174e-01      6.739502e+00   
     1.461060        6.859758e+00      0.000000e+00      0.000000e+00      6.859758e+00   
     1.538940        6.909528e+00      0.000000e+00      0.000000e+00      6.909528e+00   
     1.616714        6.882559e+00      0.000000e+00      0.000000e+00      6.882559e+00   
     1.694174        6.777869e+00      0.000000e+00      0.000000e+00      6.777869e+00   
     1.771110        6.599155e+00      0.000000e+00      0.000000e+00      6.599155e+00   
     1.847315        6.354051e+00      0.000000e+00      0.000000e+00      6.354051e+00   
     1.922584        6.055391e+00      0.000000e+00      0.000000e+00      6.055391e+00   
     1.996714        5.718709e+00      0.000000e+00      0.000000e+00      5.718709e+00   
     2.069505        5.358862e+00      0.000000e+00      0.000000e+00      5.358862e+00   
     2.140761        4.989624e+00      0.000000e+00      0.000000e+00      4.989624e+00   
     2.210289        4.622989e+00      0.000000e+00      0.000000e+00      4.622989e+00   
     2.277902        4.268671e+00      0.000000e+00      0.000000e+00      4.268671e+00   
     2.343418        3.933965e+00      0.000000e+00      0.000000e+00      3.933965e+00   
     2.406661        3.624118e+00      0.000000e+00      0.000000e+00      3.624118e+00   
     2.467459        3.341531e+00      0.000000e+00      0.000000e+00      3.341531e+00   
     2.525649        3.086697e+00      0.000000e+00      0.000000e+00      3.086697e+00   
     2.581075        2.859123e+00      0.000000e+00      0.000000e+00      2.859123e+00   
     2.633586        2.657439e+00      0.000000e+00      0.000000e+00      2.657439e+00   
     2.683041        2.480066e+00      0.000000e+00      0.000000e+00      2.480066e+00   
     2.729306        2.324816e+00      0.000000e+00      0.000000e+00      2.324816e+00   
     2.772258        2.189512e+00      0.000000e+00      0.000000e+00      2.189512e+00   
     2.811780        2.072228e+00      0.000000e+00      0.000000e+00      2.072228e+00   
     2.847765        1.971244e+00      0.000000e+00      0.000000e+00      1.971244e+00   
     2.880118        1.884863e+00      0.000000e+00      0.000000e+00      1.884863e+00   
     2.908749        1.811802e+00      0.000000e+00      0.000000e+00      1.811802e+00   
     2.933583        1.750857e+00      0.000000e+00      0.000000e+00      1.750857e+00   
     2.954553        1.701112e+00      0.000000e+00      0.000000e+00      1.701112e+00   
     2.971601        1.661768e+00      0.000000e+00      0.000000e+00      1.661768e+00   
     2.984682        1.632234e+00      0.000000e+00      0.000000e+00      1.632234e+00   
     2.993761        1.612075e+00      0.000000e+00      0.000000e+00      1.612075e+00   
     2.998815        1.600961e+00      0.000000e+00      0.000000e+00      1.600961e+00   
     3.004739        1.588037e+00      0.000000e+00      0.000000e+00      1.588037e+00   
     3.024957        1.544745e+00      0.000000e+00      0.000000e+00      1.544745e+00   
     3.061273        1.470060e+00      0.000000e+00      0.000000e+00      1.470060e+00   
     3.113597        1.368954e+00      0.000000e+00      0.000000e+00      1.368954e+00   
     3.181789        1.247731e+00      0.000000e+00      0.000000e+00      1.247731e+00   
     3.265666        1.113213e+00      0.000000e+00      0.000000e+00      1.113213e+00   
     3.365002        9.720078e-01      0.000000e+00      0.000000e+00      9.720078e-01   
     3.479529        8.300878e-01      0.000000e+00      0.000000e+00      8.300878e-01   
     3.608938        6.926218e-01      0.000000e+00      0.000000e+00      6.926218e-01   
     3.752880        5.639190e-01      0.000000e+00      0.000000e+00      5.639190e-01   
     3.910968        4.473149e-01      0.000000e+00      0.000000e+00      4.473149e-01   
     4.082775        3.450848e-01      0.000000e+00      0.000000e+00      3.450848e-01   
     4.267838        2.584240e-01      0.000000e+00      0.000000e+00      2.584240e-01   
     4.465657        1.874877e-01      0.000000e+00      0.000000e+00      1.874877e-01   
     4.675701        1.314863e-01      0.000000e+00      0.000000e+00      1.314863e-01   
     4.897402        8.890934e-02      0.000000e+00      0.000000e+00      8.890934e-02   
     5.130163        5.778242e-02      0.000000e+00      0.000000e+00      5.778242e-02   
     5.373356        3.594930e-02      0.000000e+00      0.000000e+00      3.594930e-02   
     5.626327        2.129942e-02      0.000000e+00      0.000000e+00      2.129942e-02   
     5.888392        1.193289e-02      0.000000e+00      0.000000e+00      1.193289e-02   
     6.158845        6.258494e-03      0.000000e+00      0.000000e+00      6.258494e-03   
     6.436958        3.028652e-03      0.000000e+00      0.000000e+00      3.028652e-03   
     6.721980        1.323744e-03      0.000000e+00      0.000000e+00      1.323744e-03   
     7.013143        5.074835e-04      0.000000e+00      0.000000e+00      5.074835e-04   
     7.309662        1.681740e-04      0.000000e+00      0.000000e+00      1.681740e-04   
     7.610739        5.844373e-05      0.000000e+00      0.000000e+00      5.844373e-05   
     7.915560        4.206784e-05      0.000000e+00      0.000000e+00      4.206784e-05   
     8.223305        5.228246e-05      0.000000e+00      0.000000e+00      5.228246e-05   
     8.533144        6.176632e-05      0.000000e+00      0.000000e+00      6.176632e-05   
     8.844241        6.308475e-05      0.000000e+00      0.000000e+00      6.308475e-05   
     9.155759        5.716285e-05      0.000000e+00      0.000000e+00      5.716285e-05   
     9.466856        4.726968e-05      0.000000e+00      0.000000e+00      4.726968e-05   
     9.776695        3.639239e-05      0.000000e+00      0.000000e+00      3.639239e-05   
    10.084440        2.644482e-05      0.000000e+00      0.000000e+00      2.644482e-05   
    10.389261        1.831173e-05      0.000000e+00      0.000000e+00      1.831173e-05   
    10.690338        1.216640e-05      0.000000e+00      0.000000e+00      1.216640e-05   
    10.986857        7.795076e-06      0.000000e+00      0.000000e+00      7.795076e-06   
    11.278020        4.834029e-06      0.000000e+00      0.000000e+00      4.834029e-06   
    11.563042        2.909266e-06      0.000000e+00      0.000000e+00      2.909266e-06   
    11.841155        1.702339e-06      0.000000e+00      0.000000e+00      1.702339e-06   
    12.111608        9.696848e-07      0.000000e+00      0.000000e+00      9.696848e-07   
    12.373673        5.381544e-07      0.000000e+00      0.000000e+00      5.381544e-07   
    12.626644        2.913172e-07      0.000000e+00      0.000000e+00      2.913172e-07   
    12.869837        1.542471e-07      0.000000e+00      0.000000e+00      1.542471e-07   
    13.102598        8.051735e-08      0.000000e+00      0.000000e+00      8.051735e-08   
    13.324299        4.226184e-08      0.000000e+00      0.000000e+00      4.226184e-08   
    13.534343        2.328133e-08      0.000000e+00      0.000000e+00      2.328133e-08   
    13.732162        1.441066e-08      0.000000e+00      0.000000e+00      1.441066e-08   
    13.917225        1.062564e-08      0.000000e+00      0.000000e+00      1.062564e-08   
    14.089032        9.254851e-09      0.000000e+00      0.000000e+00      9.254851e-09   
    14.247120        8.934101e-09      0.000000e+00      0.000000e+00      8.934101e-09   
    14.391062        9.007639e-09      0.000000e+00      0.000000e+00      9.007639e-09   
    14.520471        9.183938e-09      0.000000e+00      0.000000e+00      9.183938e-09   
    14.634998        9.351391e-09      0.000000e+00      0.000000e+00      9.351391e-09   
    14.734334        9.480649e-09      0.000000e+00      0.000000e+00      9.480649e-09   
    14.818211        9.570141e-09      0.000000e+00      0.000000e+00      9.570141e-09   
    14.886403        9.625559e-09      0.000000e+00      0.000000e+00      9.625559e-09   
    14.938727        9.655316e-09      0.000000e+00      0.000000e+00      9.655316e-09   
    14.975043        9.669760e-09      0.000000e+00      0.000000e+00      9.669760e-09   
    14.995261        9.679788e-09      0.000000e+00      0.000000e+00      9.679788e-09   