#        q              total               1              \delta U         \delta U^2    

     0.001185        2.796430e+04      2.799222e+04     -2.801999e+01      9.659505e-02   
     0.006239        1.426802e+04      1.429601e+04     -2.808079e+01      9.658835e-02   
     0.015318        9.531991e+03      9.559992e+03     -2.809770e+01      9.656308e-02   
     0.028399        6.819634e+03      6.847642e+03     -2.810403e+01      9.650364e-02   
     0.045447        5.393897e+03      5.421911e+03     -2.811050e+01      9.639899e-02   
     0.066417        4.342076e+03      4.370081e+03     -2.810176e+01      9.622723e-02   
     0.091251        3.577294e+03      3.605292e+03     -2.809402e+01      9.595210e-02   
     0.119882        3.034092e+03      3.062073e+03     -2.807600e+01      9.555646e-02   
     0.152235        2.664622e+03      2.692571e+03     -2.804416e+01      9.499794e-02   
     0.188220        2.326151e+03      2.354058e+03     -2.800160e+01      9.425566e-02   
     0.227742        2.017343e+03      2.045177e+03     -2.792722e+01      9.330471e-02   
     0.270694        1.827301e+03      1.855048e+03     -2.783914e+01      9.212814e-02   
     0.316959        1.564965e+03      1.592536e+03     -2.766228e+01      9.072647e-02   
     0.366414        1.404684e+03      1.432064e+03     -2.746879e+01      8.910363e-02   
     0.418925        1.328807e+03      1.356037e+03     -2.731741e+01      8.729949e-02   
     0.474351        1.185249e+03      1.212152e+03     -2.698897e+01      8.536605e-02   
     0.532541        1.052369e+03      1.078823e+03     -2.653726e+01      8.340124e-02   
     0.593339        9.898604e+02      1.015991e+03     -2.621215e+01      8.151927e-02   
     0.656582        8.723200e+02      8.977415e+02     -2.550139e+01      7.988405e-02   
     0.722098        7.645465e+02      7.890424e+02     -2.457456e+01      7.867839e-02   
     0.789711        7.142612e+02      7.381486e+02     -2.396555e+01      7.812820e-02   
     0.859239        6.204313e+02      6.430212e+02     -2.266836e+01      7.847257e-02   
     0.930495        5.353906e+02      5.564389e+02     -2.112823e+01      7.997905e-02   
     1.003286        4.587092e+02      4.779996e+02     -1.937329e+01      8.290333e-02   
     1.077416        3.899354e+02      4.073012e+02     -1.745335e+01      8.751004e-02   
     1.152685        3.005200e+02      3.148881e+02     -1.446213e+01      9.404170e-02   
     1.228890        2.045732e+02      2.150106e+02     -1.054008e+01      1.027079e-01   
     1.305826        7.895316e+01      8.321451e+01     -4.375007e+00      1.136626e-01   
     1.383286        4.578373e-01      3.518584e-01     -2.102375e-02      1.270026e-01   
     1.461060        1.427690e-01      0.000000e+00      0.000000e+00      1.427690e-01   
     1.538940        1.609139e-01      0.000000e+00      0.000000e+00      1.609139e-01   
     1.616714        1.813155e-01      0.000000e+00      0.000000e+00      1.813155e-01   
     1.694174        2.037752e-01      0.000000e+00      0.000000e+00      2.037752e-01   
     1.771110        2.280178e-01      0.000000e+00      0.000000e+00      2.280178e-01   
     1.847315        2.537047e-01      0.000000e+00      0.000000e+00      2.537047e-01   
     1.922584        2.804339e-01      0.000000e+00      0.000000e+00      2.804339e-01   
     1.996714        3.077451e-01      0.000000e+00      0.000000e+00      3.077451e-01   
     2.069505        3.351640e-01      0.000000e+00      0.000000e+00      3.351640e-01   
     2.140761        3.622155e-01      0.000000e+00      0.000000e+00      3.622155e-01   
     2.210289        3.884480e-01      0.000000e+00      0.000000e+00      3.884480e-01   
     2.277902        4.134470e-01      0.000000e+00      0.000000e+00      4.134470e-01   
     2.343418        4.368604e-01      0.000000e+00      0.000000e+00      4.368604e-01   
     2.406661        4.584026e-01      0.000000e+00      0.000000e+00      4.584026e-01   
     2.467459        4.778664e-01      0.000000e+00      0.000000e+00      4.778664e-01   
     2.525649        4.951245e-01      0.000000e+00      0.000000e+00      4.951245e-01   
     2.581075        5.101321e-01      0.000000e+00      0.000000e+00      5.101321e-01   
     2.633586        5.229215e-01      0.000000e+00      0.000000e+00      5.229215e-01   
     2.683041        5.335699e-01      0.000000e+00      0.000000e+00      5.335699e-01   
     2.729306        5.422143e-01      0.000000e+00      0.000000e+00      5.422143e-01   
     2.772258        5.490418e-01      0.000000e+00      0.000000e+00      5.490418e-01   
     2.811780        5.542669e-01      0.000000e+00      0.000000e+00      5.542669e-01   
     2.847765        5.581112e-01      0.000000e+00      0.000000e+00      5.581112e-01   
     2.880118        5.608288e-01      0.000000e+00      0.000000e+00      5.608288e-01   
     2.908749        5.626447e-01      0.000000e+00      0.000000e+00      5.626447e-01   
     2.933583        5.637816e-01      0.000000e+00      0.000000e+00      5.637816e-01   
     2.954553        5.644259e-01      0.000000e+00      0.000000e+00      5.644259e-01   
     2.971601        5.647446e-01      0.000000e+00      0.000000e+00      5.647446e-01   
     2.984682        5.648648e-01      0.000000e+00      0.000000e+00      5.648648e-01   
     2.993761        5.648825e-01      0.000000e+00      0.000000e+00      5.648825e-01   
     2.998815        5.648697e-01      0.000000e+00      0.000000e+00      5.648697e-01   
     3.004739        5.648282e-01      0.000000e+00      0.000000e+00      5.648282e-01   
     3.024957        5.644710e-01      0.000000e+00      0.000000e+00      5.644710e-01   
     3.061273        5.630435e-01      0.000000e+00      0.000000e+00      5.630435e-01   
     3.113597        5.593273e-01      0.000000e+00      0.000000e+00      5.593273e-01   
     3.181789        5.517653e-01      0.000000e+00      0.000000e+00      5.517653e-01   
     3.265666        5.386920e-01      0.000000e+00      0.000000e+00      5.386920e-01   
     3.365002        5.180204e-01      0.000000e+00      0.000000e+00      5.180204e-01   
     3.479529        4.880364e-01      0.000000e+00      0.000000e+00      4.880364e-01   
     3.608938        4.482106e-01      0.000000e+00      0.000000e+00      4.482106e-01   
     3.752880        3.991497e-01      0.000000e+00      0.000000e+00      3.991497e-01   
     3.910968        3.429242e-01      0.000000e+00      0.000000e+00      3.429242e-01   
     4.082775        2.830356e-01      0.000000e+00      0.000000e+00      2.830356e-01   
     4.267838        2.237130e-01      0.000000e+00      0.000000e+00      2.237130e-01   
     4.465657        1.690144e-01      0.000000e+00      0.000000e+00      1.690144e-01   
     4.675701        1.219598e-01      0.000000e+00      0.000000e+00      1.219598e-01   
     4.897402        8.405338e-02      0.000000e+00      0.000000e+00      8.405338e-02   
     5.130163        5.531914e-02      0.000000e+00      0.000000e+00      5.531914e-02   
     5.373356        3.473116e-02      0.000000e+00      0.000000e+00      3.473116e-02   
     5.626327        2.074359e-02      0.000000e+00      0.000000e+00      2.074359e-02   
     5.888392        1.172606e-02      0.000000e+00      0.000000e+00      1.172606e-02   
     6.158845        6.221839e-03      0.000000e+00      0.000000e+00      6.221839e-03   
     6.436958        3.059489e-03      0.000000e+00      0.000000e+00      3.059489e-03   
     6.721980        1.367387e-03      0.000000e+00      0.000000e+00      1.367387e-03   
     7.013143        5.399207e-04      0.000000e+00      0.000000e+00      5.399207e-04   
     7.309662        1.832470e-04      0.000000e+00      0.000000e+00      1.832470e-04   
     7.610739        5.875643e-05      0.000000e+00      0.000000e+00      5.875643e-05   
     7.915560        3.313241e-05      0.000000e+00      0.000000e+00      3.313241e-05   
     8.223305        3.930526e-05      0.000000e+00      0.000000e+00      3.930526e-05   
     8.533144        4.842754e-05      0.000000e+00      0.000000e+00      4.842754e-05   
     8.844241        5.143039e-05      0.000000e+00      0.000000e+00      5.143039e-05   
     9.155759        4.797971e-05      0.000000e+00      0.000000e+00      4.797971e-05   
     9.466856        4.056316e-05      0.000000e+00      0.000000e+00      4.056316e-05   
     9.776695        3.178446e-05      0.000000e+00      0.000000e+00      3.178446e-05   
    10.084440        2.343974e-05      0.000000e+00      0.000000e+00      2.343974e-05   
    10.389261        1.644187e-05      0.000000e+00      0.000000e+00      1.644187e-05   
    10.690338        1.105345e-05      0.000000e+00      0.000000e+00      1.105345e-05   
    10.986857        7.161353e-06      0.000000e+00      0.000000e+00      7.161353e-06   
    11.278020        4.489730e-06      0.000000e+00      0.000000e+00      4.489730e-06   
    11.563042        2.731981e-06      0.000000e+00      0.000000e+00      2.731981e-06   
    11.841155        1.616997e-06      0.000000e+00      0.000000e+00      1.616997e-06   
    12.111608        9.323044e-07      0.000000e+00      0.000000e+00      9.323044e-07   
    12.373673        5.241746e-07      0.000000e+00      0.000000e+00      5.241746e-07   
    12.626644        2.876758e-07      0.000000e+00      0.000000e+00      2.876758e-07   
    12.869837        1.544156e-07      0.000000e+00      0.000000e+00      1.544156e-07   
    13.102598        8.148990e-08      0.000000e+00      0.000000e+00      8.148990e-08   
    13.324299        4.284247e-08      0.000000e+00      0.000000e+00      4.284247e-08   
    13.534343        2.313180e-08      0.000000e+00      0.000000e+00      2.313180e-08   
    13.732162        1.356196e-08      0.000000e+00      0.000000e+00      1.356196e-08   
    13.917225        9.231571e-09      0.000000e+00      0.000000e+00      9.231571e-09   
    14.089032        7.485305e-09      0.000000e+00      0.000000e+00      7.485305e-09   
    14.247120        6.932702e-09      0.000000e+00      0.000000e+00      6.932702e-09   
    14.391062        6.878509e-09      0.000000e+00      0.000000e+00      6.878509e-09   
    14.520471        6.995882e-09      0.000000e+00      0.000000e+00      6.995882e-09   
    14.634998        7.145219e-09      0.000000e+00      0.000000e+00      7.145219e-09   
    14.734334        7.275715e-09      0.000000e+00      0.000000e+00      7.275715e-09   
    14.818211        7.374322e-09      0.000000e+00      0.000000e+00      7.374322e-09   
    14.886403        7.441969e-09      0.000000e+00      0.000000e+00      7.441969e-09   
    14.938727        7.484909e-09      0.000000e+00      0.000000e+00      7.484909e-09   
    14.975043        7.512910e-09      0.000000e+00      0.000000e+00      7.512910e-09   
    14.995261        7.527847e-09      0.000000e+00      0.000000e+00      7.527847e-09   