#        q              total               1              \delta U         \delta U^2    

     0.001185        2.459152e+04      2.475535e+04     -1.786490e+02      1.481802e+01   
     0.006239        1.308220e+04      1.324611e+04     -1.787281e+02      1.481799e+01   
     0.015318        8.857632e+03      9.021523e+03     -1.787090e+02      1.481761e+01   
     0.028399        6.683814e+03      6.847642e+03     -1.786444e+02      1.481712e+01   
     0.045447        5.258097e+03      5.421911e+03     -1.786297e+02      1.481577e+01   
     0.066417        4.371346e+03      4.534977e+03     -1.784434e+02      1.481287e+01   
     0.091251        3.736073e+03      3.899470e+03     -1.782066e+02      1.480868e+01   
     0.119882        3.163252e+03      3.326293e+03     -1.778434e+02      1.480200e+01   
     0.152235        2.772933e+03      2.935379e+03     -1.772388e+02      1.479322e+01   
     0.188220        2.414771e+03      2.576357e+03     -1.763687e+02      1.478250e+01   
     0.227742        2.193481e+03      2.354058e+03     -1.753479e+02      1.477101e+01   
     0.270694        1.985729e+03      2.144929e+03     -1.739593e+02      1.476006e+01   
     0.316959        1.791245e+03      1.948567e+03     -1.720747e+02      1.475282e+01   
     0.366414        1.609689e+03      1.764570e+03     -1.696344e+02      1.475372e+01   
     0.418925        1.440820e+03      1.592536e+03     -1.664848e+02      1.476880e+01   
     0.474351        1.284427e+03      1.432064e+03     -1.624415e+02      1.480473e+01   
     0.532541        1.211961e+03      1.356037e+03     -1.589454e+02      1.486971e+01   
     0.593339        1.074048e+03      1.212152e+03     -1.530767e+02      1.497289e+01   
     0.656582        1.010987e+03      1.144193e+03     -1.483254e+02      1.511886e+01   
     0.722098        8.909002e+02      1.015991e+03     -1.404043e+02      1.531339e+01   
     0.789711        7.821172e+02      8.977415e+02     -1.311787e+02      1.555442e+01   
     0.859239        7.335069e+02      8.422233e+02     -1.245562e+02      1.583976e+01   
     0.930495        6.406426e+02      7.381486e+02     -1.136613e+02      1.615530e+01   
     1.003286        5.574526e+02      6.430212e+02     -1.020466e+02      1.647798e+01   
     1.077416        4.831256e+02      5.564389e+02     -9.008799e+01      1.677468e+01   
     1.152685        3.851204e+02      4.417079e+02     -7.360341e+01      1.701583e+01   
     1.228890        3.031625e+02      3.439416e+02     -5.794055e+01      1.716149e+01   
     1.305826        6.667747e+01      5.981592e+01     -1.030642e+01      1.716797e+01   
     1.383286        1.700742e+01      0.000000e+00      0.000000e+00      1.700742e+01   
     1.461060        1.666406e+01      0.000000e+00      0.000000e+00      1.666406e+01   
     1.538940        1.612865e+01      0.000000e+00      0.000000e+00      1.612865e+01   
     1.616714        1.541031e+01      0.000000e+00      0.000000e+00      1.541031e+01   
     1.694174        1.452941e+01      0.000000e+00      0.000000e+00      1.452941e+01   
     1.771110        1.351546e+01      0.000000e+00      0.000000e+00      1.351546e+01   
     1.847315        1.240876e+01      0.000000e+00      0.000000e+00      1.240876e+01   
     1.922584        1.125731e+01      0.000000e+00      0.000000e+00      1.125731e+01   
     1.996714        1.010476e+01      0.000000e+00      0.000000e+00      1.010476e+01   
     2.069505        8.987322e+00      0.000000e+00      0.000000e+00      8.987322e+00   
     2.140761        7.934418e+00      0.000000e+00      0.000000e+00      7.934418e+00   
     2.210289        6.966922e+00      0.000000e+00      0.000000e+00      6.966922e+00   
     2.277902        6.097251e+00      0.000000e+00      0.000000e+00      6.097251e+00   
     2.343418        5.330293e+00      0.000000e+00      0.000000e+00      5.330293e+00   
     2.406661        4.665854e+00      0.000000e+00      0.000000e+00      4.665854e+00   
     2.467459        4.096370e+00      0.000000e+00      0.000000e+00      4.096370e+00   
     2.525649        3.612460e+00      0.000000e+00      0.000000e+00      3.612460e+00   
     2.581075        3.203755e+00      0.000000e+00      0.000000e+00      3.203755e+00   
     2.633586        2.860188e+00      0.000000e+00      0.000000e+00      2.860188e+00   
     2.683041        2.572599e+00      0.000000e+00      0.000000e+00      2.572599e+00   
     2.729306        2.332139e+00      0.000000e+00      0.000000e+00      2.332139e+00   
     2.772258        2.130993e+00      0.000000e+00      0.000000e+00      2.130993e+00   
     2.811780        1.963089e+00      0.000000e+00      0.000000e+00      1.963089e+00   
     2.847765        1.823386e+00      0.000000e+00      0.000000e+00      1.823386e+00   
     2.880118        1.707334e+00      0.000000e+00      0.000000e+00      1.707334e+00   
     2.908749        1.611743e+00      0.000000e+00      0.000000e+00      1.611743e+00   
     2.933583        1.533773e+00      0.000000e+00      0.000000e+00      1.533773e+00   
     2.954553        1.471333e+00      0.000000e+00      0.000000e+00      1.471333e+00   
     2.971601        1.422700e+00      0.000000e+00      0.000000e+00      1.422700e+00   
     2.984682        1.386630e+00      0.000000e+00      0.000000e+00      1.386630e+00   
     2.993761        1.362219e+00      0.000000e+00      0.000000e+00      1.362219e+00   
     2.998815        1.348848e+00      0.000000e+00      0.000000e+00      1.348848e+00   
     3.004739        1.333370e+00      0.000000e+00      0.000000e+00      1.333370e+00   
     3.024957        1.281971e+00      0.000000e+00      0.000000e+00      1.281971e+00   
     3.061273        1.195254e+00      0.000000e+00      0.000000e+00      1.195254e+00   
     3.113597        1.081676e+00      0.000000e+00      0.000000e+00      1.081676e+00   
     3.181789        9.512443e-01      0.000000e+00      0.000000e+00      9.512443e-01   
     3.265666        8.138787e-01      0.000000e+00      0.000000e+00      8.138787e-01   
     3.365002        6.780176e-01      0.000000e+00      0.000000e+00      6.780176e-01   
     3.479529        5.501081e-01      0.000000e+00      0.000000e+00      5.501081e-01   
     3.608938        4.345708e-01      0.000000e+00      0.000000e+00      4.345708e-01   
     3.752880        3.340330e-01      0.000000e+00      0.000000e+00      3.340330e-01   
     3.910968        2.495513e-01      0.000000e+00      0.000000e+00      2.495513e-01   
     4.082775        1.809526e-01      0.000000e+00      0.000000e+00      1.809526e-01   
     4.267838        1.271554e-01      0.000000e+00      0.000000e+00      1.271554e-01   
     4.465657        8.647420e-02      0.000000e+00      0.000000e+00      8.647420e-02   
     4.675701        5.684453e-02      0.000000e+00      0.000000e+00      5.684453e-02   
     4.897402        3.608509e-02      0.000000e+00      0.000000e+00      3.608509e-02   
     5.130163        2.210339e-02      0.000000e+00      0.000000e+00      2.210339e-02   
     5.373356        1.306254e-02      0.000000e+00      0.000000e+00      1.306254e-02   
     5.626327        7.452805e-03      0.000000e+00      0.000000e+00      7.452805e-03   
     5.888392        4.115343e-03      0.000000e+00      0.000000e+00      4.115343e-03   
     6.158845        2.211464e-03      0.000000e+00      0.000000e+00      2.211464e-03   
     6.436958        1.169370e-03      0.000000e+00      0.000000e+00      1.169370e-03   
     6.721980        6.204299e-04      0.000000e+00      0.000000e+00      6.204299e-04   
     7.013143        3.400732e-04      0.000000e+00      0.000000e+00      3.400732e-04   
     7.309662        1.988847e-04      0.000000e+00      0.000000e+00      1.988847e-04   
     7.610739        1.265623e-04      0.000000e+00      0.000000e+00      1.265623e-04   
     7.915560        8.712982e-05      0.000000e+00      0.000000e+00      8.712982e-05   
     8.223305        6.325900e-05      0.000000e+00      0.000000e+00      6.325900e-05   
     8.533144        4.710199e-05      0.000000e+00      0.000000e+00      4.710199e-05   
     8.844241        3.526881e-05      0.000000e+00      0.000000e+00      3.526881e-05   
     9.155759        2.628856e-05      0.000000e+00      0.000000e+00      2.628856e-05   
     9.466856        1.944100e-05      0.000000e+00      0.000000e+00      1.944100e-05   
     9.776695        1.427473e-05      0.000000e+00      0.000000e+00      1.427473e-05   
    10.084440        1.043769e-05      0.000000e+00      0.000000e+00      1.043769e-05   
    10.389261        7.631510e-06      0.000000e+00      0.000000e+00      7.631510e-06   
    10.690338        5.605058e-06      0.000000e+00      0.000000e+00      5.605058e-06   
    10.986857        4.154590e-06      0.000000e+00      0.000000e+00      4.154590e-06   
    11.278020        3.121407e-06      0.000000e+00      0.000000e+00      3.121407e-06   
    11.563042        2.386172e-06      0.000000e+00      0.000000e+00      2.386172e-06   
    11.841155        1.861607e-06      0.000000e+00      0.000000e+00      1.861607e-06   
    12.111608        1.485191e-06      0.000000e+00      0.000000e+00      1.485191e-06   
    12.373673        1.212828e-06      0.000000e+00      0.000000e+00      1.212828e-06   
    12.626644        1.013693e-06      0.000000e+00      0.000000e+00      1.013693e-06   
    12.869837        8.663485e-07      0.000000e+00      0.000000e+00      8.663485e-07   
    13.102598        7.558997e-07      0.000000e+00      0.000000e+00      7.558997e-07   
    13.324299        6.719672e-07      0.000000e+00      0.000000e+00      6.719672e-07   
    13.534343        6.073032e-07      0.000000e+00      0.000000e+00      6.073032e-07   
    13.732162        5.568129e-07      0.000000e+00      0.000000e+00      5.568129e-07   
    13.917225        5.168927e-07      0.000000e+00      0.000000e+00      5.168927e-07   
    14.089032        4.850275e-07      0.000000e+00      0.000000e+00      4.850275e-07   
    14.247120        4.595158e-07      0.000000e+00      0.000000e+00      4.595158e-07   
    14.391062        4.392075e-07      0.000000e+00      0.000000e+00      4.392075e-07   
    14.520471        4.231825e-07      0.000000e+00      0.000000e+00      4.231825e-07   
    14.634998        4.107972e-07      0.000000e+00      0.000000e+00      4.107972e-07   
    14.734334        4.015291e-07      0.000000e+00      0.000000e+00      4.015291e-07   
    14.818211        3.947098e-07      0.000000e+00      0.000000e+00      3.947098e-07   
    14.886403        3.897113e-07      0.000000e+00      0.000000e+00      3.897113e-07   
    14.938727        3.861122e-07      0.000000e+00      0.000000e+00      3.861122e-07   
    14.975043        3.837576e-07      0.000000e+00      0.000000e+00      3.837576e-07   
    14.995261        3.826905e-07      0.000000e+00      0.000000e+00      3.826905e-07   