#        q              total               1              \delta U         \delta U^2    

     0.001185        7.295773e+03      7.296537e+03     -7.653257e-01      5.008326e-04   
     0.006239        4.534212e+03      4.534977e+03     -7.657721e-01      4.979674e-04   
     0.015318        2.462771e+03      2.463536e+03     -7.655175e-01      4.918834e-04   
     0.028399        1.763805e+03      1.764570e+03     -7.656514e-01      4.832254e-04   
     0.045447        1.355272e+03      1.356037e+03     -7.654354e-01      4.757194e-04   
     0.066417        1.015227e+03      1.015991e+03     -7.649904e-01      4.680611e-04   
     0.091251        8.414593e+02      8.422233e+02     -7.644492e-01      4.584037e-04   
     0.119882        6.887288e+02      6.894916e+02     -7.632402e-01      4.497810e-04   
     0.152235        5.556783e+02      5.564389e+02     -7.610776e-01      4.395905e-04   
     0.188220        4.772416e+02      4.779996e+02     -7.584851e-01      4.301402e-04   
     0.227742        4.065471e+02      4.073012e+02     -7.545055e-01      4.211290e-04   
     0.270694        3.431935e+02      3.439416e+02     -7.484656e-01      4.126599e-04   
     0.316959        2.867795e+02      2.875186e+02     -7.394217e-01      4.053053e-04   
     0.366414        2.369045e+02      2.376301e+02     -7.259175e-01      3.979867e-04   
     0.418925        2.142944e+02      2.150106e+02     -7.165634e-01      3.916206e-04   
     0.474351        1.734776e+02      1.741699e+02     -6.926537e-01      3.853603e-04   
     0.532541        1.551718e+02      1.558481e+02     -6.767165e-01      3.800910e-04   
     0.593339        1.225136e+02      1.231504e+02     -6.372076e-01      3.754369e-04   
     0.656582        1.080622e+02      1.086740e+02     -6.121646e-01      3.721603e-04   
     0.722098        9.479538e+01      9.537875e+01     -5.837452e-01      3.703327e-04   
     0.789711        7.161299e+01      7.213097e+01     -5.183453e-01      3.707231e-04   
     0.859239        6.159770e+01      6.207787e+01     -4.805435e-01      3.737171e-04   
     0.930495        4.446281e+01      4.486194e+01     -3.995132e-01      3.800768e-04   
     1.003286        3.724262e+01      3.759858e+01     -3.563531e-01      3.903342e-04   
     1.077416        2.523909e+01      2.550973e+01     -2.710508e-01      4.052389e-04   
     1.152685        1.614566e+01      1.633628e+01     -1.910445e-01      4.254120e-04   
     1.228890        7.069608e+00      7.162831e+00     -9.367429e-02      4.515089e-04   
     1.305826        1.362944e+00      1.382301e+00     -1.984085e-02      4.840913e-04   
     1.383286        5.236863e-04      0.000000e+00      0.000000e+00      5.236863e-04   
     1.461060        5.707587e-04      0.000000e+00      0.000000e+00      5.707587e-04   
     1.538940        6.256762e-04      0.000000e+00      0.000000e+00      6.256762e-04   
     1.616714        6.886922e-04      0.000000e+00      0.000000e+00      6.886922e-04   
     1.694174        7.599141e-04      0.000000e+00      0.000000e+00      7.599141e-04   
     1.771110        8.392813e-04      0.000000e+00      0.000000e+00      8.392813e-04   
     1.847315        9.265793e-04      0.000000e+00      0.000000e+00      9.265793e-04   
     1.922584        1.021387e-03      0.000000e+00      0.000000e+00      1.021387e-03   
     1.996714        1.123071e-03      0.000000e+00      0.000000e+00      1.123071e-03   
     2.069505        1.230849e-03      0.000000e+00      0.000000e+00      1.230849e-03   
     2.140761        1.343815e-03      0.000000e+00      0.000000e+00      1.343815e-03   
     2.210289        1.460955e-03      0.000000e+00      0.000000e+00      1.460955e-03   
     2.277902        1.581180e-03      0.000000e+00      0.000000e+00      1.581180e-03   
     2.343418        1.703309e-03      0.000000e+00      0.000000e+00      1.703309e-03   
     2.406661        1.826203e-03      0.000000e+00      0.000000e+00      1.826203e-03   
     2.467459        1.948693e-03      0.000000e+00      0.000000e+00      1.948693e-03   
     2.525649        2.069634e-03      0.000000e+00      0.000000e+00      2.069634e-03   
     2.581075        2.187925e-03      0.000000e+00      0.000000e+00      2.187925e-03   
     2.633586        2.302516e-03      0.000000e+00      0.000000e+00      2.302516e-03   
     2.683041        2.412457e-03      0.000000e+00      0.000000e+00      2.412457e-03   
     2.729306        2.516776e-03      0.000000e+00      0.000000e+00      2.516776e-03   
     2.772258        2.614602e-03      0.000000e+00      0.000000e+00      2.614602e-03   
     2.811780        2.705192e-03      0.000000e+00      0.000000e+00      2.705192e-03   
     2.847765        2.787997e-03      0.000000e+00      0.000000e+00      2.787997e-03   
     2.880118        2.862637e-03      0.000000e+00      0.000000e+00      2.862637e-03   
     2.908749        2.928852e-03      0.000000e+00      0.000000e+00      2.928852e-03   
     2.933583        2.986492e-03      0.000000e+00      0.000000e+00      2.986492e-03   
     2.954553        3.035415e-03      0.000000e+00      0.000000e+00      3.035415e-03   
     2.971601        3.075446e-03      0.000000e+00      0.000000e+00      3.075446e-03   
     2.984682        3.106370e-03      0.000000e+00      0.000000e+00      3.106370e-03   
     2.993761        3.127950e-03      0.000000e+00      0.000000e+00      3.127950e-03   
     2.998815        3.139991e-03      0.000000e+00      0.000000e+00      3.139991e-03   
     3.004739        3.154039e-03      0.000000e+00      0.000000e+00      3.154039e-03   
     3.024957        3.201413e-03      0.000000e+00      0.000000e+00      3.201413e-03   
     3.061273        3.285005e-03      0.000000e+00      0.000000e+00      3.285005e-03   
     3.113597        3.402994e-03      0.000000e+00      0.000000e+00      3.402994e-03   
     3.181789        3.553711e-03      0.000000e+00      0.000000e+00      3.553711e-03   
     3.265666        3.735312e-03      0.000000e+00      0.000000e+00      3.735312e-03   
     3.365002        3.937325e-03      0.000000e+00      0.000000e+00      3.937325e-03   
     3.479529        4.146409e-03      0.000000e+00      0.000000e+00      4.146409e-03   
     3.608938        4.347074e-03      0.000000e+00      0.000000e+00      4.347074e-03   
     3.752880        4.517485e-03      0.000000e+00      0.000000e+00      4.517485e-03   
     3.910968        4.631635e-03      0.000000e+00      0.000000e+00      4.631635e-03   
     4.082775        4.662938e-03      0.000000e+00      0.000000e+00      4.662938e-03   
     4.267838        4.587313e-03      0.000000e+00      0.000000e+00      4.587313e-03   
     4.465657        4.388034e-03      0.000000e+00      0.000000e+00      4.388034e-03   
     4.675701        4.060819e-03      0.000000e+00      0.000000e+00      4.060819e-03   
     4.897402        3.617588e-03      0.000000e+00      0.000000e+00      3.617588e-03   
     5.130163        3.087221e-03      0.000000e+00      0.000000e+00      3.087221e-03   
     5.373356        2.512057e-03      0.000000e+00      0.000000e+00      2.512057e-03   
     5.626327        1.940387e-03      0.000000e+00      0.000000e+00      1.940387e-03   
     5.888392        1.416946e-03      0.000000e+00      0.000000e+00      1.416946e-03   
     6.158845        9.743600e-04      0.000000e+00      0.000000e+00      9.743600e-04   
     6.436958        6.284512e-04      0.000000e+00      0.000000e+00      6.284512e-04   
     6.721980        3.785162e-04      0.000000e+00      0.000000e+00      3.785162e-04   
     7.013143        2.116980e-04      0.000000e+00      0.000000e+00      2.116980e-04   
     7.309662        1.090936e-04      0.000000e+00      0.000000e+00      1.090936e-04   
     7.610739        5.125306e-05      0.000000e+00      0.000000e+00      5.125306e-05   
     7.915560        2.170212e-05      0.000000e+00      0.000000e+00      2.170212e-05   
     8.223305        8.325937e-06      0.000000e+00      0.000000e+00      8.325937e-06   
     8.533144        3.217910e-06      0.000000e+00      0.000000e+00      3.217910e-06   
     8.844241        1.770879e-06      0.000000e+00      0.000000e+00      1.770879e-06   
     9.155759        1.611340e-06      0.000000e+00      0.000000e+00      1.611340e-06   
     9.466856        1.696597e-06      0.000000e+00      0.000000e+00      1.696597e-06   
     9.776695        1.678289e-06      0.000000e+00      0.000000e+00      1.678289e-06   
    10.084440        1.513795e-06      0.000000e+00      0.000000e+00      1.513795e-06   
    10.389261        1.260549e-06      0.000000e+00      0.000000e+00      1.260549e-06   
    10.690338        9.846862e-07      0.000000e+00      0.000000e+00      9.846862e-07   
    10.986857        7.311560e-07      0.000000e+00      0.000000e+00      7.311560e-07   
    11.278020        5.213350e-07      0.000000e+00      0.000000e+00      5.213350e-07   
    11.563042        3.597931e-07      0.000000e+00      0.000000e+00      3.597931e-07   
    11.841155        2.418619e-07      0.000000e+00      0.000000e+00      2.418619e-07   
    12.111608        1.592024e-07      0.000000e+00      0.000000e+00      1.592024e-07   
    12.373673        1.030892e-07      0.000000e+00      0.000000e+00      1.030892e-07   
    12.626644        6.595280e-08      0.000000e+00      0.000000e+00      6.595280e-08   
    12.869837        4.186960e-08      0.000000e+00      0.000000e+00      4.186960e-08   
    13.102598        2.650167e-08      0.000000e+00      0.000000e+00      2.650167e-08   
    13.324299        1.681613e-08      0.000000e+00      0.000000e+00      1.681613e-08   
    13.534343        1.076791e-08      0.000000e+00      0.000000e+00      1.076791e-08   
    13.732162        7.013954e-09      0.000000e+00      0.000000e+00      7.013954e-09   
    13.917225        4.691344e-09      0.000000e+00      0.000000e+00      4.691344e-09   
    14.089032        3.254640e-09      0.000000e+00      0.000000e+00      3.254640e-09   
    14.247120        2.363520e-09      0.000000e+00      0.000000e+00      2.363520e-09   
    14.391062        1.807851e-09      0.000000e+00      0.000000e+00      1.807851e-09   
    14.520471        1.458934e-09      0.000000e+00      0.000000e+00      1.458934e-09   
    14.634998        1.238288e-09      0.000000e+00      0.000000e+00      1.238288e-09   
    14.734334        1.098232e-09      0.000000e+00      0.000000e+00      1.098232e-09   
    14.818211        1.009079e-09      0.000000e+00      0.000000e+00      1.009079e-09   
    14.886403        9.521455e-10      0.000000e+00      0.000000e+00      9.521455e-10   
    14.938727        9.161585e-10      0.000000e+00      0.000000e+00      9.161585e-10   
    14.975043        8.945909e-10      0.000000e+00      0.000000e+00      8.945909e-10   
    14.995261        8.842235e-10      0.000000e+00      0.000000e+00      8.842235e-10   