#        q              total               1              \delta U         \delta U^2    

     0.001185        1.539152e+04      1.539996e+04     -8.462739e+00      2.522112e-02   
     0.006239        7.756191e+03      7.764635e+03     -8.469138e+00      2.521941e-02   
     0.015318        5.045999e+03      5.054446e+03     -8.471608e+00      2.521315e-02   
     0.028399        3.596846e+03      3.605292e+03     -8.471354e+00      2.519325e-02   
     0.045447        2.684126e+03      2.692571e+03     -8.470141e+00      2.516339e-02   
     0.066417        2.136487e+03      2.144929e+03     -8.467244e+00      2.513023e-02   
     0.091251        1.668647e+03      1.677083e+03     -8.460988e+00      2.501411e-02   
     0.119882        1.423636e+03      1.432064e+03     -8.452067e+00      2.489206e-02   
     0.152235        1.203739e+03      1.212152e+03     -8.437380e+00      2.476863e-02   
     0.188220        1.007603e+03      1.015991e+03     -8.412192e+00      2.453484e-02   
     0.227742        8.338784e+02      8.422233e+02     -8.369152e+00      2.424609e-02   
     0.270694        7.298510e+02      7.381486e+02     -8.321583e+00      2.392338e-02   
     0.316959        6.347911e+02      6.430212e+02     -8.253606e+00      2.353395e-02   
     0.366414        5.483051e+02      5.564389e+02     -8.156882e+00      2.306805e-02   
     0.418925        5.081631e+02      5.162265e+02     -8.085962e+00      2.255650e-02   
     0.474351        4.338073e+02      4.417079e+02     -7.922635e+00      2.201843e-02   
     0.532541        3.670535e+02      3.747292e+02     -7.697153e+00      2.146579e-02   
     0.593339        3.364189e+02      3.439416e+02     -7.543609e+00      2.093357e-02   
     0.656582        2.803459e+02      2.875186e+02     -7.193093e+00      2.046912e-02   
     0.722098        2.548359e+02      2.617826e+02     -6.966826e+00      2.012232e-02   
     0.789711        2.085644e+02      2.150106e+02     -6.466119e+00      1.995028e-02   
     0.859239        1.877318e+02      1.938740e+02     -6.162199e+00      2.001858e-02   
     0.930495        1.503495e+02      1.558481e+02     -5.518986e+00      2.039645e-02   
     1.003286        1.183661e+02      1.231504e+02     -4.805473e+00      2.115355e-02   
     1.077416        9.134800e+01      9.537875e+01     -4.053107e+00      2.235758e-02   
     1.152685        6.885648e+01      7.213097e+01     -3.298560e+00      2.407113e-02   
     1.228890        4.263835e+01      4.486194e+01     -2.249942e+00      2.634797e-02   
     1.305826        1.948377e+01      2.058372e+01     -1.129179e+00      2.922955e-02   
     1.383286        3.343060e+00      3.518584e+00     -2.082654e-01      3.274197e-02   
     1.461060        3.689356e-02      0.000000e+00      0.000000e+00      3.689356e-02   
     1.538940        4.167342e-02      0.000000e+00      0.000000e+00      4.167342e-02   
     1.616714        4.705008e-02      0.000000e+00      0.000000e+00      4.705008e-02   
     1.694174        5.297092e-02      0.000000e+00      0.000000e+00      5.297092e-02   
     1.771110        5.936271e-02      0.000000e+00      0.000000e+00      5.936271e-02   
     1.847315        6.613346e-02      0.000000e+00      0.000000e+00      6.613346e-02   
     1.922584        7.317572e-02      0.000000e+00      0.000000e+00      7.317572e-02   
     1.996714        8.037094e-02      0.000000e+00      0.000000e+00      8.037094e-02   
     2.069505        8.759465e-02      0.000000e+00      0.000000e+00      8.759465e-02   
     2.140761        9.472205e-02      0.000000e+00      0.000000e+00      9.472205e-02   
     2.210289        1.016332e-01      0.000000e+00      0.000000e+00      1.016332e-01   
     2.277902        1.082188e-01      0.000000e+00      0.000000e+00      1.082188e-01   
     2.343418        1.143843e-01      0.000000e+00      0.000000e+00      1.143843e-01   
     2.406661        1.200545e-01      0.000000e+00      0.000000e+00      1.200545e-01   
     2.467459        1.251752e-01      0.000000e+00      0.000000e+00      1.251752e-01   
     2.525649        1.297131e-01      0.000000e+00      0.000000e+00      1.297131e-01   
     2.581075        1.336567e-01      0.000000e+00      0.000000e+00      1.336567e-01   
     2.633586        1.370125e-01      0.000000e+00      0.000000e+00      1.370125e-01   
     2.683041        1.398041e-01      0.000000e+00      0.000000e+00      1.398041e-01   
     2.729306        1.420685e-01      0.000000e+00      0.000000e+00      1.420685e-01   
     2.772258        1.438534e-01      0.000000e+00      0.000000e+00      1.438534e-01   
     2.811780        1.452154e-01      0.000000e+00      0.000000e+00      1.452154e-01   
     2.847765        1.462158e-01      0.000000e+00      0.000000e+00      1.462158e-01   
     2.880118        1.469181e-01      0.000000e+00      0.000000e+00      1.469181e-01   
     2.908749        1.473841e-01      0.000000e+00      0.000000e+00      1.473841e-01   
     2.933583        1.476717e-01      0.000000e+00      0.000000e+00      1.476717e-01   
     2.954553        1.478320e-01      0.000000e+00      0.000000e+00      1.478320e-01   
     2.971601        1.479080e-01      0.000000e+00      0.000000e+00      1.479080e-01   
     2.984682        1.479340e-01      0.000000e+00      0.000000e+00      1.479340e-01   
     2.993761        1.479354e-01      0.000000e+00      0.000000e+00      1.479354e-01   
     2.998815        1.479303e-01      0.000000e+00      0.000000e+00      1.479303e-01   
     3.004739        1.479169e-01      0.000000e+00      0.000000e+00      1.479169e-01   
     3.024957        1.478122e-01      0.000000e+00      0.000000e+00      1.478122e-01   
     3.061273        1.474204e-01      0.000000e+00      0.000000e+00      1.474204e-01   
     3.113597        1.464135e-01      0.000000e+00      0.000000e+00      1.464135e-01   
     3.181789        1.443877e-01      0.000000e+00      0.000000e+00      1.443877e-01   
     3.265666        1.409000e-01      0.000000e+00      0.000000e+00      1.409000e-01   
     3.365002        1.353991e-01      0.000000e+00      0.000000e+00      1.353991e-01   
     3.479529        1.274417e-01      0.000000e+00      0.000000e+00      1.274417e-01   
     3.608938        1.168907e-01      0.000000e+00      0.000000e+00      1.168907e-01   
     3.752880        1.039217e-01      0.000000e+00      0.000000e+00      1.039217e-01   
     3.910968        8.909939e-02      0.000000e+00      0.000000e+00      8.909939e-02   
     4.082775        7.335921e-02      0.000000e+00      0.000000e+00      7.335921e-02   
     4.267838        5.782379e-02      0.000000e+00      0.000000e+00      5.782379e-02   
     4.465657        4.355562e-02      0.000000e+00      0.000000e+00      4.355562e-02   
     4.675701        3.133144e-02      0.000000e+00      0.000000e+00      3.133144e-02   
     4.897402        2.152282e-02      0.000000e+00      0.000000e+00      2.152282e-02   
     5.130163        1.411618e-02      0.000000e+00      0.000000e+00      1.411618e-02   
     5.373356        8.828790e-03      0.000000e+00      0.000000e+00      8.828790e-03   
     5.626327        5.249700e-03      0.000000e+00      0.000000e+00      5.249700e-03   
     5.888392        2.951366e-03      0.000000e+00      0.000000e+00      2.951366e-03   
     6.158845        1.554943e-03      0.000000e+00      0.000000e+00      1.554943e-03   
     6.436958        7.572224e-04      0.000000e+00      0.000000e+00      7.572224e-04   
     6.721980        3.336287e-04      0.000000e+00      0.000000e+00      3.336287e-04   
     7.013143        1.287845e-04      0.000000e+00      0.000000e+00      1.287845e-04   
     7.309662        4.213002e-05      0.000000e+00      0.000000e+00      4.213002e-05   
     7.610739        1.307016e-05      0.000000e+00      0.000000e+00      1.307016e-05   
     7.915560        8.020318e-06      0.000000e+00      0.000000e+00      8.020318e-06   
     8.223305        1.028560e-05      0.000000e+00      0.000000e+00      1.028560e-05   
     8.533144        1.283828e-05      0.000000e+00      0.000000e+00      1.283828e-05   
     8.844241        1.359624e-05      0.000000e+00      0.000000e+00      1.359624e-05   
     9.155759        1.261653e-05      0.000000e+00      0.000000e+00      1.261653e-05   
     9.466856        1.060977e-05      0.000000e+00      0.000000e+00      1.060977e-05   
     9.776695        8.273291e-06      0.000000e+00      0.000000e+00      8.273291e-06   
    10.084440        6.074378e-06      0.000000e+00      0.000000e+00      6.074378e-06   
    10.389261        4.243690e-06      0.000000e+00      0.000000e+00      4.243690e-06   
    10.690338        2.842162e-06      0.000000e+00      0.000000e+00      2.842162e-06   
    10.986857        1.834761e-06      0.000000e+00      0.000000e+00      1.834761e-06   
    11.278020        1.146234e-06      0.000000e+00      0.000000e+00      1.146234e-06   
    11.563042        6.950221e-07      0.000000e+00      0.000000e+00      6.950221e-07   
    11.841155        4.098748e-07      0.000000e+00      0.000000e+00      4.098748e-07   
    12.111608        2.354126e-07      0.000000e+00      0.000000e+00      2.354126e-07   
    12.373673        1.318043e-07      0.000000e+00      0.000000e+00      1.318043e-07   
    12.626644        7.199975e-08      0.000000e+00      0.000000e+00      7.199975e-08   
    12.869837        3.844520e-08      0.000000e+00      0.000000e+00      3.844520e-08   
    13.102598        2.017225e-08      0.000000e+00      0.000000e+00      2.017225e-08   
    13.324299        1.054810e-08      0.000000e+00      0.000000e+00      1.054810e-08   
    13.534343        5.678750e-09      0.000000e+00      0.000000e+00      5.678750e-09   
    13.732162        3.341342e-09      0.000000e+00      0.000000e+00      3.341342e-09   
    13.917225        2.302093e-09      0.000000e+00      0.000000e+00      2.302093e-09   
    14.089032        1.896595e-09      0.000000e+00      0.000000e+00      1.896595e-09   
    14.247120        1.779642e-09      0.000000e+00      0.000000e+00      1.779642e-09   
    14.391062        1.779961e-09      0.000000e+00      0.000000e+00      1.779961e-09   
    14.520471        1.817884e-09      0.000000e+00      0.000000e+00      1.817884e-09   
    14.634998        1.860196e-09      0.000000e+00      0.000000e+00      1.860196e-09   
    14.734334        1.895580e-09      0.000000e+00      0.000000e+00      1.895580e-09   
    14.818211        1.921662e-09      0.000000e+00      0.000000e+00      1.921662e-09   
    14.886403        1.939319e-09      0.000000e+00      0.000000e+00      1.939319e-09   
    14.938727        1.950207e-09      0.000000e+00      0.000000e+00      1.950207e-09   
    14.975043        1.957385e-09      0.000000e+00      0.000000e+00      1.957385e-09   
    14.995261        1.961289e-09      0.000000e+00      0.000000e+00      1.961289e-09   