#        q              total               1              \delta U         \delta U^2    

     0.001185        1.536406e+04      1.539996e+04     -3.720904e+01      1.308377e+00   
     0.006239        7.728850e+03      7.764635e+03     -3.709302e+01      1.308425e+00   
     0.015318        5.018682e+03      5.054446e+03     -3.707239e+01      1.308586e+00   
     0.028399        3.569524e+03      3.605292e+03     -3.707653e+01      1.308449e+00   
     0.045447        2.656777e+03      2.692571e+03     -3.710154e+01      1.307615e+00   
     0.066417        2.109150e+03      2.144929e+03     -3.708454e+01      1.306312e+00   
     0.091251        1.641355e+03      1.677083e+03     -3.703197e+01      1.304132e+00   
     0.119882        1.396399e+03      1.432064e+03     -3.696548e+01      1.301026e+00   
     0.152235        1.176565e+03      1.212152e+03     -3.688363e+01      1.296684e+00   
     0.188220        9.805556e+02      1.015991e+03     -3.672610e+01      1.290621e+00   
     0.227742        8.070140e+02      8.422233e+02     -3.649290e+01      1.283602e+00   
     0.270694        7.032129e+02      7.381486e+02     -3.621134e+01      1.275629e+00   
     0.316959        6.084680e+02      6.430212e+02     -3.582016e+01      1.267017e+00   
     0.366414        5.224116e+02      5.564389e+02     -3.528615e+01      1.258828e+00   
     0.418925        4.826264e+02      5.162265e+02     -3.485260e+01      1.252465e+00   
     0.474351        4.089741e+02      4.417079e+02     -3.398342e+01      1.249586e+00   
     0.532541        3.431530e+02      3.747292e+02     -3.282825e+01      1.252125e+00   
     0.593339        3.132189e+02      3.439416e+02     -3.198493e+01      1.262298e+00   
     0.656582        2.585301e+02      2.875186e+02     -3.027078e+01      1.282319e+00   
     0.722098        2.339931e+02      2.617826e+02     -2.910363e+01      1.314076e+00   
     0.789711        1.896013e+02      2.150106e+02     -2.676818e+01      1.358843e+00   
     0.859239        1.699987e+02      1.938740e+02     -2.529227e+01      1.416982e+00   
     0.930495        1.349110e+02      1.558481e+02     -2.242480e+01      1.487659e+00   
     1.003286        1.053933e+02      1.231504e+02     -1.932582e+01      1.568666e+00   
     1.077416        8.090085e+01      9.537875e+01     -1.613430e+01      1.656400e+00   
     1.152685        6.087634e+01      7.213097e+01     -1.300067e+01      1.746043e+00   
     1.228890        3.791476e+01      4.486194e+01     -8.779100e+00      1.831916e+00   
     1.305826        1.812722e+01      2.058372e+01     -4.364504e+00      1.908010e+00   
     1.383286        4.689022e+00      3.518584e+00     -7.981583e-01      1.968596e+00   
     1.461060        2.008845e+00      0.000000e+00      0.000000e+00      2.008845e+00   
     1.538940        2.025349e+00      0.000000e+00      0.000000e+00      2.025349e+00   
     1.616714        2.016456e+00      0.000000e+00      0.000000e+00      2.016456e+00   
     1.694174        1.982374e+00      0.000000e+00      0.000000e+00      1.982374e+00   
     1.771110        1.925040e+00      0.000000e+00      0.000000e+00      1.925040e+00   
     1.847315        1.847795e+00      0.000000e+00      0.000000e+00      1.847795e+00   
     1.922584        1.754931e+00      0.000000e+00      0.000000e+00      1.754931e+00   
     1.996714        1.651188e+00      0.000000e+00      0.000000e+00      1.651188e+00   
     2.069505        1.541286e+00      0.000000e+00      0.000000e+00      1.541286e+00   
     2.140761        1.429533e+00      0.000000e+00      0.000000e+00      1.429533e+00   
     2.210289        1.319561e+00      0.000000e+00      0.000000e+00      1.319561e+00   
     2.277902        1.214192e+00      0.000000e+00      0.000000e+00      1.214192e+00   
     2.343418        1.115412e+00      0.000000e+00      0.000000e+00      1.115412e+00   
     2.406661        1.024443e+00      0.000000e+00      0.000000e+00      1.024443e+00   
     2.467459        9.418652e-01      0.000000e+00      0.000000e+00      9.418652e-01   
     2.525649        8.677610e-01      0.000000e+00      0.000000e+00      8.677610e-01   
     2.581075        8.018643e-01      0.000000e+00      0.000000e+00      8.018643e-01   
     2.633586        7.436869e-01      0.000000e+00      0.000000e+00      7.436869e-01   
     2.683041        6.926219e-01      0.000000e+00      0.000000e+00      6.926219e-01   
     2.729306        6.480208e-01      0.000000e+00      0.000000e+00      6.480208e-01   
     2.772258        6.092445e-01      0.000000e+00      0.000000e+00      6.092445e-01   
     2.811780        5.756962e-01      0.000000e+00      0.000000e+00      5.756962e-01   
     2.847765        5.468385e-01      0.000000e+00      0.000000e+00      5.468385e-01   
     2.880118        5.222003e-01      0.000000e+00      0.000000e+00      5.222003e-01   
     2.908749        5.013775e-01      0.000000e+00      0.000000e+00      5.013775e-01   
     2.933583        4.840303e-01      0.000000e+00      0.000000e+00      4.840303e-01   
     2.954553        4.698784e-01      0.000000e+00      0.000000e+00      4.698784e-01   
     2.971601        4.586958e-01      0.000000e+00      0.000000e+00      4.586958e-01   
     2.984682        4.503062e-01      0.000000e+00      0.000000e+00      4.503062e-01   
     2.993761        4.445786e-01      0.000000e+00      0.000000e+00      4.445786e-01   
     2.998815        4.414233e-01      0.000000e+00      0.000000e+00      4.414233e-01   
     3.004739        4.377549e-01      0.000000e+00      0.000000e+00      4.377549e-01   
     3.024957        4.254747e-01      0.000000e+00      0.000000e+00      4.254747e-01   
     3.061273        4.043121e-01      0.000000e+00      0.000000e+00      4.043121e-01   
     3.113597        3.757192e-01      0.000000e+00      0.000000e+00      3.757192e-01   
     3.181789        3.415248e-01      0.000000e+00      0.000000e+00      3.415248e-01   
     3.265666        3.037006e-01      0.000000e+00      0.000000e+00      3.037006e-01   
     3.365002        2.641607e-01      0.000000e+00      0.000000e+00      2.641607e-01   
     3.479529        2.246264e-01      0.000000e+00      0.000000e+00      2.246264e-01   
     3.608938        1.865621e-01      0.000000e+00      0.000000e+00      1.865621e-01   
     3.752880        1.511515e-01      0.000000e+00      0.000000e+00      1.511515e-01   
     3.910968        1.192845e-01      0.000000e+00      0.000000e+00      1.192845e-01   
     4.082775        9.154281e-02      0.000000e+00      0.000000e+00      9.154281e-02   
     4.267838        6.819605e-02      0.000000e+00      0.000000e+00      6.819605e-02   
     4.465657        4.921942e-02      0.000000e+00      0.000000e+00      4.921942e-02   
     4.675701        3.433889e-02      0.000000e+00      0.000000e+00      3.433889e-02   
     4.897402        2.309727e-02      0.000000e+00      0.000000e+00      2.309727e-02   
     5.130163        1.492952e-02      0.000000e+00      0.000000e+00      1.492952e-02   
     5.373356        9.235009e-03      0.000000e+00      0.000000e+00      9.235009e-03   
     5.626327        5.436910e-03      0.000000e+00      0.000000e+00      5.436910e-03   
     5.888392        3.023664e-03      0.000000e+00      0.000000e+00      3.023664e-03   
     6.158845        1.571686e-03      0.000000e+00      0.000000e+00      1.571686e-03   
     6.436958        7.517474e-04      0.000000e+00      0.000000e+00      7.517474e-04   
     6.721980        3.232240e-04      0.000000e+00      0.000000e+00      3.232240e-04   
     7.013143        1.209271e-04      0.000000e+00      0.000000e+00      1.209271e-04   
     7.309662        3.877601e-05      0.000000e+00      0.000000e+00      3.877601e-05   
     7.610739        1.356484e-05      0.000000e+00      0.000000e+00      1.356484e-05   
     7.915560        1.087961e-05      0.000000e+00      0.000000e+00      1.087961e-05   
     8.223305        1.411054e-05      0.000000e+00      0.000000e+00      1.411054e-05   
     8.533144        1.665453e-05      0.000000e+00      0.000000e+00      1.665453e-05   
     8.844241        1.687712e-05      0.000000e+00      0.000000e+00      1.687712e-05   
     9.155759        1.517449e-05      0.000000e+00      0.000000e+00      1.517449e-05   
     9.466856        1.246346e-05      0.000000e+00      0.000000e+00      1.246346e-05   
     9.776695        9.539228e-06      0.000000e+00      0.000000e+00      9.539228e-06   
    10.084440        6.895876e-06      0.000000e+00      0.000000e+00      6.895876e-06   
    10.389261        4.752718e-06      0.000000e+00      0.000000e+00      4.752718e-06   
    10.690338        3.144053e-06      0.000000e+00      0.000000e+00      3.144053e-06   
    10.986857        2.006138e-06      0.000000e+00      0.000000e+00      2.006138e-06   
    11.278020        1.239108e-06      0.000000e+00      0.000000e+00      1.239108e-06   
    11.563042        7.427600e-07      0.000000e+00      0.000000e+00      7.427600e-07   
    11.841155        4.328495e-07      0.000000e+00      0.000000e+00      4.328495e-07   
    12.111608        2.455027e-07      0.000000e+00      0.000000e+00      2.455027e-07   
    12.373673        1.356234e-07      0.000000e+00      0.000000e+00      1.356234e-07   
    12.626644        7.305007e-08      0.000000e+00      0.000000e+00      7.305007e-08   
    12.869837        3.847248e-08      0.000000e+00      0.000000e+00      3.847248e-08   
    13.102598        1.997678e-08      0.000000e+00      0.000000e+00      1.997678e-08   
    13.324299        1.044827e-08      0.000000e+00      0.000000e+00      1.044827e-08   
    13.534343        5.764294e-09      0.000000e+00      0.000000e+00      5.764294e-09   
    13.732162        3.604872e-09      0.000000e+00      0.000000e+00      3.604872e-09   
    13.917225        2.703376e-09      0.000000e+00      0.000000e+00      2.703376e-09   
    14.089032        2.391408e-09      0.000000e+00      0.000000e+00      2.391408e-09   
    14.247120        2.330979e-09      0.000000e+00      0.000000e+00      2.330979e-09   
    14.391062        2.361008e-09      0.000000e+00      0.000000e+00      2.361008e-09   
    14.520471        2.411446e-09      0.000000e+00      0.000000e+00      2.411446e-09   
    14.634998        2.456041e-09      0.000000e+00      0.000000e+00      2.456041e-09   
    14.734334        2.488636e-09      0.000000e+00      0.000000e+00      2.488636e-09   
    14.818211        2.510548e-09      0.000000e+00      0.000000e+00      2.510548e-09   
    14.886403        2.524150e-09      0.000000e+00      0.000000e+00      2.524150e-09   
    14.938727        2.531465e-09      0.000000e+00      0.000000e+00      2.531465e-09   
    14.975043        2.535035e-09      0.000000e+00      0.000000e+00      2.535035e-09   
    14.995261        2.537315e-09      0.000000e+00      0.000000e+00      2.537315e-09   