#        q              total               1              \delta U         \delta U^2    

     0.001185        1.902881e+04      1.904976e+04     -2.380067e+01      2.845474e+00   
     0.006239        1.067948e+04      1.070037e+04     -2.372728e+01      2.845566e+00   
     0.015318        7.275682e+03      7.296537e+03     -2.370181e+01      2.845923e+00   
     0.028399        5.591209e+03      5.612141e+03     -2.377769e+01      2.845697e+00   
     0.045447        4.514040e+03      4.534977e+03     -2.378052e+01      2.843840e+00   
     0.066417        3.729544e+03      3.750458e+03     -2.375519e+01      2.840980e+00   
     0.091251        3.171467e+03      3.192361e+03     -2.372955e+01      2.836037e+00   
     0.119882        2.791366e+03      2.812228e+03     -2.369086e+01      2.828996e+00   
     0.152235        2.442728e+03      2.463536e+03     -2.362719e+01      2.818655e+00   
     0.188220        2.124210e+03      2.144929e+03     -2.352175e+01      2.803339e+00   
     0.227742        1.927950e+03      1.948567e+03     -2.340044e+01      2.784369e+00   
     0.270694        1.744101e+03      1.764570e+03     -2.322927e+01      2.760254e+00   
     0.316959        1.572278e+03      1.592536e+03     -2.298832e+01      2.730000e+00   
     0.366414        1.412087e+03      1.432064e+03     -2.267009e+01      2.693532e+00   
     0.418925        1.336297e+03      1.356037e+03     -2.239121e+01      2.651092e+00   
     0.474351        1.192864e+03      1.212152e+03     -2.189064e+01      2.602801e+00   
     0.532541        1.125264e+03      1.144193e+03     -2.147750e+01      2.548791e+00   
     0.593339        9.977488e+02      1.015991e+03     -2.073199e+01      2.489715e+00   
     0.656582        8.803613e+02      8.977415e+02     -1.980660e+01      2.426382e+00   
     0.722098        8.254486e+02      8.422233e+02     -1.913413e+01      2.359415e+00   
     0.789711        7.225202e+02      7.381486e+02     -1.791760e+01      2.289170e+00   
     0.859239        6.746102e+02      6.894916e+02     -1.709701e+01      2.215620e+00   
     0.930495        5.851864e+02      5.986870e+02     -1.563880e+01      2.138189e+00   
     1.003286        5.042137e+02      5.162265e+02     -1.406851e+01      2.055691e+00   
     1.077416        3.975346e+02      4.073012e+02     -1.173309e+01      1.966457e+00   
     1.152685        3.073588e+02      3.148881e+02     -9.397916e+00      1.868629e+00   
     1.228890        1.896443e+02      1.938740e+02     -5.990268e+00      1.760572e+00   
     1.305826        2.156493e+01      2.058372e+01     -6.601652e-01      1.641377e+00   
     1.383286        1.511328e+00      0.000000e+00      0.000000e+00      1.511328e+00   
     1.461060        1.372184e+00      0.000000e+00      0.000000e+00      1.372184e+00   
     1.538940        1.227208e+00      0.000000e+00      0.000000e+00      1.227208e+00   
     1.616714        1.080918e+00      0.000000e+00      0.000000e+00      1.080918e+00   
     1.694174        9.385440e-01      0.000000e+00      0.000000e+00      9.385440e-01   
     1.771110        8.053201e-01      0.000000e+00      0.000000e+00      8.053201e-01   
     1.847315        6.858011e-01      0.000000e+00      0.000000e+00      6.858011e-01   
     1.922584        5.833204e-01      0.000000e+00      0.000000e+00      5.833204e-01   
     1.996714        4.996675e-01      0.000000e+00      0.000000e+00      4.996675e-01   
     2.069505        4.350423e-01      0.000000e+00      0.000000e+00      4.350423e-01   
     2.140761        3.882533e-01      0.000000e+00      0.000000e+00      3.882533e-01   
     2.210289        3.570753e-01      0.000000e+00      0.000000e+00      3.570753e-01   
     2.277902        3.386769e-01      0.000000e+00      0.000000e+00      3.386769e-01   
     2.343418        3.300343e-01      0.000000e+00      0.000000e+00      3.300343e-01   
     2.406661        3.282682e-01      0.000000e+00      0.000000e+00      3.282682e-01   
     2.467459        3.308737e-01      0.000000e+00      0.000000e+00      3.308737e-01   
     2.525649        3.358403e-01      0.000000e+00      0.000000e+00      3.358403e-01   
     2.581075        3.416786e-01      0.000000e+00      0.000000e+00      3.416786e-01   
     2.633586        3.473795e-01      0.000000e+00      0.000000e+00      3.473795e-01   
     2.683041        3.523351e-01      0.000000e+00      0.000000e+00      3.523351e-01   
     2.729306        3.562463e-01      0.000000e+00      0.000000e+00      3.562463e-01   
     2.772258        3.590336e-01      0.000000e+00      0.000000e+00      3.590336e-01   
     2.811780        3.607611e-01      0.000000e+00      0.000000e+00      3.607611e-01   
     2.847765        3.615767e-01      0.000000e+00      0.000000e+00      3.615767e-01   
     2.880118        3.616691e-01      0.000000e+00      0.000000e+00      3.616691e-01   
     2.908749        3.612378e-01      0.000000e+00      0.000000e+00      3.612378e-01   
     2.933583        3.604745e-01      0.000000e+00      0.000000e+00      3.604745e-01   
     2.954553        3.595515e-01      0.000000e+00      0.000000e+00      3.595515e-01   
     2.971601        3.586161e-01      0.000000e+00      0.000000e+00      3.586161e-01   
     2.984682        3.577877e-01      0.000000e+00      0.000000e+00      3.577877e-01   
     2.993761        3.571571e-01      0.000000e+00      0.000000e+00      3.571571e-01   
     2.998815        3.567865e-01      0.000000e+00      0.000000e+00      3.567865e-01   
     3.004739        3.563345e-01      0.000000e+00      0.000000e+00      3.563345e-01   
     3.024957        3.546505e-01      0.000000e+00      0.000000e+00      3.546505e-01   
     3.061273        3.510948e-01      0.000000e+00      0.000000e+00      3.510948e-01   
     3.113597        3.448494e-01      0.000000e+00      0.000000e+00      3.448494e-01   
     3.181789        3.349373e-01      0.000000e+00      0.000000e+00      3.349373e-01   
     3.265666        3.204573e-01      0.000000e+00      0.000000e+00      3.204573e-01   
     3.365002        3.008506e-01      0.000000e+00      0.000000e+00      3.008506e-01   
     3.479529        2.761257e-01      0.000000e+00      0.000000e+00      2.761257e-01   
     3.608938        2.469602e-01      0.000000e+00      0.000000e+00      2.469602e-01   
     3.752880        2.146440e-01      0.000000e+00      0.000000e+00      2.146440e-01   
     3.910968        1.808793e-01      0.000000e+00      0.000000e+00      1.808793e-01   
     4.082775        1.474994e-01      0.000000e+00      0.000000e+00      1.474994e-01   
     4.267838        1.161851e-01      0.000000e+00      0.000000e+00      1.161851e-01   
     4.465657        8.824557e-02      0.000000e+00      0.000000e+00      8.824557e-02   
     4.675701        6.449932e-02      0.000000e+00      0.000000e+00      6.449932e-02   
     4.897402        4.525837e-02      0.000000e+00      0.000000e+00      4.525837e-02   
     5.130163        3.039530e-02      0.000000e+00      0.000000e+00      3.039530e-02   
     5.373356        1.945999e-02      0.000000e+00      0.000000e+00      1.945999e-02   
     5.626327        1.181288e-02      0.000000e+00      0.000000e+00      1.181288e-02   
     5.888392        6.747821e-03      0.000000e+00      0.000000e+00      6.747821e-03   
     6.158845        3.587840e-03      0.000000e+00      0.000000e+00      3.587840e-03   
     6.436958        1.747082e-03      0.000000e+00      0.000000e+00      1.747082e-03   
     6.721980        7.601831e-04      0.000000e+00      0.000000e+00      7.601831e-04   
     7.013143        2.855943e-04      0.000000e+00      0.000000e+00      2.855943e-04   
     7.309662        9.162178e-05      0.000000e+00      0.000000e+00      9.162178e-05   
     7.610739        3.378368e-05      0.000000e+00      0.000000e+00      3.378368e-05   
     7.915560        3.037759e-05      0.000000e+00      0.000000e+00      3.037759e-05   
     8.223305        4.074100e-05      0.000000e+00      0.000000e+00      4.074100e-05   
     8.533144        4.835712e-05      0.000000e+00      0.000000e+00      4.835712e-05   
     8.844241        4.917078e-05      0.000000e+00      0.000000e+00      4.917078e-05   
     9.155759        4.439428e-05      0.000000e+00      0.000000e+00      4.439428e-05   
     9.466856        3.663570e-05      0.000000e+00      0.000000e+00      3.663570e-05   
     9.776695        2.817800e-05      0.000000e+00      0.000000e+00      2.817800e-05   
    10.084440        2.046782e-05      0.000000e+00      0.000000e+00      2.046782e-05   
    10.389261        1.417043e-05      0.000000e+00      0.000000e+00      1.417043e-05   
    10.690338        9.412573e-06      0.000000e+00      0.000000e+00      9.412573e-06   
    10.986857        6.027421e-06      0.000000e+00      0.000000e+00      6.027421e-06   
    11.278020        3.733831e-06      0.000000e+00      0.000000e+00      3.733831e-06   
    11.563042        2.242880e-06      0.000000e+00      0.000000e+00      2.242880e-06   
    11.841155        1.308231e-06      0.000000e+00      0.000000e+00      1.308231e-06   
    12.111608        7.412385e-07      0.000000e+00      0.000000e+00      7.412385e-07   
    12.373673        4.076825e-07      0.000000e+00      0.000000e+00      4.076825e-07   
    12.626644        2.172349e-07      0.000000e+00      0.000000e+00      2.172349e-07   
    12.869837        1.117699e-07      0.000000e+00      0.000000e+00      1.117699e-07   
    13.102598        5.527335e-08      0.000000e+00      0.000000e+00      5.527335e-08   
    13.324299        2.616164e-08      0.000000e+00      0.000000e+00      2.616164e-08   
    13.534343        1.188893e-08      0.000000e+00      0.000000e+00      1.188893e-08   
    13.732162        5.374328e-09      0.000000e+00      0.000000e+00      5.374328e-09   
    13.917225        2.739708e-09      0.000000e+00      0.000000e+00      2.739708e-09   
    14.089032        1.930181e-09      0.000000e+00      0.000000e+00      1.930181e-09   
    14.247120        1.899830e-09      0.000000e+00      0.000000e+00      1.899830e-09   
    14.391062        2.144330e-09      0.000000e+00      0.000000e+00      2.144330e-09   
    14.520471        2.439713e-09      0.000000e+00      0.000000e+00      2.439713e-09   
    14.634998        2.699650e-09      0.000000e+00      0.000000e+00      2.699650e-09   
    14.734334        2.901301e-09      0.000000e+00      0.000000e+00      2.901301e-09   
    14.818211        3.047621e-09      0.000000e+00      0.000000e+00      3.047621e-09   
    14.886403        3.148852e-09      0.000000e+00      0.000000e+00      3.148852e-09   
    14.938727        3.215378e-09      0.000000e+00      0.000000e+00      3.215378e-09   
    14.975043        3.255911e-09      0.000000e+00      0.000000e+00      3.255911e-09   
    14.995261        3.276769e-09      0.000000e+00      0.000000e+00      3.276769e-09   