#        q              total               1              \delta U         \delta U^2    

     0.001185        2.474990e+04      2.475535e+04     -5.453613e+00      2.460689e-03   
     0.006239        1.324066e+04      1.324611e+04     -5.451431e+00      2.457116e-03   
     0.015318        9.016073e+03      9.021523e+03     -5.452728e+00      2.451123e-03   
     0.028399        6.842192e+03      6.847642e+03     -5.451608e+00      2.425016e-03   
     0.045447        5.416461e+03      5.421911e+03     -5.453030e+00      2.419243e-03   
     0.066417        4.529528e+03      4.534977e+03     -5.451152e+00      2.500059e-03   
     0.091251        3.894023e+03      3.899470e+03     -5.449941e+00      2.296652e-03   
     0.119882        3.320848e+03      3.326293e+03     -5.447798e+00      2.248229e-03   
     0.152235        2.929939e+03      2.935379e+03     -5.442014e+00      2.437781e-03   
     0.188220        2.570926e+03      2.576357e+03     -5.433788e+00      2.299994e-03   
     0.227742        2.348634e+03      2.354058e+03     -5.426113e+00      2.176400e-03   
     0.270694        2.139517e+03      2.144929e+03     -5.414157e+00      2.218183e-03   
     0.316959        1.943174e+03      1.948567e+03     -5.394985e+00      2.243953e-03   
     0.366414        1.759204e+03      1.764570e+03     -5.367968e+00      2.174500e-03   
     0.418925        1.587209e+03      1.592536e+03     -5.329175e+00      2.139454e-03   
     0.474351        1.426793e+03      1.432064e+03     -5.273092e+00      2.158542e-03   
     0.532541        1.350802e+03      1.356037e+03     -5.237416e+00      2.157028e-03   
     0.593339        1.207012e+03      1.212152e+03     -5.142534e+00      2.145201e-03   
     0.656582        1.139112e+03      1.144193e+03     -5.083488e+00      2.155954e-03   
     0.722098        1.011059e+03      1.015991e+03     -4.934389e+00      2.184773e-03   
     0.789711        8.930021e+02      8.977415e+02     -4.741633e+00      2.222219e-03   
     0.859239        8.375962e+02      8.422233e+02     -4.629328e+00      2.275484e-03   
     0.930495        7.337838e+02      7.381486e+02     -4.367119e+00      2.353452e-03   
     1.003286        6.389618e+02      6.430212e+02     -4.061847e+00      2.458782e-03   
     1.077416        5.527205e+02      5.564389e+02     -3.721022e+00      2.593966e-03   
     1.152685        4.385462e+02      4.417079e+02     -3.164532e+00      2.764253e-03   
     1.228890        3.413527e+02      3.439416e+02     -2.591823e+00      2.974912e-03   
     1.305826        5.933830e+01      5.981592e+01     -4.808521e-01      3.229952e-03   
     1.383286        3.532521e-03      0.000000e+00      0.000000e+00      3.532521e-03   
     1.461060        3.885456e-03      0.000000e+00      0.000000e+00      3.885456e-03   
     1.538940        4.291151e-03      0.000000e+00      0.000000e+00      4.291151e-03   
     1.616714        4.751279e-03      0.000000e+00      0.000000e+00      4.751279e-03   
     1.694174        5.266803e-03      0.000000e+00      0.000000e+00      5.266803e-03   
     1.771110        5.837717e-03      0.000000e+00      0.000000e+00      5.837717e-03   
     1.847315        6.462741e-03      0.000000e+00      0.000000e+00      6.462741e-03   
     1.922584        7.139585e-03      0.000000e+00      0.000000e+00      7.139585e-03   
     1.996714        7.864866e-03      0.000000e+00      0.000000e+00      7.864866e-03   
     2.069505        8.634425e-03      0.000000e+00      0.000000e+00      8.634425e-03   
     2.140761        9.443042e-03      0.000000e+00      0.000000e+00      9.443042e-03   
     2.210289        1.028482e-02      0.000000e+00      0.000000e+00      1.028482e-02   
     2.277902        1.115229e-02      0.000000e+00      0.000000e+00      1.115229e-02   
     2.343418        1.203877e-02      0.000000e+00      0.000000e+00      1.203877e-02   
     2.406661        1.293585e-02      0.000000e+00      0.000000e+00      1.293585e-02   
     2.467459        1.383670e-02      0.000000e+00      0.000000e+00      1.383670e-02   
     2.525649        1.473215e-02      0.000000e+00      0.000000e+00      1.473215e-02   
     2.581075        1.561509e-02      0.000000e+00      0.000000e+00      1.561509e-02   
     2.633586        1.647791e-02      0.000000e+00      0.000000e+00      1.647791e-02   
     2.683041        1.731055e-02      0.000000e+00      0.000000e+00      1.731055e-02   
     2.729306        1.810654e-02      0.000000e+00      0.000000e+00      1.810654e-02   
     2.772258        1.885725e-02      0.000000e+00      0.000000e+00      1.885725e-02   
     2.811780        1.955795e-02      0.000000e+00      0.000000e+00      1.955795e-02   
     2.847765        2.020297e-02      0.000000e+00      0.000000e+00      2.020297e-02   
     2.880118        2.078942e-02      0.000000e+00      0.000000e+00      2.078942e-02   
     2.908749        2.131388e-02      0.000000e+00      0.000000e+00      2.131388e-02   
     2.933583        2.177385e-02      0.000000e+00      0.000000e+00      2.177385e-02   
     2.954553        2.216652e-02      0.000000e+00      0.000000e+00      2.216652e-02   
     2.971601        2.248905e-02      0.000000e+00      0.000000e+00      2.248905e-02   
     2.984682        2.273873e-02      0.000000e+00      0.000000e+00      2.273873e-02   
     2.993761        2.291300e-02      0.000000e+00      0.000000e+00      2.291300e-02   
     2.998815        2.301030e-02      0.000000e+00      0.000000e+00      2.301030e-02   
     3.004739        2.312390e-02      0.000000e+00      0.000000e+00      2.312390e-02   
     3.024957        2.350806e-02      0.000000e+00      0.000000e+00      2.350806e-02   
     3.061273        2.419278e-02      0.000000e+00      0.000000e+00      2.419278e-02   
     3.113597        2.516956e-02      0.000000e+00      0.000000e+00      2.516956e-02   
     3.181789        2.643871e-02      0.000000e+00      0.000000e+00      2.643871e-02   
     3.265666        2.801107e-02      0.000000e+00      0.000000e+00      2.801107e-02   
     3.365002        2.983808e-02      0.000000e+00      0.000000e+00      2.983808e-02   
     3.479529        3.183478e-02      0.000000e+00      0.000000e+00      3.183478e-02   
     3.608938        3.392451e-02      0.000000e+00      0.000000e+00      3.392451e-02   
     3.752880        3.597892e-02      0.000000e+00      0.000000e+00      3.597892e-02   
     3.910968        3.782286e-02      0.000000e+00      0.000000e+00      3.782286e-02   
     4.082775        3.925848e-02      0.000000e+00      0.000000e+00      3.925848e-02   
     4.267838        4.007604e-02      0.000000e+00      0.000000e+00      4.007604e-02   
     4.465657        4.007745e-02      0.000000e+00      0.000000e+00      4.007745e-02   
     4.675701        3.910859e-02      0.000000e+00      0.000000e+00      3.910859e-02   
     4.897402        3.709340e-02      0.000000e+00      0.000000e+00      3.709340e-02   
     5.130163        3.406362e-02      0.000000e+00      0.000000e+00      3.406362e-02   
     5.373356        3.017258e-02      0.000000e+00      0.000000e+00      3.017258e-02   
     5.626327        2.568504e-02      0.000000e+00      0.000000e+00      2.568504e-02   
     5.888392        2.094100e-02      0.000000e+00      0.000000e+00      2.094100e-02   
     6.158845        1.629945e-02      0.000000e+00      0.000000e+00      1.629945e-02   
     6.436958        1.207640e-02      0.000000e+00      0.000000e+00      1.207640e-02   
     6.721980        8.494739e-03      0.000000e+00      0.000000e+00      8.494739e-03   
     7.013143        5.659583e-03      0.000000e+00      0.000000e+00      5.659583e-03   
     7.309662        3.563712e-03      0.000000e+00      0.000000e+00      3.563712e-03   
     7.610739        2.116547e-03      0.000000e+00      0.000000e+00      2.116547e-03   
     7.915560        1.183550e-03      0.000000e+00      0.000000e+00      1.183550e-03   
     8.223305        6.226184e-04      0.000000e+00      0.000000e+00      6.226184e-04   
     8.533144        3.089849e-04      0.000000e+00      0.000000e+00      3.089849e-04   
     8.844241        1.467145e-04      0.000000e+00      0.000000e+00      1.467145e-04   
     9.155759        6.963636e-05      0.000000e+00      0.000000e+00      6.963636e-05   
     9.466856        3.633377e-05      0.000000e+00      0.000000e+00      3.633377e-05   
     9.776695        2.321760e-05      0.000000e+00      0.000000e+00      2.321760e-05   
    10.084440        1.814768e-05      0.000000e+00      0.000000e+00      1.814768e-05   
    10.389261        1.560845e-05      0.000000e+00      0.000000e+00      1.560845e-05   
    10.690338        1.352150e-05      0.000000e+00      0.000000e+00      1.352150e-05   
    10.986857        1.136632e-05      0.000000e+00      0.000000e+00      1.136632e-05   
    11.278020        9.192786e-06      0.000000e+00      0.000000e+00      9.192786e-06   
    11.563042        7.170666e-06      0.000000e+00      0.000000e+00      7.170666e-06   
    11.841155        5.425642e-06      0.000000e+00      0.000000e+00      5.425642e-06   
    12.111608        4.007672e-06      0.000000e+00      0.000000e+00      4.007672e-06   
    12.373673        2.907842e-06      0.000000e+00      0.000000e+00      2.907842e-06   
    12.626644        2.084578e-06      0.000000e+00      0.000000e+00      2.084578e-06   
    12.869837        1.484657e-06      0.000000e+00      0.000000e+00      1.484657e-06   
    13.102598        1.056049e-06      0.000000e+00      0.000000e+00      1.056049e-06   
    13.324299        7.540686e-07      0.000000e+00      0.000000e+00      7.540686e-07   
    13.534343        5.432036e-07      0.000000e+00      0.000000e+00      5.432036e-07   
    13.732162        3.966501e-07      0.000000e+00      0.000000e+00      3.966501e-07   
    13.917225        2.948974e-07      0.000000e+00      0.000000e+00      2.948974e-07   
    14.089032        2.241249e-07      0.000000e+00      0.000000e+00      2.241249e-07   
    14.247120        1.747545e-07      0.000000e+00      0.000000e+00      1.747545e-07   
    14.391062        1.402386e-07      0.000000e+00      0.000000e+00      1.402386e-07   
    14.520471        1.160676e-07      0.000000e+00      0.000000e+00      1.160676e-07   
    14.634998        9.918913e-08      0.000000e+00      0.000000e+00      9.918913e-08   
    14.734334        8.752055e-08      0.000000e+00      0.000000e+00      8.752055e-08   
    14.818211        7.950715e-08      0.000000e+00      0.000000e+00      7.950715e-08   
    14.886403        7.401553e-08      0.000000e+00      0.000000e+00      7.401553e-08   
    14.938727        7.030496e-08      0.000000e+00      0.000000e+00      7.030496e-08   
    14.975043        6.797287e-08      0.000000e+00      0.000000e+00      6.797287e-08   
    14.995261        6.687309e-08      0.000000e+00      0.000000e+00      6.687309e-08   