#        q              total               1              \delta U         \delta U^2    

     0.001185        2.471598e+04      2.475535e+04     -3.951305e+01      1.489968e-01   
     0.006239        1.320692e+04      1.324611e+04     -3.934140e+01      1.486327e-01   
     0.015318        8.982293e+03      9.021523e+03     -3.937706e+01      1.472927e-01   
     0.028399        6.808411e+03      6.847642e+03     -3.937671e+01      1.464783e-01   
     0.045447        5.382671e+03      5.421911e+03     -3.938729e+01      1.467291e-01   
     0.066417        4.495743e+03      4.534977e+03     -3.938084e+01      1.465314e-01   
     0.091251        3.860238e+03      3.899470e+03     -3.937850e+01      1.464314e-01   
     0.119882        3.287072e+03      3.326293e+03     -3.936639e+01      1.454635e-01   
     0.152235        2.896165e+03      2.935379e+03     -3.935744e+01      1.443465e-01   
     0.188220        2.537179e+03      2.576357e+03     -3.932322e+01      1.444453e-01   
     0.227742        2.314907e+03      2.354058e+03     -3.929409e+01      1.429076e-01   
     0.270694        2.105824e+03      2.144929e+03     -3.924549e+01      1.406991e-01   
     0.316959        1.909554e+03      1.948567e+03     -3.915159e+01      1.389912e-01   
     0.366414        1.725693e+03      1.764570e+03     -3.901386e+01      1.371823e-01   
     0.418925        1.553871e+03      1.592536e+03     -3.879959e+01      1.348413e-01   
     0.474351        1.393725e+03      1.432064e+03     -3.847069e+01      1.321527e-01   
     0.532541        1.317868e+03      1.356037e+03     -3.829886e+01      1.296812e-01   
     0.593339        1.174571e+03      1.212152e+03     -3.770861e+01      1.275458e-01   
     0.656582        1.106932e+03      1.144193e+03     -3.738662e+01      1.257940e-01   
     0.722098        9.797005e+02      1.015991e+03     -3.641528e+01      1.247413e-01   
     0.789711        8.627418e+02      8.977415e+02     -3.512454e+01      1.248204e-01   
     0.859239        8.079271e+02      8.422233e+02     -3.442266e+01      1.264318e-01   
     0.930495        7.056657e+02      7.381486e+02     -3.261282e+01      1.299537e-01   
     1.003286        6.126859e+02      6.430212e+02     -3.047109e+01      1.358003e-01   
     1.077416        5.285370e+02      5.564389e+02     -2.804630e+01      1.444061e-01   
     1.152685        4.178890e+02      4.417079e+02     -2.397508e+01      1.561723e-01   
     1.228890        3.243713e+02      3.439416e+02     -1.974167e+01      1.714397e-01   
     1.305826        5.632222e+01      5.981592e+01     -3.684180e+00      1.904739e-01   
     1.383286        2.134422e-01      0.000000e+00      0.000000e+00      2.134422e-01   
     1.461060        2.403995e-01      0.000000e+00      0.000000e+00      2.403995e-01   
     1.538940        2.712764e-01      0.000000e+00      0.000000e+00      2.712764e-01   
     1.616714        3.058723e-01      0.000000e+00      0.000000e+00      3.058723e-01   
     1.694174        3.438537e-01      0.000000e+00      0.000000e+00      3.438537e-01   
     1.771110        3.847542e-01      0.000000e+00      0.000000e+00      3.847542e-01   
     1.847315        4.279886e-01      0.000000e+00      0.000000e+00      4.279886e-01   
     1.922584        4.728729e-01      0.000000e+00      0.000000e+00      4.728729e-01   
     1.996714        5.186531e-01      0.000000e+00      0.000000e+00      5.186531e-01   
     2.069505        5.645354e-01      0.000000e+00      0.000000e+00      5.645354e-01   
     2.140761        6.097261e-01      0.000000e+00      0.000000e+00      6.097261e-01   
     2.210289        6.534662e-01      0.000000e+00      0.000000e+00      6.534662e-01   
     2.277902        6.950680e-01      0.000000e+00      0.000000e+00      6.950680e-01   
     2.343418        7.339363e-01      0.000000e+00      0.000000e+00      7.339363e-01   
     2.406661        7.695901e-01      0.000000e+00      0.000000e+00      7.695901e-01   
     2.467459        8.016983e-01      0.000000e+00      0.000000e+00      8.016983e-01   
     2.525649        8.300596e-01      0.000000e+00      0.000000e+00      8.300596e-01   
     2.581075        8.546149e-01      0.000000e+00      0.000000e+00      8.546149e-01   
     2.633586        8.754188e-01      0.000000e+00      0.000000e+00      8.754188e-01   
     2.683041        8.926298e-01      0.000000e+00      0.000000e+00      8.926298e-01   
     2.729306        9.065089e-01      0.000000e+00      0.000000e+00      9.065089e-01   
     2.772258        9.173614e-01      0.000000e+00      0.000000e+00      9.173614e-01   
     2.811780        9.255541e-01      0.000000e+00      0.000000e+00      9.255541e-01   
     2.847765        9.314893e-01      0.000000e+00      0.000000e+00      9.314893e-01   
     2.880118        9.355667e-01      0.000000e+00      0.000000e+00      9.355667e-01   
     2.908749        9.381802e-01      0.000000e+00      0.000000e+00      9.381802e-01   
     2.933583        9.396978e-01      0.000000e+00      0.000000e+00      9.396978e-01   
     2.954553        9.404427e-01      0.000000e+00      0.000000e+00      9.404427e-01   
     2.971601        9.406924e-01      0.000000e+00      0.000000e+00      9.406924e-01   
     2.984682        9.406704e-01      0.000000e+00      0.000000e+00      9.406704e-01   
     2.993761        9.405446e-01      0.000000e+00      0.000000e+00      9.405446e-01   
     2.998815        9.404347e-01      0.000000e+00      0.000000e+00      9.404347e-01   
     3.004739        9.402598e-01      0.000000e+00      0.000000e+00      9.402598e-01   
     3.024957        9.392915e-01      0.000000e+00      0.000000e+00      9.392915e-01   
     3.061273        9.362570e-01      0.000000e+00      0.000000e+00      9.362570e-01   
     3.113597        9.291297e-01      0.000000e+00      0.000000e+00      9.291297e-01   
     3.181789        9.157585e-01      0.000000e+00      0.000000e+00      9.157585e-01   
     3.265666        8.926393e-01      0.000000e+00      0.000000e+00      8.926393e-01   
     3.365002        8.563870e-01      0.000000e+00      0.000000e+00      8.563870e-01   
     3.479529        8.048037e-01      0.000000e+00      0.000000e+00      8.048037e-01   
     3.608938        7.368884e-01      0.000000e+00      0.000000e+00      7.368884e-01   
     3.752880        6.537114e-01      0.000000e+00      0.000000e+00      6.537114e-01   
     3.910968        5.590929e-01      0.000000e+00      0.000000e+00      5.590929e-01   
     4.082775        4.590062e-01      0.000000e+00      0.000000e+00      4.590062e-01   
     4.267838        3.605944e-01      0.000000e+00      0.000000e+00      3.605944e-01   
     4.465657        2.705863e-01      0.000000e+00      0.000000e+00      2.705863e-01   
     4.675701        1.938356e-01      0.000000e+00      0.000000e+00      1.938356e-01   
     4.897402        1.325802e-01      0.000000e+00      0.000000e+00      1.325802e-01   
     5.130163        8.659517e-02      0.000000e+00      0.000000e+00      8.659517e-02   
     5.373356        5.396404e-02      0.000000e+00      0.000000e+00      5.396404e-02   
     5.626327        3.199990e-02      0.000000e+00      0.000000e+00      3.199990e-02   
     5.888392        1.796300e-02      0.000000e+00      0.000000e+00      1.796300e-02   
     6.158845        9.464917e-03      0.000000e+00      0.000000e+00      9.464917e-03   
     6.436958        4.620248e-03      0.000000e+00      0.000000e+00      4.620248e-03   
     6.721980        2.048029e-03      0.000000e+00      0.000000e+00      2.048029e-03   
     7.013143        8.008676e-04      0.000000e+00      0.000000e+00      8.008676e-04   
     7.309662        2.692346e-04      0.000000e+00      0.000000e+00      2.692346e-04   
     7.610739        8.712914e-05      0.000000e+00      0.000000e+00      8.712914e-05   
     7.915560        5.191122e-05      0.000000e+00      0.000000e+00      5.191122e-05   
     8.223305        6.264827e-05      0.000000e+00      0.000000e+00      6.264827e-05   
     8.533144        7.653370e-05      0.000000e+00      0.000000e+00      7.653370e-05   
     8.844241        8.054232e-05      0.000000e+00      0.000000e+00      8.054232e-05   
     9.155759        7.461500e-05      0.000000e+00      0.000000e+00      7.461500e-05   
     9.466856        6.274603e-05      0.000000e+00      0.000000e+00      6.274603e-05   
     9.776695        4.896092e-05      0.000000e+00      0.000000e+00      4.896092e-05   
    10.084440        3.598417e-05      0.000000e+00      0.000000e+00      3.598417e-05   
    10.389261        2.516998e-05      0.000000e+00      0.000000e+00      2.516998e-05   
    10.690338        1.688075e-05      0.000000e+00      0.000000e+00      1.688075e-05   
    10.986857        1.091445e-05      0.000000e+00      0.000000e+00      1.091445e-05   
    11.278020        6.830712e-06      0.000000e+00      0.000000e+00      6.830712e-06   
    11.563042        4.150272e-06      0.000000e+00      0.000000e+00      4.150272e-06   
    11.841155        2.453389e-06      0.000000e+00      0.000000e+00      2.453389e-06   
    12.111608        1.413143e-06      0.000000e+00      0.000000e+00      1.413143e-06   
    12.373673        7.939722e-07      0.000000e+00      0.000000e+00      7.939722e-07   
    12.626644        4.356142e-07      0.000000e+00      0.000000e+00      4.356142e-07   
    12.869837        2.338841e-07      0.000000e+00      0.000000e+00      2.338841e-07   
    13.102598        1.235605e-07      0.000000e+00      0.000000e+00      1.235605e-07   
    13.324299        6.512326e-08      0.000000e+00      0.000000e+00      6.512326e-08   
    13.534343        3.531822e-08      0.000000e+00      0.000000e+00      3.531822e-08   
    13.732162        2.083495e-08      0.000000e+00      0.000000e+00      2.083495e-08   
    13.917225        1.426105e-08      0.000000e+00      0.000000e+00      1.426105e-08   
    14.089032        1.158814e-08      0.000000e+00      0.000000e+00      1.158814e-08   
    14.247120        1.072168e-08      0.000000e+00      0.000000e+00      1.072168e-08   
    14.391062        1.061438e-08      0.000000e+00      0.000000e+00      1.061438e-08   
    14.520471        1.077261e-08      0.000000e+00      0.000000e+00      1.077261e-08   
    14.634998        1.098360e-08      0.000000e+00      0.000000e+00      1.098360e-08   
    14.734334        1.116995e-08      0.000000e+00      0.000000e+00      1.116995e-08   
    14.818211        1.131197e-08      0.000000e+00      0.000000e+00      1.131197e-08   
    14.886403        1.141088e-08      0.000000e+00      0.000000e+00      1.141088e-08   
    14.938727        1.147355e-08      0.000000e+00      0.000000e+00      1.147355e-08   
    14.975043        1.151419e-08      0.000000e+00      0.000000e+00      1.151419e-08   
    14.995261        1.153585e-08      0.000000e+00      0.000000e+00      1.153585e-08   