#        q              total               1              \delta U         \delta U^2    

     0.001185        9.276019e+03      9.288156e+03     -1.240683e+01      2.695343e-01   
     0.006239        4.522833e+03      4.534977e+03     -1.241302e+01      2.695254e-01   
     0.015318        2.800088e+03      2.812228e+03     -1.240935e+01      2.694800e-01   
     0.028399        2.033037e+03      2.045177e+03     -1.240945e+01      2.693477e-01   
     0.045447        1.498746e+03      1.510880e+03     -1.240264e+01      2.690690e-01   
     0.066417        1.132070e+03      1.144193e+03     -1.239148e+01      2.685714e-01   
     0.091251        8.856403e+02      8.977415e+02     -1.236897e+01      2.677354e-01   
     0.119882        7.260808e+02      7.381486e+02     -1.233432e+01      2.665133e-01   
     0.152235        5.866760e+02      5.986870e+02     -1.227587e+01      2.648405e-01   
     0.188220        5.042828e+02      5.162265e+02     -1.220629e+01      2.626366e-01   
     0.227742        3.955014e+02      4.073012e+02     -1.205972e+01      2.599508e-01   
     0.270694        3.323043e+02      3.439416e+02     -1.189416e+01      2.568979e-01   
     0.316959        3.033844e+02      3.148881e+02     -1.175738e+01      2.536781e-01   
     0.366414        2.505605e+02      2.617826e+02     -1.147281e+01      2.506288e-01   
     0.418925        2.041791e+02      2.150106e+02     -1.107972e+01      2.482403e-01   
     0.474351        1.833361e+02      1.938740e+02     -1.078499e+01      2.471285e-01   
     0.532541        1.459295e+02      1.558481e+02     -1.016659e+01      2.480077e-01   
     0.593339        1.293768e+02      1.388584e+02     -9.733204e+00      2.516453e-01   
     0.656582        1.000913e+02      1.086740e+02     -8.841416e+00      2.587751e-01   
     0.722098        8.738377e+01      9.537875e+01     -8.264966e+00      2.699877e-01   
     0.789711        6.529051e+01      7.213097e+01     -7.126074e+00      2.856191e-01   
     0.859239        5.593039e+01      6.207787e+01     -6.453125e+00      3.056423e-01   
     0.930495        3.999680e+01      4.486194e+01     -5.194727e+00      3.295853e-01   
     1.003286        2.756644e+01      3.116460e+01     -3.954652e+00      3.564969e-01   
     1.077416        1.815316e+01      2.058372e+01     -2.815534e+00      3.849774e-01   
     1.152685        1.128551e+01      1.271717e+01     -1.844936e+00      4.132794e-01   
     1.228890        4.767012e+00      5.127079e+00     -7.995399e-01      4.394724e-01   
     1.305826        4.825186e-01      2.513274e-02     -4.264275e-03      4.616501e-01   
     1.383286        4.781511e-01      0.000000e+00      0.000000e+00      4.781511e-01   
     1.461060        4.877507e-01      0.000000e+00      0.000000e+00      4.877507e-01   
     1.538940        4.897910e-01      0.000000e+00      0.000000e+00      4.897910e-01   
     1.616714        4.842305e-01      0.000000e+00      0.000000e+00      4.842305e-01   
     1.694174        4.716074e-01      0.000000e+00      0.000000e+00      4.716074e-01   
     1.771110        4.529313e-01      0.000000e+00      0.000000e+00      4.529313e-01   
     1.847315        4.295263e-01      0.000000e+00      0.000000e+00      4.295263e-01   
     1.922584        4.028580e-01      0.000000e+00      0.000000e+00      4.028580e-01   
     1.996714        3.743716e-01      0.000000e+00      0.000000e+00      3.743716e-01   
     2.069505        3.453654e-01      0.000000e+00      0.000000e+00      3.453654e-01   
     2.140761        3.169079e-01      0.000000e+00      0.000000e+00      3.169079e-01   
     2.210289        2.898020e-01      0.000000e+00      0.000000e+00      2.898020e-01   
     2.277902        2.645863e-01      0.000000e+00      0.000000e+00      2.645863e-01   
     2.343418        2.415652e-01      0.000000e+00      0.000000e+00      2.415652e-01   
     2.406661        2.208539e-01      0.000000e+00      0.000000e+00      2.208539e-01   
     2.467459        2.024280e-01      0.000000e+00      0.000000e+00      2.024280e-01   
     2.525649        1.861711e-01      0.000000e+00      0.000000e+00      1.861711e-01   
     2.581075        1.719140e-01      0.000000e+00      0.000000e+00      1.719140e-01   
     2.633586        1.594641e-01      0.000000e+00      0.000000e+00      1.594641e-01   
     2.683041        1.486269e-01      0.000000e+00      0.000000e+00      1.486269e-01   
     2.729306        1.392183e-01      0.000000e+00      0.000000e+00      1.392183e-01   
     2.772258        1.310719e-01      0.000000e+00      0.000000e+00      1.310719e-01   
     2.811780        1.240418e-01      0.000000e+00      0.000000e+00      1.240418e-01   
     2.847765        1.180029e-01      0.000000e+00      0.000000e+00      1.180029e-01   
     2.880118        1.128496e-01      0.000000e+00      0.000000e+00      1.128496e-01   
     2.908749        1.084940e-01      0.000000e+00      0.000000e+00      1.084940e-01   
     2.933583        1.048638e-01      0.000000e+00      0.000000e+00      1.048638e-01   
     2.954553        1.019004e-01      0.000000e+00      0.000000e+00      1.019004e-01   
     2.971601        9.955719e-02      0.000000e+00      0.000000e+00      9.955719e-02   
     2.984682        9.779809e-02      0.000000e+00      0.000000e+00      9.779809e-02   
     2.993761        9.659652e-02      0.000000e+00      0.000000e+00      9.659652e-02   
     2.998815        9.593434e-02      0.000000e+00      0.000000e+00      9.593434e-02   
     3.004739        9.516430e-02      0.000000e+00      0.000000e+00      9.516430e-02   
     3.024957        9.258467e-02      0.000000e+00      0.000000e+00      9.258467e-02   
     3.061273        8.813170e-02      0.000000e+00      0.000000e+00      8.813170e-02   
     3.113597        8.209755e-02      0.000000e+00      0.000000e+00      8.209755e-02   
     3.181789        7.484918e-02      0.000000e+00      0.000000e+00      7.484918e-02   
     3.265666        6.678401e-02      0.000000e+00      0.000000e+00      6.678401e-02   
     3.365002        5.829366e-02      0.000000e+00      0.000000e+00      5.829366e-02   
     3.479529        4.974040e-02      0.000000e+00      0.000000e+00      4.974040e-02   
     3.608938        4.144397e-02      0.000000e+00      0.000000e+00      4.144397e-02   
     3.752880        3.367313e-02      0.000000e+00      0.000000e+00      3.367313e-02   
     3.910968        2.663776e-02      0.000000e+00      0.000000e+00      2.663776e-02   
     4.082775        2.048156e-02      0.000000e+00      0.000000e+00      2.048156e-02   
     4.267838        1.527833e-02      0.000000e+00      0.000000e+00      1.527833e-02   
     4.465657        1.103442e-02      0.000000e+00      0.000000e+00      1.103442e-02   
     4.675701        7.697858e-03      0.000000e+00      0.000000e+00      7.697858e-03   
     4.897402        5.172889e-03      0.000000e+00      0.000000e+00      5.172889e-03   
     5.130163        3.336948e-03      0.000000e+00      0.000000e+00      3.336948e-03   
     5.373356        2.057341e-03      0.000000e+00      0.000000e+00      2.057341e-03   
     5.626327        1.205191e-03      0.000000e+00      0.000000e+00      1.205191e-03   
     5.888392        6.653810e-04      0.000000e+00      0.000000e+00      6.653810e-04   
     6.158845        3.421830e-04      0.000000e+00      0.000000e+00      3.421830e-04   
     6.436958        1.610411e-04      0.000000e+00      0.000000e+00      1.610411e-04   
     6.721980        6.746688e-05      0.000000e+00      0.000000e+00      6.746688e-05   
     7.013143        2.413051e-05      0.000000e+00      0.000000e+00      2.413051e-05   
     7.309662        7.161954e-06      0.000000e+00      0.000000e+00      7.161954e-06   
     7.610739        2.439468e-06      0.000000e+00      0.000000e+00      2.439468e-06   
     7.915560        2.361655e-06      0.000000e+00      0.000000e+00      2.361655e-06   
     8.223305        3.331686e-06      0.000000e+00      0.000000e+00      3.331686e-06   
     8.533144        3.979002e-06      0.000000e+00      0.000000e+00      3.979002e-06   
     8.844241        4.018091e-06      0.000000e+00      0.000000e+00      4.018091e-06   
     9.155759        3.589904e-06      0.000000e+00      0.000000e+00      3.589904e-06   
     9.466856        2.929196e-06      0.000000e+00      0.000000e+00      2.929196e-06   
     9.776695        2.227795e-06      0.000000e+00      0.000000e+00      2.227795e-06   
    10.084440        1.600733e-06      0.000000e+00      0.000000e+00      1.600733e-06   
    10.389261        1.096743e-06      0.000000e+00      0.000000e+00      1.096743e-06   
    10.690338        7.212527e-07      0.000000e+00      0.000000e+00      7.212527e-07   
    10.986857        4.574278e-07      0.000000e+00      0.000000e+00      4.574278e-07   
    11.278020        2.807260e-07      0.000000e+00      0.000000e+00      2.807260e-07   
    11.563042        1.671034e-07      0.000000e+00      0.000000e+00      1.671034e-07   
    11.841155        9.662073e-08      0.000000e+00      0.000000e+00      9.662073e-08   
    12.111608        5.430842e-08      0.000000e+00      0.000000e+00      5.430842e-08   
    12.373673        2.968293e-08      0.000000e+00      0.000000e+00      2.968293e-08   
    12.626644        1.578352e-08      0.000000e+00      0.000000e+00      1.578352e-08   
    12.869837        8.184711e-09      0.000000e+00      0.000000e+00      8.184711e-09   
    13.102598        4.174950e-09      0.000000e+00      0.000000e+00      4.174950e-09   
    13.324299        2.146600e-09      0.000000e+00      0.000000e+00      2.146600e-09   
    13.534343        1.175512e-09      0.000000e+00      0.000000e+00      1.175512e-09   
    13.732162        7.464176e-10      0.000000e+00      0.000000e+00      7.464176e-10   
    13.917225        5.811437e-10      0.000000e+00      0.000000e+00      5.811437e-10   
    14.089032        5.349771e-10      0.000000e+00      0.000000e+00      5.349771e-10   
    14.247120        5.361393e-10      0.000000e+00      0.000000e+00      5.361393e-10   
    14.391062        5.514827e-10      0.000000e+00      0.000000e+00      5.514827e-10   
    14.520471        5.674033e-10      0.000000e+00      0.000000e+00      5.674033e-10   
    14.634998        5.795567e-10      0.000000e+00      0.000000e+00      5.795567e-10   
    14.734334        5.877000e-10      0.000000e+00      0.000000e+00      5.877000e-10   
    14.818211        5.927699e-10      0.000000e+00      0.000000e+00      5.927699e-10   
    14.886403        5.956453e-10      0.000000e+00      0.000000e+00      5.956453e-10   
    14.938727        5.969803e-10      0.000000e+00      0.000000e+00      5.969803e-10   
    14.975043        5.974851e-10      0.000000e+00      0.000000e+00      5.974851e-10   
    14.995261        5.978641e-10      0.000000e+00      0.000000e+00      5.978641e-10   