#        q              total               1              \delta U         \delta U^2    

     0.001185        2.883689e+03      2.884070e+03     -3.814188e-01      2.906708e-04   
     0.006239        2.883689e+03      2.884070e+03     -3.815131e-01      2.865359e-04   
     0.015318        1.901042e+03      1.901424e+03     -3.816081e-01      2.781191e-04   
     0.028399        1.246737e+03      1.247118e+03     -3.816405e-01      2.736548e-04   
     0.045447        9.851301e+02      9.855113e+02     -3.815243e-01      2.712459e-04   
     0.066417        7.153743e+02      7.157553e+02     -3.813335e-01      2.843706e-04   
     0.091251        5.769244e+02      5.773053e+02     -3.811876e-01      2.536210e-04   
     0.119882        4.238917e+02      4.242721e+02     -3.806535e-01      2.460537e-04   
     0.152235        3.587356e+02      3.591155e+02     -3.801052e-01      2.709377e-04   
     0.188220        3.006171e+02      3.009960e+02     -3.791476e-01      2.532089e-04   
     0.227742        2.491341e+02      2.495116e+02     -3.777085e-01      2.394834e-04   
     0.270694        2.038848e+02      2.042601e+02     -3.755382e-01      2.451189e-04   
     0.316959        1.834723e+02      1.838460e+02     -3.739480e-01      2.487755e-04   
     0.366414        1.468205e+02      1.471899e+02     -3.696108e-01      2.430934e-04   
     0.418925        1.304809e+02      1.308473e+02     -3.666423e-01      2.414145e-04   
     0.474351        1.015238e+02      1.018818e+02     -3.582585e-01      2.453821e-04   
     0.532541        8.880602e+01      8.915840e+01     -3.526235e-01      2.475611e-04   
     0.593339        7.719526e+01      7.754079e+01     -3.457817e-01      2.495980e-04   
     0.656582        6.664175e+01      6.697876e+01     -3.372599e-01      2.540491e-04   
     0.722098        5.709533e+01      5.742203e+01     -3.269585e-01      2.603425e-04   
     0.789711        4.850615e+01      4.882035e+01     -3.144685e-01      2.680028e-04   
     0.859239        4.082405e+01      4.112345e+01     -2.996715e-01      2.776600e-04   
     0.930495        3.399927e+01      3.428106e+01     -2.820750e-01      2.899351e-04   
     1.003286        3.399907e+01      3.428106e+01     -2.822960e-01      3.051221e-04   
     1.077416        2.798123e+01      2.824292e+01     -2.620148e-01      3.235446e-04   
     1.152685        2.272032e+01      2.295876e+01     -2.387804e-01      3.456688e-04   
     1.228890        1.816588e+01      1.837832e+01     -2.128078e-01      3.719585e-04   
     1.305826        1.426720e+01      1.445133e+01     -1.845325e-01      4.028253e-04   
     1.383286        1.426705e+01      1.445133e+01     -1.847157e-01      4.386476e-04   
     1.461060        1.097281e+01      1.112752e+01     -1.551950e-01      4.797637e-04   
     1.538940        8.231935e+00      8.356636e+00     -1.252279e-01      5.264520e-04   
     1.616714        5.992471e+00      6.088407e+00     -9.651458e-02      5.789105e-04   
     1.694174        2.811327e+00      2.858849e+00     -4.815954e-02      6.372395e-04   
     1.771110        7.014447e-04      0.000000e+00      0.000000e+00      7.014447e-04   
     1.847315        7.714315e-04      0.000000e+00      0.000000e+00      7.714315e-04   
     1.922584        8.469466e-04      0.000000e+00      0.000000e+00      8.469466e-04   
     1.996714        9.276918e-04      0.000000e+00      0.000000e+00      9.276918e-04   
     2.069505        1.013182e-03      0.000000e+00      0.000000e+00      1.013182e-03   
     2.140761        1.102863e-03      0.000000e+00      0.000000e+00      1.102863e-03   
     2.210289        1.196118e-03      0.000000e+00      0.000000e+00      1.196118e-03   
     2.277902        1.292192e-03      0.000000e+00      0.000000e+00      1.292192e-03   
     2.343418        1.390302e-03      0.000000e+00      0.000000e+00      1.390302e-03   
     2.406661        1.489569e-03      0.000000e+00      0.000000e+00      1.489569e-03   
     2.467459        1.589018e-03      0.000000e+00      0.000000e+00      1.589018e-03   
     2.525649        1.687730e-03      0.000000e+00      0.000000e+00      1.687730e-03   
     2.581075        1.784876e-03      0.000000e+00      0.000000e+00      1.784876e-03   
     2.633586        1.879376e-03      0.000000e+00      0.000000e+00      1.879376e-03   
     2.683041        1.970497e-03      0.000000e+00      0.000000e+00      1.970497e-03   
     2.729306        2.057468e-03      0.000000e+00      0.000000e+00      2.057468e-03   
     2.772258        2.139543e-03      0.000000e+00      0.000000e+00      2.139543e-03   
     2.811780        2.216157e-03      0.000000e+00      0.000000e+00      2.216157e-03   
     2.847765        2.286761e-03      0.000000e+00      0.000000e+00      2.286761e-03   
     2.880118        2.350944e-03      0.000000e+00      0.000000e+00      2.350944e-03   
     2.908749        2.408314e-03      0.000000e+00      0.000000e+00      2.408314e-03   
     2.933583        2.458476e-03      0.000000e+00      0.000000e+00      2.458476e-03   
     2.954553        2.501189e-03      0.000000e+00      0.000000e+00      2.501189e-03   
     2.971601        2.536143e-03      0.000000e+00      0.000000e+00      2.536143e-03   
     2.984682        2.563107e-03      0.000000e+00      0.000000e+00      2.563107e-03   
     2.993761        2.581882e-03      0.000000e+00      0.000000e+00      2.581882e-03   
     2.998815        2.592350e-03      0.000000e+00      0.000000e+00      2.592350e-03   
     3.004739        2.604583e-03      0.000000e+00      0.000000e+00      2.604583e-03   
     3.024957        2.646040e-03      0.000000e+00      0.000000e+00      2.646040e-03   
     3.061273        2.719987e-03      0.000000e+00      0.000000e+00      2.719987e-03   
     3.113597        2.825475e-03      0.000000e+00      0.000000e+00      2.825475e-03   
     3.181789        2.961927e-03      0.000000e+00      0.000000e+00      2.961927e-03   
     3.265666        3.129694e-03      0.000000e+00      0.000000e+00      3.129694e-03   
     3.365002        3.327448e-03      0.000000e+00      0.000000e+00      3.327448e-03   
     3.479529        3.542242e-03      0.000000e+00      0.000000e+00      3.542242e-03   
     3.608938        3.766449e-03      0.000000e+00      0.000000e+00      3.766449e-03   
     3.752880        3.987150e-03      0.000000e+00      0.000000e+00      3.987150e-03   
     3.910968        4.186900e-03      0.000000e+00      0.000000e+00      4.186900e-03   
     4.082775        4.344108e-03      0.000000e+00      0.000000e+00      4.344108e-03   
     4.267838        4.436300e-03      0.000000e+00      0.000000e+00      4.436300e-03   
     4.465657        4.442267e-03      0.000000e+00      0.000000e+00      4.442267e-03   
     4.675701        4.345088e-03      0.000000e+00      0.000000e+00      4.345088e-03   
     4.897402        4.135977e-03      0.000000e+00      0.000000e+00      4.135977e-03   
     5.130163        3.817205e-03      0.000000e+00      0.000000e+00      3.817205e-03   
     5.373356        3.403631e-03      0.000000e+00      0.000000e+00      3.403631e-03   
     5.626327        2.921915e-03      0.000000e+00      0.000000e+00      2.921915e-03   
     5.888392        2.407097e-03      0.000000e+00      0.000000e+00      2.407097e-03   
     6.158845        1.897080e-03      0.000000e+00      0.000000e+00      1.897080e-03   
     6.436958        1.426313e-03      0.000000e+00      0.000000e+00      1.426313e-03   
     6.721980        1.020388e-03      0.000000e+00      0.000000e+00      1.020388e-03   
     7.013143        6.929938e-04      0.000000e+00      0.000000e+00      6.929938e-04   
     7.309662        4.458541e-04      0.000000e+00      0.000000e+00      4.458541e-04   
     7.610739        2.712181e-04      0.000000e+00      0.000000e+00      2.712181e-04   
     7.915560        1.557323e-04      0.000000e+00      0.000000e+00      1.557323e-04   
     8.223305        8.432687e-05      0.000000e+00      0.000000e+00      8.432687e-05   
     8.533144        4.312748e-05      0.000000e+00      0.000000e+00      4.312748e-05   
     8.844241        2.102376e-05      0.000000e+00      0.000000e+00      2.102376e-05   
     9.155759        1.005787e-05      0.000000e+00      0.000000e+00      1.005787e-05   
     9.466856        5.060490e-06      0.000000e+00      0.000000e+00      5.060490e-06   
     9.776695        2.969621e-06      0.000000e+00      0.000000e+00      2.969621e-06   
    10.084440        2.135543e-06      0.000000e+00      0.000000e+00      2.135543e-06   
    10.389261        1.760859e-06      0.000000e+00      0.000000e+00      1.760859e-06   
    10.690338        1.512116e-06      0.000000e+00      0.000000e+00      1.512116e-06   
    10.986857        1.280449e-06      0.000000e+00      0.000000e+00      1.280449e-06   
    11.278020        1.049497e-06      0.000000e+00      0.000000e+00      1.049497e-06   
    11.563042        8.309720e-07      0.000000e+00      0.000000e+00      8.309720e-07   
    11.841155        6.381490e-07      0.000000e+00      0.000000e+00      6.381490e-07   
    12.111608        4.780579e-07      0.000000e+00      0.000000e+00      4.780579e-07   
    12.373673        3.514408e-07      0.000000e+00      0.000000e+00      3.514408e-07   
    12.626644        2.549944e-07      0.000000e+00      0.000000e+00      2.549944e-07   
    12.869837        1.836021e-07      0.000000e+00      0.000000e+00      1.836021e-07   
    13.102598        1.318684e-07      0.000000e+00      0.000000e+00      1.318684e-07   
    13.324299        9.494606e-08      0.000000e+00      0.000000e+00      9.494606e-08   
    13.534343        6.885922e-08      0.000000e+00      0.000000e+00      6.885922e-08   
    13.732162        5.053467e-08      0.000000e+00      0.000000e+00      5.053467e-08   
    13.917225        3.769309e-08      0.000000e+00      0.000000e+00      3.769309e-08   
    14.089032        2.869453e-08      0.000000e+00      0.000000e+00      2.869453e-08   
    14.247120        2.238069e-08      0.000000e+00      0.000000e+00      2.238069e-08   
    14.391062        1.794110e-08      0.000000e+00      0.000000e+00      1.794110e-08   
    14.520471        1.481835e-08      0.000000e+00      0.000000e+00      1.481835e-08   
    14.634998        1.262829e-08      0.000000e+00      0.000000e+00      1.262829e-08   
    14.734334        1.109666e-08      0.000000e+00      0.000000e+00      1.109666e-08   
    14.818211        1.002663e-08      0.000000e+00      0.000000e+00      1.002663e-08   
    14.886403        9.281849e-09      0.000000e+00      0.000000e+00      9.281849e-09   
    14.938727        8.774697e-09      0.000000e+00      0.000000e+00      8.774697e-09   
    14.975043        8.460692e-09      0.000000e+00      0.000000e+00      8.460692e-09   
    14.995261        8.309292e-09      0.000000e+00      0.000000e+00      8.309292e-09   