#        q              total               1              \delta U         \delta U^2    

     0.001185        8.135909e+03      8.153683e+03     -1.786312e+01      8.886687e-02   
     0.006239        4.112553e+03      4.130308e+03     -1.784426e+01      8.886161e-02   
     0.015318        2.501838e+03      2.519526e+03     -1.777722e+01      8.884022e-02   
     0.028399        1.702921e+03      1.720456e+03     -1.762361e+01      8.878718e-02   
     0.045447        1.229839e+03      1.247118e+03     -1.736771e+01      8.868517e-02   
     0.066417        9.685229e+02      9.855113e+02     -1.707695e+01      8.851168e-02   
     0.091251        7.467570e+02      7.633128e+02     -1.664395e+01      8.819700e-02   
     0.119882        6.497299e+02      6.659862e+02     -1.634406e+01      8.775593e-02   
     0.152235        5.203868e+02      5.360814e+02     -1.578171e+01      8.716295e-02   
     0.188220        4.444002e+02      4.596150e+02     -1.530111e+01      8.634073e-02   
     0.227742        3.761480e+02      3.907890e+02     -1.472627e+01      8.530877e-02   
     0.270694        3.152275e+02      3.292012e+02     -1.405780e+01      8.408363e-02   
     0.316959        2.612551e+02      2.744495e+02     -1.327710e+01      8.267929e-02   
     0.366414        2.138383e+02      2.261318e+02     -1.237469e+01      8.115202e-02   
     0.418925        1.924908e+02      2.042601e+02     -1.184888e+01      7.961335e-02   
     0.474351        1.541538e+02      1.648394e+02     -1.076381e+01      7.820860e-02   
     0.532541        1.371163e+02      1.471899e+02     -1.015073e+01      7.712107e-02   
     0.593339        1.069289e+02      1.157614e+02     -8.909078e+00      7.658188e-02   
     0.656582        9.373014e+01      1.018818e+02     -8.228565e+00      7.685557e-02   
     0.722098        8.169901e+01      8.915840e+01     -7.537610e+00      7.822250e-02   
     0.789711        6.085394e+01      6.697876e+01     -6.205773e+00      8.096166e-02   
     0.859239        5.199587e+01      5.742203e+01     -5.511491e+00      8.532729e-02   
     0.930495        3.696617e+01      4.112345e+01     -4.248797e+00      9.152212e-02   
     1.003286        3.074315e+01      3.428106e+01     -3.637583e+00      9.967136e-02   
     1.077416        2.529279e+01      2.824292e+01     -3.059932e+00      1.098001e-01   
     1.152685        1.641626e+01      1.837832e+01     -2.083876e+00      1.218178e-01   
     1.228890        9.949693e+00      1.112752e+01     -1.313339e+00      1.355105e-01   
     1.305826        5.501841e+00      6.088407e+00     -7.371102e-01      1.505443e-01   
     1.383286        2.674823e+00      2.858849e+00     -3.505066e-01      1.664800e-01   
     1.461060        6.450820e-01      5.277876e-01     -6.550353e-02      1.827979e-01   
     1.538940        1.989323e-01      0.000000e+00      0.000000e+00      1.989323e-01   
     1.616714        2.143094e-01      0.000000e+00      0.000000e+00      2.143094e-01   
     1.694174        2.283860e-01      0.000000e+00      0.000000e+00      2.283860e-01   
     1.771110        2.406859e-01      0.000000e+00      0.000000e+00      2.406859e-01   
     1.847315        2.508293e-01      0.000000e+00      0.000000e+00      2.508293e-01   
     1.922584        2.585540e-01      0.000000e+00      0.000000e+00      2.585540e-01   
     1.996714        2.637261e-01      0.000000e+00      0.000000e+00      2.637261e-01   
     2.069505        2.663390e-01      0.000000e+00      0.000000e+00      2.663390e-01   
     2.140761        2.665031e-01      0.000000e+00      0.000000e+00      2.665031e-01   
     2.210289        2.644266e-01      0.000000e+00      0.000000e+00      2.644266e-01   
     2.277902        2.603915e-01      0.000000e+00      0.000000e+00      2.603915e-01   
     2.343418        2.547276e-01      0.000000e+00      0.000000e+00      2.547276e-01   
     2.406661        2.477860e-01      0.000000e+00      0.000000e+00      2.477860e-01   
     2.467459        2.399172e-01      0.000000e+00      0.000000e+00      2.399172e-01   
     2.525649        2.314518e-01      0.000000e+00      0.000000e+00      2.314518e-01   
     2.581075        2.226884e-01      0.000000e+00      0.000000e+00      2.226884e-01   
     2.633586        2.138847e-01      0.000000e+00      0.000000e+00      2.138847e-01   
     2.683041        2.052553e-01      0.000000e+00      0.000000e+00      2.052553e-01   
     2.729306        1.969715e-01      0.000000e+00      0.000000e+00      1.969715e-01   
     2.772258        1.891647e-01      0.000000e+00      0.000000e+00      1.891647e-01   
     2.811780        1.819316e-01      0.000000e+00      0.000000e+00      1.819316e-01   
     2.847765        1.753394e-01      0.000000e+00      0.000000e+00      1.753394e-01   
     2.880118        1.694316e-01      0.000000e+00      0.000000e+00      1.694316e-01   
     2.908749        1.642340e-01      0.000000e+00      0.000000e+00      1.642340e-01   
     2.933583        1.597591e-01      0.000000e+00      0.000000e+00      1.597591e-01   
     2.954553        1.560105e-01      0.000000e+00      0.000000e+00      1.560105e-01   
     2.971601        1.529860e-01      0.000000e+00      0.000000e+00      1.529860e-01   
     2.984682        1.506809e-01      0.000000e+00      0.000000e+00      1.506809e-01   
     2.993761        1.490895e-01      0.000000e+00      0.000000e+00      1.490895e-01   
     2.998815        1.482066e-01      0.000000e+00      0.000000e+00      1.482066e-01   
     3.004739        1.471747e-01      0.000000e+00      0.000000e+00      1.471747e-01   
     3.024957        1.436770e-01      0.000000e+00      0.000000e+00      1.436770e-01   
     3.061273        1.374959e-01      0.000000e+00      0.000000e+00      1.374959e-01   
     3.113597        1.288452e-01      0.000000e+00      0.000000e+00      1.288452e-01   
     3.181789        1.180753e-01      0.000000e+00      0.000000e+00      1.180753e-01   
     3.265666        1.056802e-01      0.000000e+00      0.000000e+00      1.056802e-01   
     3.365002        9.227333e-02      0.000000e+00      0.000000e+00      9.227333e-02   
     3.479529        7.853631e-02      0.000000e+00      0.000000e+00      7.853631e-02   
     3.608938        6.513116e-02      0.000000e+00      0.000000e+00      6.513116e-02   
     3.752880        5.261368e-02      0.000000e+00      0.000000e+00      5.261368e-02   
     3.910968        4.138118e-02      0.000000e+00      0.000000e+00      4.138118e-02   
     4.082775        3.166120e-02      0.000000e+00      0.000000e+00      3.166120e-02   
     4.267838        2.353223e-02      0.000000e+00      0.000000e+00      2.353223e-02   
     4.465657        1.695816e-02      0.000000e+00      0.000000e+00      1.695816e-02   
     4.675701        1.182085e-02      0.000000e+00      0.000000e+00      1.182085e-02   
     4.897402        7.947838e-03      0.000000e+00      0.000000e+00      7.947838e-03   
     5.130163        5.136826e-03      0.000000e+00      0.000000e+00      5.136826e-03   
     5.373356        3.177796e-03      0.000000e+00      0.000000e+00      3.177796e-03   
     5.626327        1.871191e-03      0.000000e+00      0.000000e+00      1.871191e-03   
     5.888392        1.040838e-03      0.000000e+00      0.000000e+00      1.040838e-03   
     6.158845        5.410940e-04      0.000000e+00      0.000000e+00      5.410940e-04   
     6.436958        2.587902e-04      0.000000e+00      0.000000e+00      2.587902e-04   
     6.721980        1.111918e-04      0.000000e+00      0.000000e+00      1.111918e-04   
     7.013143        4.147844e-05      0.000000e+00      0.000000e+00      4.147844e-05   
     7.309662        1.314730e-05      0.000000e+00      0.000000e+00      1.314730e-05   
     7.610739        4.442030e-06      0.000000e+00      0.000000e+00      4.442030e-06   
     7.915560        3.512974e-06      0.000000e+00      0.000000e+00      3.512974e-06   
     8.223305        4.637721e-06      0.000000e+00      0.000000e+00      4.637721e-06   
     8.533144        5.537869e-06      0.000000e+00      0.000000e+00      5.537869e-06   
     8.844241        5.645399e-06      0.000000e+00      0.000000e+00      5.645399e-06   
     9.155759        5.091945e-06      0.000000e+00      0.000000e+00      5.091945e-06   
     9.466856        4.189522e-06      0.000000e+00      0.000000e+00      4.189522e-06   
     9.776695        3.209638e-06      0.000000e+00      0.000000e+00      3.209638e-06   
    10.084440        2.321402e-06      0.000000e+00      0.000000e+00      2.321402e-06   
    10.389261        1.600291e-06      0.000000e+00      0.000000e+00      1.600291e-06   
    10.690338        1.058681e-06      0.000000e+00      0.000000e+00      1.058681e-06   
    10.986857        6.754662e-07      0.000000e+00      0.000000e+00      6.754662e-07   
    11.278020        4.171429e-07      0.000000e+00      0.000000e+00      4.171429e-07   
    11.563042        2.499963e-07      0.000000e+00      0.000000e+00      2.499963e-07   
    11.841155        1.456526e-07      0.000000e+00      0.000000e+00      1.456526e-07   
    12.111608        8.259135e-08      0.000000e+00      0.000000e+00      8.259135e-08   
    12.373673        4.561809e-08      0.000000e+00      0.000000e+00      4.561809e-08   
    12.626644        2.457160e-08      0.000000e+00      0.000000e+00      2.457160e-08   
    12.869837        1.294780e-08      0.000000e+00      0.000000e+00      1.294780e-08   
    13.102598        6.734790e-09      0.000000e+00      0.000000e+00      6.734790e-09   
    13.324299        3.537384e-09      0.000000e+00      0.000000e+00      3.537384e-09   
    13.534343        1.968090e-09      0.000000e+00      0.000000e+00      1.968090e-09   
    13.732162        1.246414e-09      0.000000e+00      0.000000e+00      1.246414e-09   
    13.917225        9.464724e-10      0.000000e+00      0.000000e+00      9.464724e-10   
    14.089032        8.436977e-10      0.000000e+00      0.000000e+00      8.436977e-10   
    14.247120        8.246697e-10      0.000000e+00      0.000000e+00      8.246697e-10   
    14.391062        8.354515e-10      0.000000e+00      0.000000e+00      8.354515e-10   
    14.520471        8.525526e-10      0.000000e+00      0.000000e+00      8.525526e-10   
    14.634998        8.674441e-10      0.000000e+00      0.000000e+00      8.674441e-10   
    14.734334        8.783179e-10      0.000000e+00      0.000000e+00      8.783179e-10   
    14.818211        8.855292e-10      0.000000e+00      0.000000e+00      8.855292e-10   
    14.886403        8.898061e-10      0.000000e+00      0.000000e+00      8.898061e-10   
    14.938727        8.919236e-10      0.000000e+00      0.000000e+00      8.919236e-10   
    14.975043        8.928118e-10      0.000000e+00      0.000000e+00      8.928118e-10   
    14.995261        8.934922e-10      0.000000e+00      0.000000e+00      8.934922e-10   