#        q              total               1              \delta U         \delta U^2    

     0.001185        3.528188e+04      3.528840e+04     -6.529680e+00      1.425746e-03   
     0.006239        2.129990e+04      2.130643e+04     -6.529916e+00      1.414019e-03   
     0.015318        1.616011e+04      1.616664e+04     -6.530245e+00      1.398964e-03   
     0.028399        1.290140e+04      1.290792e+04     -6.525973e+00      1.349072e-03   
     0.045447        1.099244e+04      1.099897e+04     -6.528259e+00      1.354651e-03   
     0.066417        9.553468e+03      9.559992e+03     -6.525415e+00      1.535735e-03   
     0.091251        8.497144e+03      8.503663e+03     -6.520590e+00      1.108745e-03   
     0.119882        7.758118e+03      7.764635e+03     -6.517650e+00      1.010370e-03   
     0.152235        7.063207e+03      7.069714e+03     -6.509245e+00      1.551231e-03   
     0.188220        6.411052e+03      6.417545e+03     -6.494643e+00      1.207366e-03   
     0.227742        5.999365e+03      6.005846e+03     -6.481703e+00      8.824682e-04   
     0.270694        5.605678e+03      5.612141e+03     -6.464051e+00      1.041544e-03   
     0.316959        5.229593e+03      5.236030e+03     -6.437478e+00      1.148803e-03   
     0.366414        4.870709e+03      4.877109e+03     -6.400482e+00      9.654714e-04   
     0.418925        4.528627e+03      4.534977e+03     -6.350483e+00      8.812204e-04   
     0.474351        4.363766e+03      4.370081e+03     -6.316293e+00      9.598089e-04   
     0.532541        4.046143e+03      4.052378e+03     -6.236025e+00      9.619923e-04   
     0.593339        3.744330e+03      3.750458e+03     -6.129014e+00      9.103044e-04   
     0.656582        3.599234e+03      3.605292e+03     -6.059042e+00      9.121524e-04   
     0.722098        3.320392e+03      3.326293e+03     -5.902500e+00      9.471571e-04   
     0.789711        3.056364e+03      3.062073e+03     -5.709568e+00      9.708566e-04   
     0.859239        2.929786e+03      2.935379e+03     -5.593330e+00      9.977438e-04   
     0.930495        2.571144e+03      2.576357e+03     -5.214844e+00      1.050492e-03   
     1.003286        2.349140e+03      2.354058e+03     -4.919820e+00      1.125396e-03   
     1.077416        2.040736e+03      2.045177e+03     -4.441828e+00      1.216540e-03   
     1.152685        1.673313e+03      1.677083e+03     -3.771380e+00      1.330037e-03   
     1.228890        3.341106e+02      3.348938e+02     -7.846586e-01      1.472246e-03   
     1.305826        1.380781e+00      1.382301e+00     -3.164118e-03      1.644569e-03   
     1.383286        1.847447e-03      0.000000e+00      0.000000e+00      1.847447e-03   
     1.461060        2.083041e-03      0.000000e+00      0.000000e+00      2.083041e-03   
     1.538940        2.352585e-03      0.000000e+00      0.000000e+00      2.352585e-03   
     1.616714        2.657177e-03      0.000000e+00      0.000000e+00      2.657177e-03   
     1.694174        2.997580e-03      0.000000e+00      0.000000e+00      2.997580e-03   
     1.771110        3.374021e-03      0.000000e+00      0.000000e+00      3.374021e-03   
     1.847315        3.786059e-03      0.000000e+00      0.000000e+00      3.786059e-03   
     1.922584        4.232590e-03      0.000000e+00      0.000000e+00      4.232590e-03   
     1.996714        4.711874e-03      0.000000e+00      0.000000e+00      4.711874e-03   
     2.069505        5.221619e-03      0.000000e+00      0.000000e+00      5.221619e-03   
     2.140761        5.759078e-03      0.000000e+00      0.000000e+00      5.759078e-03   
     2.210289        6.320831e-03      0.000000e+00      0.000000e+00      6.320831e-03   
     2.277902        6.902936e-03      0.000000e+00      0.000000e+00      6.902936e-03   
     2.343418        7.500528e-03      0.000000e+00      0.000000e+00      7.500528e-03   
     2.406661        8.109177e-03      0.000000e+00      0.000000e+00      8.109177e-03   
     2.467459        8.723921e-03      0.000000e+00      0.000000e+00      8.723921e-03   
     2.525649        9.340060e-03      0.000000e+00      0.000000e+00      9.340060e-03   
     2.581075        9.951406e-03      0.000000e+00      0.000000e+00      9.951406e-03   
     2.633586        1.055257e-02      0.000000e+00      0.000000e+00      1.055257e-02   
     2.683041        1.113797e-02      0.000000e+00      0.000000e+00      1.113797e-02   
     2.729306        1.170094e-02      0.000000e+00      0.000000e+00      1.170094e-02   
     2.772258        1.223494e-02      0.000000e+00      0.000000e+00      1.223494e-02   
     2.811780        1.273692e-02      0.000000e+00      0.000000e+00      1.273692e-02   
     2.847765        1.320147e-02      0.000000e+00      0.000000e+00      1.320147e-02   
     2.880118        1.362660e-02      0.000000e+00      0.000000e+00      1.362660e-02   
     2.908749        1.400900e-02      0.000000e+00      0.000000e+00      1.400900e-02   
     2.933583        1.434643e-02      0.000000e+00      0.000000e+00      1.434643e-02   
     2.954553        1.463590e-02      0.000000e+00      0.000000e+00      1.463590e-02   
     2.971601        1.487458e-02      0.000000e+00      0.000000e+00      1.487458e-02   
     2.984682        1.505985e-02      0.000000e+00      0.000000e+00      1.505985e-02   
     2.993761        1.518940e-02      0.000000e+00      0.000000e+00      1.518940e-02   
     2.998815        1.526180e-02      0.000000e+00      0.000000e+00      1.526180e-02   
     3.004739        1.534640e-02      0.000000e+00      0.000000e+00      1.534640e-02   
     3.024957        1.563327e-02      0.000000e+00      0.000000e+00      1.563327e-02   
     3.061273        1.614742e-02      0.000000e+00      0.000000e+00      1.614742e-02   
     3.113597        1.688776e-02      0.000000e+00      0.000000e+00      1.688776e-02   
     3.181789        1.786281e-02      0.000000e+00      0.000000e+00      1.786281e-02   
     3.265666        1.909538e-02      0.000000e+00      0.000000e+00      1.909538e-02   
     3.365002        2.056557e-02      0.000000e+00      0.000000e+00      2.056557e-02   
     3.479529        2.223067e-02      0.000000e+00      0.000000e+00      2.223067e-02   
     3.608938        2.406017e-02      0.000000e+00      0.000000e+00      2.406017e-02   
     3.752880        2.598779e-02      0.000000e+00      0.000000e+00      2.598779e-02   
     3.910968        2.791063e-02      0.000000e+00      0.000000e+00      2.791063e-02   
     4.082775        2.970476e-02      0.000000e+00      0.000000e+00      2.970476e-02   
     4.267838        3.122413e-02      0.000000e+00      0.000000e+00      3.122413e-02   
     4.465657        3.231115e-02      0.000000e+00      0.000000e+00      3.231115e-02   
     4.675701        3.281208e-02      0.000000e+00      0.000000e+00      3.281208e-02   
     4.897402        3.259786e-02      0.000000e+00      0.000000e+00      3.259786e-02   
     5.130163        3.158805e-02      0.000000e+00      0.000000e+00      3.158805e-02   
     5.373356        2.977164e-02      0.000000e+00      0.000000e+00      2.977164e-02   
     5.626327        2.721931e-02      0.000000e+00      0.000000e+00      2.721931e-02   
     5.888392        2.408210e-02      0.000000e+00      0.000000e+00      2.408210e-02   
     6.158845        2.057448e-02      0.000000e+00      0.000000e+00      2.057448e-02   
     6.436958        1.694378e-02      0.000000e+00      0.000000e+00      1.694378e-02   
     6.721980        1.343260e-02      0.000000e+00      0.000000e+00      1.343260e-02   
     7.013143        1.024317e-02      0.000000e+00      0.000000e+00      1.024317e-02   
     7.309662        7.512343e-03      0.000000e+00      0.000000e+00      7.512343e-03   
     7.610739        5.302441e-03      0.000000e+00      0.000000e+00      5.302441e-03   
     7.915560        3.607945e-03      0.000000e+00      0.000000e+00      3.607945e-03   
     8.223305        2.373480e-03      0.000000e+00      0.000000e+00      2.373480e-03   
     8.533144        1.516257e-03      0.000000e+00      0.000000e+00      1.516257e-03   
     8.844241        9.465606e-04      0.000000e+00      0.000000e+00      9.465606e-04   
     9.155759        5.823375e-04      0.000000e+00      0.000000e+00      5.823375e-04   
     9.466856        3.568448e-04      0.000000e+00      0.000000e+00      3.568448e-04   
     9.776695        2.205111e-04      0.000000e+00      0.000000e+00      2.205111e-04   
    10.084440        1.391545e-04      0.000000e+00      0.000000e+00      1.391545e-04   
    10.389261        9.061531e-05      0.000000e+00      0.000000e+00      9.061531e-05   
    10.690338        6.124049e-05      0.000000e+00      0.000000e+00      6.124049e-05   
    10.986857        4.295288e-05      0.000000e+00      0.000000e+00      4.295288e-05   
    11.278020        3.111584e-05      0.000000e+00      0.000000e+00      3.111584e-05   
    11.563042        2.311608e-05      0.000000e+00      0.000000e+00      2.311608e-05   
    11.841155        1.748738e-05      0.000000e+00      0.000000e+00      1.748738e-05   
    12.111608        1.339668e-05      0.000000e+00      0.000000e+00      1.339668e-05   
    12.373673        1.035520e-05      0.000000e+00      0.000000e+00      1.035520e-05   
    12.626644        8.061482e-06      0.000000e+00      0.000000e+00      8.061482e-06   
    12.869837        6.317966e-06      0.000000e+00      0.000000e+00      6.317966e-06   
    13.102598        4.987409e-06      0.000000e+00      0.000000e+00      4.987409e-06   
    13.324299        3.970068e-06      0.000000e+00      0.000000e+00      3.970068e-06   
    13.534343        3.191308e-06      0.000000e+00      0.000000e+00      3.191308e-06   
    13.732162        2.594455e-06      0.000000e+00      0.000000e+00      2.594455e-06   
    13.917225        2.136288e-06      0.000000e+00      0.000000e+00      2.136288e-06   
    14.089032        1.784140e-06      0.000000e+00      0.000000e+00      1.784140e-06   
    14.247120        1.513797e-06      0.000000e+00      0.000000e+00      1.513797e-06   
    14.391062        1.307513e-06      0.000000e+00      0.000000e+00      1.307513e-06   
    14.520471        1.151300e-06      0.000000e+00      0.000000e+00      1.151300e-06   
    14.634998        1.034752e-06      0.000000e+00      0.000000e+00      1.034752e-06   
    14.734334        9.499553e-07      0.000000e+00      0.000000e+00      9.499553e-07   
    14.818211        8.891972e-07      0.000000e+00      0.000000e+00      8.891972e-07   
    14.886403        8.458847e-07      0.000000e+00      0.000000e+00      8.458847e-07   
    14.938727        8.155229e-07      0.000000e+00      0.000000e+00      8.155229e-07   
    14.975043        7.959452e-07      0.000000e+00      0.000000e+00      7.959452e-07   
    14.995261        7.868940e-07      0.000000e+00      0.000000e+00      7.868940e-07   