#        q              total               1              \delta U         \delta U^2    

     0.001185        3.063037e+08      3.064136e+08     -1.115535e+05      1.653669e+03   
     0.006239        1.579051e+08      1.579839e+08     -7.969832e+04      8.561252e+02   
     0.015318        8.539624e+07      8.545178e+07     -5.630123e+04      7.594115e+02   
     0.028399        2.987864e+07      2.990756e+07     -2.964596e+04      7.295221e+02   
     0.045447        1.914220e+07      1.916568e+07     -2.419810e+04      7.154613e+02   
     0.066417        1.363721e+07      1.365743e+07     -2.093104e+04      7.054594e+02   
     0.091251        9.864692e+06      9.881945e+06     -1.794714e+04      6.942459e+02   
     0.119882        7.275666e+06      7.290221e+06     -1.523488e+04      6.800154e+02   
     0.152235        5.507157e+06      5.519833e+06     -1.333727e+04      6.619677e+02   
     0.188220        4.286893e+06      4.297829e+06     -1.157554e+04      6.395892e+02   
     0.227742        3.454214e+06      3.464013e+06     -1.041153e+04      6.123384e+02   
     0.270694        2.886946e+06      2.895661e+06     -9.294989e+03      5.796679e+02   
     0.316959        2.399545e+06      2.407233e+06     -8.228621e+03      5.411741e+02   
     0.366414        1.890231e+06      1.896950e+06     -7.216343e+03      4.967801e+02   
     0.418925        1.628137e+06      1.633954e+06     -6.263043e+03      4.469071e+02   
     0.474351        1.399799e+06      1.405071e+06     -5.664580e+03      3.925948e+02   
     0.532541        1.135832e+06      1.140307e+06     -4.810363e+03      3.355914e+02   
     0.593339        9.147359e+05      9.184898e+05     -4.032279e+03      2.783577e+02   
     0.656582        8.185533e+05      8.218616e+05     -3.532336e+03      2.240174e+02   
     0.722098        6.511382e+05      6.538487e+05     -2.886771e+03      1.761931e+02   
     0.789711        5.457026e+05      5.480372e+05     -2.473267e+03      1.386939e+02   
     0.859239        4.541927e+05      4.560487e+05     -1.970964e+03      1.149961e+02   
     0.930495        3.527353e+05      3.541781e+05     -1.550353e+03      1.076274e+02   
     1.003286        2.709319e+05      2.720191e+05     -1.204653e+03      1.174580e+02   
     1.077416        2.056127e+05      2.063948e+05     -9.253185e+02      1.431599e+02   
     1.152685        1.431024e+05      1.436243e+05     -7.028434e+02      1.809980e+02   
     1.228890        8.253796e+04      8.276042e+04     -4.476555e+02      2.251882e+02   
     1.305826        1.782193e+03      1.523445e+03     -1.009571e+01      2.688438e+02   
     1.383286        3.791544e+02      7.511006e+01     -1.252027e+00      3.052964e+02   
     1.461060        3.294853e+02      0.000000e+00      0.000000e+00      3.294853e+02   
     1.538940        3.388879e+02      0.000000e+00      0.000000e+00      3.388879e+02   
     1.616714        3.337256e+02      0.000000e+00      0.000000e+00      3.337256e+02   
     1.694174        3.164561e+02      0.000000e+00      0.000000e+00      3.164561e+02   
     1.771110        2.908114e+02      0.000000e+00      0.000000e+00      2.908114e+02   
     1.847315        2.607605e+02      0.000000e+00      0.000000e+00      2.607605e+02   
     1.922584        2.297101e+02      0.000000e+00      0.000000e+00      2.297101e+02   
     1.996714        2.000916e+02      0.000000e+00      0.000000e+00      2.000916e+02   
     2.069505        1.733095e+02      0.000000e+00      0.000000e+00      1.733095e+02   
     2.140761        1.499272e+02      0.000000e+00      0.000000e+00      1.499272e+02   
     2.210289        1.299441e+02      0.000000e+00      0.000000e+00      1.299441e+02   
     2.277902        1.130550e+02      0.000000e+00      0.000000e+00      1.130550e+02   
     2.343418        9.883854e+01      0.000000e+00      0.000000e+00      9.883854e+01   
     2.406661        8.686824e+01      0.000000e+00      0.000000e+00      8.686824e+01   
     2.467459        7.676394e+01      0.000000e+00      0.000000e+00      7.676394e+01   
     2.525649        6.820715e+01      0.000000e+00      0.000000e+00      6.820715e+01   
     2.581075        6.093861e+01      0.000000e+00      0.000000e+00      6.093861e+01   
     2.633586        5.474941e+01      0.000000e+00      0.000000e+00      5.474941e+01   
     2.683041        4.947118e+01      0.000000e+00      0.000000e+00      4.947118e+01   
     2.729306        4.496754e+01      0.000000e+00      0.000000e+00      4.496754e+01   
     2.772258        4.112736e+01      0.000000e+00      0.000000e+00      4.112736e+01   
     2.811780        3.785946e+01      0.000000e+00      0.000000e+00      3.785946e+01   
     2.847765        3.508878e+01      0.000000e+00      0.000000e+00      3.508878e+01   
     2.880118        3.275334e+01      0.000000e+00      0.000000e+00      3.275334e+01   
     2.908749        3.080201e+01      0.000000e+00      0.000000e+00      3.080201e+01   
     2.933583        2.919283e+01      0.000000e+00      0.000000e+00      2.919283e+01   
     2.954553        2.789168e+01      0.000000e+00      0.000000e+00      2.789168e+01   
     2.971601        2.687127e+01      0.000000e+00      0.000000e+00      2.687127e+01   
     2.984682        2.611039e+01      0.000000e+00      0.000000e+00      2.611039e+01   
     2.993761        2.559331e+01      0.000000e+00      0.000000e+00      2.559331e+01   
     2.998815        2.530929e+01      0.000000e+00      0.000000e+00      2.530929e+01   
     3.004739        2.497987e+01      0.000000e+00      0.000000e+00      2.497987e+01   
     3.024957        2.388326e+01      0.000000e+00      0.000000e+00      2.388326e+01   
     3.061273        2.201696e+01      0.000000e+00      0.000000e+00      2.201696e+01   
     3.113597        1.954765e+01      0.000000e+00      0.000000e+00      1.954765e+01   
     3.181789        1.668559e+01      0.000000e+00      0.000000e+00      1.668559e+01   
     3.265666        1.365785e+01      0.000000e+00      0.000000e+00      1.365785e+01   
     3.365002        1.068235e+01      0.000000e+00      0.000000e+00      1.068235e+01   
     3.479529        7.945565e+00      0.000000e+00      0.000000e+00      7.945565e+00   
     3.608938        5.585896e+00      0.000000e+00      0.000000e+00      5.585896e+00   
     3.752880        3.684195e+00      0.000000e+00      0.000000e+00      3.684195e+00   
     3.910968        2.262137e+00      0.000000e+00      0.000000e+00      2.262137e+00   
     4.082775        1.288448e+00      0.000000e+00      0.000000e+00      1.288448e+00   
     4.267838        6.918889e-01      0.000000e+00      0.000000e+00      6.918889e-01   
     4.465657        3.785820e-01      0.000000e+00      0.000000e+00      3.785820e-01   
     4.675701        2.503799e-01      0.000000e+00      0.000000e+00      2.503799e-01   
     4.897402        2.207200e-01      0.000000e+00      0.000000e+00      2.207200e-01   
     5.130163        2.251307e-01      0.000000e+00      0.000000e+00      2.251307e-01   
     5.373356        2.250223e-01      0.000000e+00      0.000000e+00      2.250223e-01   
     5.626327        2.051974e-01      0.000000e+00      0.000000e+00      2.051974e-01   
     5.888392        1.670651e-01      0.000000e+00      0.000000e+00      1.670651e-01   
     6.158845        1.203338e-01      0.000000e+00      0.000000e+00      1.203338e-01   
     6.436958        7.579120e-02      0.000000e+00      0.000000e+00      7.579120e-02   
     6.721980        4.081353e-02      0.000000e+00      0.000000e+00      4.081353e-02   
     7.013143        1.794500e-02      0.000000e+00      0.000000e+00      1.794500e-02   
     7.309662        5.799101e-03      0.000000e+00      0.000000e+00      5.799101e-03   
     7.610739        1.011743e-03      0.000000e+00      0.000000e+00      1.011743e-03   
     7.915560        8.769088e-05      0.000000e+00      0.000000e+00      8.769088e-05   
     8.223305        4.921976e-04      0.000000e+00      0.000000e+00      4.921976e-04   
     8.533144        9.092439e-04      0.000000e+00      0.000000e+00      9.092439e-04   
     8.844241        9.551944e-04      0.000000e+00      0.000000e+00      9.551944e-04   
     9.155759        7.230538e-04      0.000000e+00      0.000000e+00      7.230538e-04   
     9.466856        4.192808e-04      0.000000e+00      0.000000e+00      4.192808e-04   
     9.776695        1.830077e-04      0.000000e+00      0.000000e+00      1.830077e-04   
    10.084440        5.323707e-05      0.000000e+00      0.000000e+00      5.323707e-05   
    10.389261        6.412798e-06      0.000000e+00      0.000000e+00      6.412798e-06   
    10.690338        2.205978e-06      0.000000e+00      0.000000e+00      2.205978e-06   
    10.986857        1.005829e-05      0.000000e+00      0.000000e+00      1.005829e-05   
    11.278020        1.545015e-05      0.000000e+00      0.000000e+00      1.545015e-05   
    11.563042        1.539527e-05      0.000000e+00      0.000000e+00      1.539527e-05   
    11.841155        1.190658e-05      0.000000e+00      0.000000e+00      1.190658e-05   
    12.111608        7.629142e-06      0.000000e+00      0.000000e+00      7.629142e-06   
    12.373673        4.142953e-06      0.000000e+00      0.000000e+00      4.142953e-06   
    12.626644        1.898380e-06      0.000000e+00      0.000000e+00      1.898380e-06   
    12.869837        7.080287e-07      0.000000e+00      0.000000e+00      7.080287e-07   
    13.102598        1.960144e-07      0.000000e+00      0.000000e+00      1.960144e-07   
    13.324299        3.666463e-08      0.000000e+00      0.000000e+00      3.666463e-08   
    13.534343        2.292536e-08      0.000000e+00      0.000000e+00      2.292536e-08   
    13.732162        4.975271e-08      0.000000e+00      0.000000e+00      4.975271e-08   
    13.917225        7.544593e-08      0.000000e+00      0.000000e+00      7.544593e-08   
    14.089032        8.949620e-08      0.000000e+00      0.000000e+00      8.949620e-08   
    14.247120        9.323635e-08      0.000000e+00      0.000000e+00      9.323635e-08   
    14.391062        9.067909e-08      0.000000e+00      0.000000e+00      9.067909e-08   
    14.520471        8.522900e-08      0.000000e+00      0.000000e+00      8.522900e-08   
    14.634998        7.902901e-08      0.000000e+00      0.000000e+00      7.902901e-08   
    14.734334        7.319689e-08      0.000000e+00      0.000000e+00      7.319689e-08   
    14.818211        6.821451e-08      0.000000e+00      0.000000e+00      6.821451e-08   
    14.886403        6.423233e-08      0.000000e+00      0.000000e+00      6.423233e-08   
    14.938727        6.125497e-08      0.000000e+00      0.000000e+00      6.125497e-08   
    14.975043        5.924052e-08      0.000000e+00      0.000000e+00      5.924052e-08   
    14.995261        5.822128e-08      0.000000e+00      0.000000e+00      5.822128e-08   