#        q              total               1              \delta U         \delta U^2    

     0.001185        3.063113e+08      3.064136e+08     -1.047759e+05      2.475037e+03   
     0.006239        1.579102e+08      1.579839e+08     -7.458076e+04      8.895260e+02   
     0.015318        8.539988e+07      8.545178e+07     -5.265157e+04      7.508784e+02   
     0.028399        2.988055e+07      2.990756e+07     -2.771788e+04      7.095462e+02   
     0.045447        1.914375e+07      1.916568e+07     -2.262605e+04      6.928466e+02   
     0.066417        1.363854e+07      1.365743e+07     -1.957845e+04      6.838908e+02   
     0.091251        9.865822e+06      9.881945e+06     -1.679820e+04      6.752257e+02   
     0.119882        7.276613e+06      7.290221e+06     -1.427223e+04      6.641317e+02   
     0.152235        5.507974e+06      5.519833e+06     -1.250803e+04      6.492412e+02   
     0.188220        4.287590e+06      4.297829e+06     -1.086934e+04      6.296436e+02   
     0.227742        3.454828e+06      3.464013e+06     -9.790192e+03      6.046189e+02   
     0.270694        2.887480e+06      2.895661e+06     -8.754714e+03      5.736222e+02   
     0.316959        2.400003e+06      2.407233e+06     -7.765771e+03      5.363590e+02   
     0.366414        1.890616e+06      1.896950e+06     -6.827293e+03      4.929044e+02   
     0.418925        1.628453e+06      1.633954e+06     -5.943954e+03      4.438172e+02   
     0.474351        1.400063e+06      1.405071e+06     -5.397509e+03      3.902393e+02   
     0.532541        1.136033e+06      1.140307e+06     -4.607119e+03      3.339670e+02   
     0.593339        9.148798e+05      9.184898e+05     -3.887401e+03      2.774636e+02   
     0.656582        8.186511e+05      8.218616e+05     -3.434241e+03      2.237816e+02   
     0.722098        6.511882e+05      6.538487e+05     -2.836938e+03      1.763790e+02   
     0.789711        5.457121e+05      5.480372e+05     -2.463906e+03      1.387847e+02   
     0.859239        4.541654e+05      4.560487e+05     -1.997329e+03      1.140809e+02   
     0.930495        3.526777e+05      3.541781e+05     -1.604624e+03      1.043059e+02   
     1.003286        2.708497e+05      2.720191e+05     -1.279238e+03      1.098383e+02   
     1.077416        2.055107e+05      2.063948e+05     -1.013133e+03      1.289811e+02   
     1.152685        1.429846e+05      1.436243e+05     -7.975860e+02      1.579395e+02   
     1.228890        8.242236e+04      8.276042e+04     -5.293993e+02      1.913331e+02   
     1.305826        1.734135e+03      1.523445e+03     -1.251656e+01      2.232058e+02   
     1.383286        3.217362e+02      7.511006e+01     -1.638537e+00      2.482647e+02   
     1.461060        2.629735e+02      0.000000e+00      0.000000e+00      2.629735e+02   
     1.538940        2.661087e+02      0.000000e+00      0.000000e+00      2.661087e+02   
     1.616714        2.586277e+02      0.000000e+00      0.000000e+00      2.586277e+02   
     1.694174        2.429942e+02      0.000000e+00      0.000000e+00      2.429942e+02   
     1.771110        2.222898e+02      0.000000e+00      0.000000e+00      2.222898e+02   
     1.847315        1.994371e+02      0.000000e+00      0.000000e+00      1.994371e+02   
     1.922584        1.767231e+02      0.000000e+00      0.000000e+00      1.767231e+02   
     1.996714        1.556397e+02      0.000000e+00      0.000000e+00      1.556397e+02   
     2.069505        1.369505e+02      0.000000e+00      0.000000e+00      1.369505e+02   
     2.140761        1.208727e+02      0.000000e+00      0.000000e+00      1.208727e+02   
     2.210289        1.072795e+02      0.000000e+00      0.000000e+00      1.072795e+02   
     2.277902        9.587330e+01      0.000000e+00      0.000000e+00      9.587330e+01   
     2.343418        8.630486e+01      0.000000e+00      0.000000e+00      8.630486e+01   
     2.406661        7.824304e+01      0.000000e+00      0.000000e+00      7.824304e+01   
     2.467459        7.140520e+01      0.000000e+00      0.000000e+00      7.140520e+01   
     2.525649        6.556400e+01      0.000000e+00      0.000000e+00      6.556400e+01   
     2.581075        6.054204e+01      0.000000e+00      0.000000e+00      6.054204e+01   
     2.633586        5.620262e+01      0.000000e+00      0.000000e+00      5.620262e+01   
     2.683041        5.244023e+01      0.000000e+00      0.000000e+00      5.244023e+01   
     2.729306        4.917280e+01      0.000000e+00      0.000000e+00      4.917280e+01   
     2.772258        4.633563e+01      0.000000e+00      0.000000e+00      4.633563e+01   
     2.811780        4.387708e+01      0.000000e+00      0.000000e+00      4.387708e+01   
     2.847765        4.175545e+01      0.000000e+00      0.000000e+00      4.175545e+01   
     2.880118        3.993679e+01      0.000000e+00      0.000000e+00      3.993679e+01   
     2.908749        3.839331e+01      0.000000e+00      0.000000e+00      3.839331e+01   
     2.933583        3.710230e+01      0.000000e+00      0.000000e+00      3.710230e+01   
     2.954553        3.604529e+01      0.000000e+00      0.000000e+00      3.604529e+01   
     2.971601        3.520750e+01      0.000000e+00      0.000000e+00      3.520750e+01   
     2.984682        3.457743e+01      0.000000e+00      0.000000e+00      3.457743e+01   
     2.993761        3.414651e+01      0.000000e+00      0.000000e+00      3.414651e+01   
     2.998815        3.390883e+01      0.000000e+00      0.000000e+00      3.390883e+01   
     3.004739        3.363228e+01      0.000000e+00      0.000000e+00      3.363228e+01   
     3.024957        3.270456e+01      0.000000e+00      0.000000e+00      3.270456e+01   
     3.061273        3.109871e+01      0.000000e+00      0.000000e+00      3.109871e+01   
     3.113597        2.891477e+01      0.000000e+00      0.000000e+00      2.891477e+01   
     3.181789        2.628216e+01      0.000000e+00      0.000000e+00      2.628216e+01   
     3.265666        2.334673e+01      0.000000e+00      0.000000e+00      2.334673e+01   
     3.365002        2.025824e+01      0.000000e+00      0.000000e+00      2.025824e+01   
     3.479529        1.715946e+01      0.000000e+00      0.000000e+00      1.715946e+01   
     3.608938        1.417698e+01      0.000000e+00      0.000000e+00      1.417698e+01   
     3.752880        1.141404e+01      0.000000e+00      0.000000e+00      1.141404e+01   
     3.910968        8.945855e+00      0.000000e+00      0.000000e+00      8.945855e+00   
     4.082775        6.817616e+00      0.000000e+00      0.000000e+00      6.817616e+00   
     4.267838        5.045592e+00      0.000000e+00      0.000000e+00      5.045592e+00   
     4.465657        3.620884e+00      0.000000e+00      0.000000e+00      3.620884e+00   
     4.675701        2.515174e+00      0.000000e+00      0.000000e+00      2.515174e+00   
     4.897402        1.687397e+00      0.000000e+00      0.000000e+00      1.687397e+00   
     5.130163        1.090291e+00      0.000000e+00      0.000000e+00      1.090291e+00   
     5.373356        6.759836e-01      0.000000e+00      0.000000e+00      6.759836e-01   
     5.626327        4.001444e-01      0.000000e+00      0.000000e+00      4.001444e-01   
     5.888392        2.245559e-01      0.000000e+00      0.000000e+00      2.245559e-01   
     6.158845        1.182538e-01      0.000000e+00      0.000000e+00      1.182538e-01   
     6.436958        5.754437e-02      0.000000e+00      0.000000e+00      5.754437e-02   
     6.721980        2.527054e-02      0.000000e+00      0.000000e+00      2.527054e-02   
     7.013143        9.678908e-03      0.000000e+00      0.000000e+00      9.678908e-03   
     7.309662        3.172368e-03      0.000000e+00      0.000000e+00      3.172368e-03   
     7.610739        1.144208e-03      0.000000e+00      0.000000e+00      1.144208e-03   
     7.915560        1.002746e-03      0.000000e+00      0.000000e+00      1.002746e-03   
     8.223305        1.424648e-03      0.000000e+00      0.000000e+00      1.424648e-03   
     8.533144        1.826684e-03      0.000000e+00      0.000000e+00      1.826684e-03   
     8.844241        2.019312e-03      0.000000e+00      0.000000e+00      2.019312e-03   
     9.155759        1.996658e-03      0.000000e+00      0.000000e+00      1.996658e-03   
     9.466856        1.820075e-03      0.000000e+00      0.000000e+00      1.820075e-03   
     9.776695        1.560689e-03      0.000000e+00      0.000000e+00      1.560689e-03   
    10.084440        1.275962e-03      0.000000e+00      0.000000e+00      1.275962e-03   
    10.389261        1.003928e-03      0.000000e+00      0.000000e+00      1.003928e-03   
    10.690338        7.652794e-04      0.000000e+00      0.000000e+00      7.652794e-04   
    10.986857        5.680149e-04      0.000000e+00      0.000000e+00      5.680149e-04   
    11.278020        4.120930e-04      0.000000e+00      0.000000e+00      4.120930e-04   
    11.563042        2.931291e-04      0.000000e+00      0.000000e+00      2.931291e-04   
    11.841155        2.049467e-04      0.000000e+00      0.000000e+00      2.049467e-04   
    12.111608        1.411413e-04      0.000000e+00      0.000000e+00      1.411413e-04   
    12.373673        9.591269e-05      0.000000e+00      0.000000e+00      9.591269e-05   
    12.626644        6.441372e-05      0.000000e+00      0.000000e+00      6.441372e-05   
    12.869837        4.280995e-05      0.000000e+00      0.000000e+00      4.280995e-05   
    13.102598        2.818937e-05      0.000000e+00      0.000000e+00      2.818937e-05   
    13.324299        1.840979e-05      0.000000e+00      0.000000e+00      1.840979e-05   
    13.534343        1.193536e-05      0.000000e+00      0.000000e+00      1.193536e-05   
    13.732162        7.688097e-06      0.000000e+00      0.000000e+00      7.688097e-06   
    13.917225        4.924657e-06      0.000000e+00      0.000000e+00      4.924657e-06   
    14.089032        3.140106e-06      0.000000e+00      0.000000e+00      3.140106e-06   
    14.247120        1.995781e-06      0.000000e+00      0.000000e+00      1.995781e-06   
    14.391062        1.266987e-06      0.000000e+00      0.000000e+00      1.266987e-06   
    14.520471        8.060239e-07      0.000000e+00      0.000000e+00      8.060239e-07   
    14.634998        5.165876e-07      0.000000e+00      0.000000e+00      5.165876e-07   
    14.734334        3.363358e-07      0.000000e+00      0.000000e+00      3.363358e-07   
    14.818211        2.251934e-07      0.000000e+00      0.000000e+00      2.251934e-07   
    14.886403        1.576031e-07      0.000000e+00      0.000000e+00      1.576031e-07   
    14.938727        1.174552e-07      0.000000e+00      0.000000e+00      1.174552e-07   
    14.975043        9.482898e-08      0.000000e+00      0.000000e+00      9.482898e-08   
    14.995261        8.392723e-08      0.000000e+00      0.000000e+00      8.392723e-08   