#        q              total               1              \delta U         \delta U^2    

     0.001185        3.064033e+08      3.064136e+08     -1.121824e+04      8.857156e+02   
     0.006239        1.579765e+08      1.579839e+08     -7.628280e+03      2.733217e+02   
     0.015318        7.906700e+07      7.907215e+07     -5.312400e+03      1.619236e+02   
     0.028399        2.197758e+07      2.198023e+07     -2.777428e+03      1.290953e+02   
     0.045447        1.469642e+07      1.469856e+07     -2.258542e+03      1.169191e+02   
     0.066417        1.106183e+07      1.106366e+07     -1.950462e+03      1.123061e+02   
     0.091251        8.209322e+06      8.210884e+06     -1.671919e+03      1.097049e+02   
     0.119882        5.998058e+06      5.999371e+06     -1.419928e+03      1.073369e+02   
     0.152235        4.687005e+06      4.688144e+06     -1.244203e+03      1.045021e+02   
     0.188220        3.623989e+06      3.624970e+06     -1.081129e+03      1.008724e+02   
     0.227742        3.033628e+06      3.034506e+06     -9.737715e+02      9.626636e+01   
     0.270694        2.525685e+06      2.526465e+06     -8.707991e+02      9.058886e+01   
     0.316959        2.090685e+06      2.091374e+06     -7.725309e+02      8.382950e+01   
     0.366414        1.719998e+06      1.720601e+06     -6.794171e+02      7.607382e+01   
     0.418925        1.405779e+06      1.406303e+06     -5.919949e+02      6.751678e+01   
     0.474351        1.267606e+06      1.268086e+06     -5.384482e+02      5.847227e+01   
     0.532541        1.024991e+06      1.025403e+06     -4.609809e+02      4.937183e+01   
     0.593339        8.223735e+05      8.227238e+05     -3.909877e+02      4.074155e+01   
     0.656582        7.343412e+05      7.346564e+05     -3.483523e+02      3.315524e+01   
     0.722098        5.816650e+05      5.819294e+05     -2.915962e+02      2.716309e+01   
     0.789711        5.158838e+05      5.161189e+05     -2.582737e+02      2.319145e+01   
     0.859239        4.027761e+05      4.029699e+05     -2.152401e+02      2.143444e+01   
     0.930495        3.111363e+05      3.112940e+05     -1.794246e+02      2.175757e+01   
     1.003286        2.375732e+05      2.376993e+05     -1.498438e+02      2.365154e+01   
     1.077416        1.791140e+05      1.792131e+05     -1.253888e+02      2.627223e+01   
     1.152685        1.331685e+05      1.332449e+05     -1.049705e+02      2.858836e+01   
     1.228890        7.016623e+04      7.021098e+04     -7.436379e+01      2.962037e+01   
     1.305826        7.364305e+01      4.681351e+01     -1.878637e+00      2.870818e+01   
     1.383286        2.640117e+01      9.553777e-01     -2.626734e-01      2.570846e+01   
     1.461060        2.103671e+01      0.000000e+00      0.000000e+00      2.103671e+01   
     1.538940        1.551913e+01      0.000000e+00      0.000000e+00      1.551913e+01   
     1.616714        1.011137e+01      0.000000e+00      0.000000e+00      1.011137e+01   
     1.694174        5.603848e+00      0.000000e+00      0.000000e+00      5.603848e+00   
     1.771110        2.432670e+00      0.000000e+00      0.000000e+00      2.432670e+00   
     1.847315        6.510912e-01      0.000000e+00      0.000000e+00      6.510912e-01   
     1.922584        3.254199e-02      0.000000e+00      0.000000e+00      3.254199e-02   
     1.996714        2.256109e-01      0.000000e+00      0.000000e+00      2.256109e-01   
     2.069505        8.851843e-01      0.000000e+00      0.000000e+00      8.851843e-01   
     2.140761        1.743718e+00      0.000000e+00      0.000000e+00      1.743718e+00   
     2.210289        2.627076e+00      0.000000e+00      0.000000e+00      2.627076e+00   
     2.277902        3.438760e+00      0.000000e+00      0.000000e+00      3.438760e+00   
     2.343418        4.135083e+00      0.000000e+00      0.000000e+00      4.135083e+00   
     2.406661        4.703718e+00      0.000000e+00      0.000000e+00      4.703718e+00   
     2.467459        5.149111e+00      0.000000e+00      0.000000e+00      5.149111e+00   
     2.525649        5.483788e+00      0.000000e+00      0.000000e+00      5.483788e+00   
     2.581075        5.723490e+00      0.000000e+00      0.000000e+00      5.723490e+00   
     2.633586        5.884543e+00      0.000000e+00      0.000000e+00      5.884543e+00   
     2.683041        5.982452e+00      0.000000e+00      0.000000e+00      5.982452e+00   
     2.729306        6.031211e+00      0.000000e+00      0.000000e+00      6.031211e+00   
     2.772258        6.043016e+00      0.000000e+00      0.000000e+00      6.043016e+00   
     2.811780        6.028236e+00      0.000000e+00      0.000000e+00      6.028236e+00   
     2.847765        5.995507e+00      0.000000e+00      0.000000e+00      5.995507e+00   
     2.880118        5.951908e+00      0.000000e+00      0.000000e+00      5.951908e+00   
     2.908749        5.903157e+00      0.000000e+00      0.000000e+00      5.903157e+00   
     2.933583        5.853804e+00      0.000000e+00      0.000000e+00      5.853804e+00   
     2.954553        5.807419e+00      0.000000e+00      0.000000e+00      5.807419e+00   
     2.971601        5.766749e+00      0.000000e+00      0.000000e+00      5.766749e+00   
     2.984682        5.733848e+00      0.000000e+00      0.000000e+00      5.733848e+00   
     2.993761        5.710189e+00      0.000000e+00      0.000000e+00      5.710189e+00   
     2.998815        5.696734e+00      0.000000e+00      0.000000e+00      5.696734e+00   
     3.004739        5.680713e+00      0.000000e+00      0.000000e+00      5.680713e+00   
     3.024957        5.624073e+00      0.000000e+00      0.000000e+00      5.624073e+00   
     3.061273        5.515308e+00      0.000000e+00      0.000000e+00      5.515308e+00   
     3.113597        5.344963e+00      0.000000e+00      0.000000e+00      5.344963e+00   
     3.181789        5.103993e+00      0.000000e+00      0.000000e+00      5.103993e+00   
     3.265666        4.787371e+00      0.000000e+00      0.000000e+00      4.787371e+00   
     3.365002        4.397007e+00      0.000000e+00      0.000000e+00      4.397007e+00   
     3.479529        3.943135e+00      0.000000e+00      0.000000e+00      3.943135e+00   
     3.608938        3.443795e+00      0.000000e+00      0.000000e+00      3.443795e+00   
     3.752880        2.922544e+00      0.000000e+00      0.000000e+00      2.922544e+00   
     3.910968        2.405073e+00      0.000000e+00      0.000000e+00      2.405073e+00   
     4.082775        1.915583e+00      0.000000e+00      0.000000e+00      1.915583e+00   
     4.267838        1.473758e+00      0.000000e+00      0.000000e+00      1.473758e+00   
     4.465657        1.092855e+00      0.000000e+00      0.000000e+00      1.092855e+00   
     4.675701        7.791072e-01      0.000000e+00      0.000000e+00      7.791072e-01   
     4.897402        5.322791e-01      0.000000e+00      0.000000e+00      5.322791e-01   
     5.130163        3.470357e-01      0.000000e+00      0.000000e+00      3.470357e-01   
     5.373356        2.147033e-01      0.000000e+00      0.000000e+00      2.147033e-01   
     5.626327        1.250391e-01      0.000000e+00      0.000000e+00      1.250391e-01   
     5.888392        6.773252e-02      0.000000e+00      0.000000e+00      6.773252e-02   
     6.158845        3.348103e-02      0.000000e+00      0.000000e+00      3.348103e-02   
     6.436958        1.460565e-02      0.000000e+00      0.000000e+00      1.460565e-02   
     6.721980        5.256465e-03      0.000000e+00      0.000000e+00      5.256465e-03   
     7.013143        1.313798e-03      0.000000e+00      0.000000e+00      1.313798e-03   
     7.309662        1.065259e-04      0.000000e+00      0.000000e+00      1.065259e-04   
     7.610739        5.813934e-05      0.000000e+00      0.000000e+00      5.813934e-05   
     7.915560        3.425505e-04      0.000000e+00      0.000000e+00      3.425505e-04   
     8.223305        5.978559e-04      0.000000e+00      0.000000e+00      5.978559e-04   
     8.533144        7.162014e-04      0.000000e+00      0.000000e+00      7.162014e-04   
     8.844241        7.066015e-04      0.000000e+00      0.000000e+00      7.066015e-04   
     9.155759        6.161668e-04      0.000000e+00      0.000000e+00      6.161668e-04   
     9.466856        4.918555e-04      0.000000e+00      0.000000e+00      4.918555e-04   
     9.776695        3.667041e-04      0.000000e+00      0.000000e+00      3.667041e-04   
    10.084440        2.585897e-04      0.000000e+00      0.000000e+00      2.585897e-04   
    10.389261        1.739280e-04      0.000000e+00      0.000000e+00      1.739280e-04   
    10.690338        1.122243e-04      0.000000e+00      0.000000e+00      1.122243e-04   
    10.986857        6.973535e-05      0.000000e+00      0.000000e+00      6.973535e-05   
    11.278020        4.183267e-05      0.000000e+00      0.000000e+00      4.183267e-05   
    11.563042        2.425124e-05      0.000000e+00      0.000000e+00      2.425124e-05   
    11.841155        1.358084e-05      0.000000e+00      0.000000e+00      1.358084e-05   
    12.111608        7.330184e-06      0.000000e+00      0.000000e+00      7.330184e-06   
    12.373673        3.794876e-06      0.000000e+00      0.000000e+00      3.794876e-06   
    12.626644        1.867675e-06      0.000000e+00      0.000000e+00      1.867675e-06   
    12.869837        8.599600e-07      0.000000e+00      0.000000e+00      8.599600e-07   
    13.102598        3.595453e-07      0.000000e+00      0.000000e+00      3.595453e-07   
    13.324299        1.282983e-07      0.000000e+00      0.000000e+00      1.282983e-07   
    13.534343        3.338273e-08      0.000000e+00      0.000000e+00      3.338273e-08   
    13.732162        3.376076e-09      0.000000e+00      0.000000e+00      3.376076e-09   
    13.917225        1.449383e-09      0.000000e+00      0.000000e+00      1.449383e-09   
    14.089032        9.599235e-09      0.000000e+00      0.000000e+00      9.599235e-09   
    14.247120        1.968160e-08      0.000000e+00      0.000000e+00      1.968160e-08   
    14.391062        2.848043e-08      0.000000e+00      0.000000e+00      2.848043e-08   
    14.520471        3.509410e-08      0.000000e+00      0.000000e+00      3.509410e-08   
    14.634998        3.960582e-08      0.000000e+00      0.000000e+00      3.960582e-08   
    14.734334        4.243965e-08      0.000000e+00      0.000000e+00      4.243965e-08   
    14.818211        4.407094e-08      0.000000e+00      0.000000e+00      4.407094e-08   
    14.886403        4.491266e-08      0.000000e+00      0.000000e+00      4.491266e-08   
    14.938727        4.528352e-08      0.000000e+00      0.000000e+00      4.528352e-08   
    14.975043        4.540762e-08      0.000000e+00      0.000000e+00      4.540762e-08   
    14.995261        4.543422e-08      0.000000e+00      0.000000e+00      4.543422e-08   