#        q              total               1              \delta U         \delta U^2    

     0.001185        8.928501e+08      8.928625e+08     -1.273712e+04      3.281965e+02   
     0.006239        4.961038e+08      4.961130e+08     -9.489958e+03      3.229127e+02   
     0.015318        2.699252e+08      2.699319e+08     -6.997413e+03      3.216289e+02   
     0.028399        8.772606e+07      8.772972e+07     -3.985462e+03      3.206710e+02   
     0.045447        6.387666e+07      6.387973e+07     -3.393885e+03      3.191012e+02   
     0.066417        4.569418e+07      4.569672e+07     -2.860309e+03      3.167708e+02   
     0.091251        3.615393e+07      3.615614e+07     -2.530107e+03      3.133843e+02   
     0.119882        2.661788e+07      2.661973e+07     -2.152921e+03      3.085004e+02   
     0.152235        2.059087e+07      2.059244e+07     -1.871032e+03      3.016499e+02   
     0.188220        1.685791e+07      1.685928e+07     -1.665199e+03      2.924173e+02   
     0.227742        1.370681e+07      1.370800e+07     -1.468746e+03      2.804687e+02   
     0.270694        1.106265e+07      1.106366e+07     -1.282257e+03      2.655873e+02   
     0.316959        9.547903e+06      9.548804e+06     -1.148877e+03      2.477239e+02   
     0.366414        8.210092e+06      8.210884e+06     -1.018692e+03      2.270478e+02   
     0.418925        7.032280e+06      7.032969e+06     -8.930020e+02      2.039949e+02   
     0.474351        5.998777e+06      5.999371e+06     -7.733168e+02      1.793010e+02   
     0.532541        5.531578e+06      5.532113e+06     -6.889993e+02      1.540080e+02   
     0.593339        4.687691e+06      4.688144e+06     -5.825295e+02      1.294305e+02   
     0.656582        3.953933e+06      3.954313e+06     -4.869610e+02      1.070476e+02   
     0.722098        3.624636e+06      3.624970e+06     -4.216389e+02      8.835903e+01   
     0.789711        3.034232e+06      3.034506e+06     -3.480383e+02      7.463822e+01   
     0.859239        2.526244e+06      2.526465e+06     -2.874586e+02      6.667265e+01   
     0.930495        2.300173e+06      2.300359e+06     -2.507716e+02      6.449351e+01   
     1.003286        1.898311e+06      1.898456e+06     -2.116481e+02      6.720559e+01   
     1.077416        1.556745e+06      1.556853e+06     -1.815785e+02      7.299481e+01   
     1.152685        1.141308e+06      1.141379e+06     -1.501197e+02      7.938913e+01   
     1.228890        9.193700e+05      9.194182e+05     -1.320106e+02      8.376482e+01   
     1.305826        5.819097e+05      5.819294e+05     -1.037623e+02      8.399137e+01   
     1.383286        4.425036e+04      4.419969e+04     -2.833247e+01      7.900756e+01   
     1.461060        6.992869e+01      9.553777e-01     -1.305119e-01      6.910382e+01   
     1.538940        5.577818e+01      0.000000e+00      0.000000e+00      5.577818e+01   
     1.616714        4.120787e+01      0.000000e+00      0.000000e+00      4.120787e+01   
     1.694174        2.755273e+01      0.000000e+00      0.000000e+00      2.755273e+01   
     1.771110        1.637295e+01      0.000000e+00      0.000000e+00      1.637295e+01   
     1.847315        8.361768e+00      0.000000e+00      0.000000e+00      8.361768e+00   
     1.922584        3.421636e+00      0.000000e+00      0.000000e+00      3.421636e+00   
     1.996714        9.575334e-01      0.000000e+00      0.000000e+00      9.575334e-01   
     2.069505        2.072800e-01      0.000000e+00      0.000000e+00      2.072800e-01   
     2.140761        4.788753e-01      0.000000e+00      0.000000e+00      4.788753e-01   
     2.210289        1.257136e+00      0.000000e+00      0.000000e+00      1.257136e+00   
     2.277902        2.210836e+00      0.000000e+00      0.000000e+00      2.210836e+00   
     2.343418        3.152378e+00      0.000000e+00      0.000000e+00      3.152378e+00   
     2.406661        3.989286e+00      0.000000e+00      0.000000e+00      3.989286e+00   
     2.467459        4.685554e+00      0.000000e+00      0.000000e+00      4.685554e+00   
     2.525649        5.236134e+00      0.000000e+00      0.000000e+00      5.236134e+00   
     2.581075        5.651690e+00      0.000000e+00      0.000000e+00      5.651690e+00   
     2.633586        5.949934e+00      0.000000e+00      0.000000e+00      5.949934e+00   
     2.683041        6.150796e+00      0.000000e+00      0.000000e+00      6.150796e+00   
     2.729306        6.273819e+00      0.000000e+00      0.000000e+00      6.273819e+00   
     2.772258        6.336830e+00      0.000000e+00      0.000000e+00      6.336830e+00   
     2.811780        6.355372e+00      0.000000e+00      0.000000e+00      6.355372e+00   
     2.847765        6.342571e+00      0.000000e+00      0.000000e+00      6.342571e+00   
     2.880118        6.309250e+00      0.000000e+00      0.000000e+00      6.309250e+00   
     2.908749        6.264157e+00      0.000000e+00      0.000000e+00      6.264157e+00   
     2.933583        6.214237e+00      0.000000e+00      0.000000e+00      6.214237e+00   
     2.954553        6.164912e+00      0.000000e+00      0.000000e+00      6.164912e+00   
     2.971601        6.120323e+00      0.000000e+00      0.000000e+00      6.120323e+00   
     2.984682        6.083551e+00      0.000000e+00      0.000000e+00      6.083551e+00   
     2.993761        6.056789e+00      0.000000e+00      0.000000e+00      6.056789e+00   
     2.998815        6.041465e+00      0.000000e+00      0.000000e+00      6.041465e+00   
     3.004739        6.023128e+00      0.000000e+00      0.000000e+00      6.023128e+00   
     3.024957        5.957619e+00      0.000000e+00      0.000000e+00      5.957619e+00   
     3.061273        5.829538e+00      0.000000e+00      0.000000e+00      5.829538e+00   
     3.113597        5.625094e+00      0.000000e+00      0.000000e+00      5.625094e+00   
     3.181789        5.331754e+00      0.000000e+00      0.000000e+00      5.331754e+00   
     3.265666        4.943878e+00      0.000000e+00      0.000000e+00      4.943878e+00   
     3.365002        4.466960e+00      0.000000e+00      0.000000e+00      4.466960e+00   
     3.479529        3.919046e+00      0.000000e+00      0.000000e+00      3.919046e+00   
     3.608938        3.328792e+00      0.000000e+00      0.000000e+00      3.328792e+00   
     3.752880        2.730755e+00      0.000000e+00      0.000000e+00      2.730755e+00   
     3.910968        2.159372e+00      0.000000e+00      0.000000e+00      2.159372e+00   
     4.082775        1.643382e+00      0.000000e+00      0.000000e+00      1.643382e+00   
     4.267838        1.202090e+00      0.000000e+00      0.000000e+00      1.202090e+00   
     4.465657        8.440857e-01      0.000000e+00      0.000000e+00      8.440857e-01   
     4.675701        5.682374e-01      0.000000e+00      0.000000e+00      5.682374e-01   
     4.897402        3.661962e-01      0.000000e+00      0.000000e+00      3.661962e-01   
     5.130163        2.254761e-01      0.000000e+00      0.000000e+00      2.254761e-01   
     5.373356        1.322952e-01      0.000000e+00      0.000000e+00      1.322952e-01   
     5.626327        7.369027e-02      0.000000e+00      0.000000e+00      7.369027e-02   
     5.888392        3.875136e-02      0.000000e+00      0.000000e+00      3.875136e-02   
     6.158845        1.907579e-02      0.000000e+00      0.000000e+00      1.907579e-02   
     6.436958        8.671183e-03      0.000000e+00      0.000000e+00      8.671183e-03   
     6.721980        3.555815e-03      0.000000e+00      0.000000e+00      3.555815e-03   
     7.013143        1.258583e-03      0.000000e+00      0.000000e+00      1.258583e-03   
     7.309662        3.483903e-04      0.000000e+00      0.000000e+00      3.483903e-04   
     7.610739        5.562371e-05      0.000000e+00      0.000000e+00      5.562371e-05   
     7.915560        2.494581e-07      0.000000e+00      0.000000e+00      2.494581e-07   
     8.223305        1.400124e-05      0.000000e+00      0.000000e+00      1.400124e-05   
     8.533144        3.371833e-05      0.000000e+00      0.000000e+00      3.371833e-05   
     8.844241        4.267922e-05      0.000000e+00      0.000000e+00      4.267922e-05   
     9.155759        4.129658e-05      0.000000e+00      0.000000e+00      4.129658e-05   
     9.466856        3.416213e-05      0.000000e+00      0.000000e+00      3.416213e-05   
     9.776695        2.531750e-05      0.000000e+00      0.000000e+00      2.531750e-05   
    10.084440        1.717038e-05      0.000000e+00      0.000000e+00      1.717038e-05   
    10.389261        1.073455e-05      0.000000e+00      0.000000e+00      1.073455e-05   
    10.690338        6.161377e-06      0.000000e+00      0.000000e+00      6.161377e-06   
    10.986857        3.188212e-06      0.000000e+00      0.000000e+00      3.188212e-06   
    11.278020        1.422875e-06      0.000000e+00      0.000000e+00      1.422875e-06   
    11.563042        4.901710e-07      0.000000e+00      0.000000e+00      4.901710e-07   
    11.841155        8.919006e-08      0.000000e+00      0.000000e+00      8.919006e-08   
    12.111608        2.618280e-09      0.000000e+00      0.000000e+00      2.618280e-09   
    12.373673        8.507758e-08      0.000000e+00      0.000000e+00      8.507758e-08   
    12.626644        2.454778e-07      0.000000e+00      0.000000e+00      2.454778e-07   
    12.869837        4.303731e-07      0.000000e+00      0.000000e+00      4.303731e-07   
    13.102598        6.107931e-07      0.000000e+00      0.000000e+00      6.107931e-07   
    13.324299        7.728109e-07      0.000000e+00      0.000000e+00      7.728109e-07   
    13.534343        9.112383e-07      0.000000e+00      0.000000e+00      9.112383e-07   
    13.732162        1.025635e-06      0.000000e+00      0.000000e+00      1.025635e-06   
    13.917225        1.117904e-06      0.000000e+00      0.000000e+00      1.117904e-06   
    14.089032        1.190911e-06      0.000000e+00      0.000000e+00      1.190911e-06   
    14.247120        1.247737e-06      0.000000e+00      0.000000e+00      1.247737e-06   
    14.391062        1.291305e-06      0.000000e+00      0.000000e+00      1.291305e-06   
    14.520471        1.324214e-06      0.000000e+00      0.000000e+00      1.324214e-06   
    14.634998        1.348690e-06      0.000000e+00      0.000000e+00      1.348690e-06   
    14.734334        1.366585e-06      0.000000e+00      0.000000e+00      1.366585e-06   
    14.818211        1.379409e-06      0.000000e+00      0.000000e+00      1.379409e-06   
    14.886403        1.388363e-06      0.000000e+00      0.000000e+00      1.388363e-06   
    14.938727        1.394372e-06      0.000000e+00      0.000000e+00      1.394372e-06   
    14.975043        1.398116e-06      0.000000e+00      0.000000e+00      1.398116e-06   
    14.995261        1.400053e-06      0.000000e+00      0.000000e+00      1.400053e-06   