#        q              total               1              \delta U         \delta U^2    

     0.001185        4.243511e+04      4.300137e+04     -6.092622e+02      4.300845e+01   
     0.006239        3.032930e+04      3.089580e+04     -6.095153e+02      4.300835e+01   
     0.015318        1.698075e+04      1.754735e+04     -6.096160e+02      4.300809e+01   
     0.028399        9.841009e+03      1.040722e+04     -6.092132e+02      4.300539e+01   
     0.045447        8.455213e+03      9.021523e+03     -6.093085e+02      4.299790e+01   
     0.066417        7.198930e+03      7.764635e+03     -6.086889e+02      4.298423e+01   
     0.091251        6.065461e+03      6.630268e+03     -6.077700e+02      4.296295e+01   
     0.119882        5.242992e+03      5.806769e+03     -6.067074e+02      4.293043e+01   
     0.152235        4.674171e+03      5.236030e+03     -6.047445e+02      4.288633e+01   
     0.188220        4.144969e+03      4.703970e+03     -6.018312e+02      4.283051e+01   
     0.227742        3.814242e+03      4.370081e+03     -5.986006e+02      4.276137e+01   
     0.270694        3.500883e+03      4.052378e+03     -5.941817e+02      4.268672e+01   
     0.316959        3.205099e+03      3.750458e+03     -5.879693e+02      4.261017e+01   
     0.366414        3.065817e+03      3.605292e+03     -5.820232e+02      4.254820e+01   
     0.418925        2.796272e+03      3.326293e+03     -5.725360e+02      4.251507e+01   
     0.474351        2.544143e+03      3.062073e+03     -5.604645e+02      4.253504e+01   
     0.532541        2.428148e+03      2.935379e+03     -5.498618e+02      4.263163e+01   
     0.593339        2.202926e+03      2.692571e+03     -5.324807e+02      4.283550e+01   
     0.656582        1.995217e+03      2.463536e+03     -5.114873e+02      4.316822e+01   
     0.722098        1.902777e+03      2.354058e+03     -4.949424e+02      4.366139e+01   
     0.789711        1.721088e+03      2.144929e+03     -4.681519e+02      4.431092e+01   
     0.859239        1.555741e+03      1.948567e+03     -4.379613e+02      4.513561e+01   
     0.930495        1.405811e+03      1.764570e+03     -4.048589e+02      4.609992e+01   
     1.003286        1.270116e+03      1.592536e+03     -3.695863e+02      4.716585e+01   
     1.077416        1.147216e+03      1.432064e+03     -3.330889e+02      4.824125e+01   
     1.152685        9.234661e+02      1.143439e+03     -2.692337e+02      4.926063e+01   
     1.228890        7.263955e+02      8.814052e+02     -2.051197e+02      5.010997e+01   
     1.305826        5.065414e+01      0.000000e+00      0.000000e+00      5.065414e+01   
     1.383286        5.079553e+01      0.000000e+00      0.000000e+00      5.079553e+01   
     1.461060        5.046177e+01      0.000000e+00      0.000000e+00      5.046177e+01   
     1.538940        4.959350e+01      0.000000e+00      0.000000e+00      4.959350e+01   
     1.616714        4.817876e+01      0.000000e+00      0.000000e+00      4.817876e+01   
     1.694174        4.624057e+01      0.000000e+00      0.000000e+00      4.624057e+01   
     1.771110        4.383270e+01      0.000000e+00      0.000000e+00      4.383270e+01   
     1.847315        4.104312e+01      0.000000e+00      0.000000e+00      4.104312e+01   
     1.922584        3.799621e+01      0.000000e+00      0.000000e+00      3.799621e+01   
     1.996714        3.481640e+01      0.000000e+00      0.000000e+00      3.481640e+01   
     2.069505        3.161692e+01      0.000000e+00      0.000000e+00      3.161692e+01   
     2.140761        2.849622e+01      0.000000e+00      0.000000e+00      2.849622e+01   
     2.210289        2.553379e+01      0.000000e+00      0.000000e+00      2.553379e+01   
     2.277902        2.278777e+01      0.000000e+00      0.000000e+00      2.278777e+01   
     2.343418        2.029213e+01      0.000000e+00      0.000000e+00      2.029213e+01   
     2.406661        1.806500e+01      0.000000e+00      0.000000e+00      1.806500e+01   
     2.467459        1.610282e+01      0.000000e+00      0.000000e+00      1.610282e+01   
     2.525649        1.438885e+01      0.000000e+00      0.000000e+00      1.438885e+01   
     2.581075        1.290408e+01      0.000000e+00      0.000000e+00      1.290408e+01   
     2.633586        1.162485e+01      0.000000e+00      0.000000e+00      1.162485e+01   
     2.683041        1.052911e+01      0.000000e+00      0.000000e+00      1.052911e+01   
     2.729306        9.593067e+00      0.000000e+00      0.000000e+00      9.593067e+00   
     2.772258        8.795133e+00      0.000000e+00      0.000000e+00      8.795133e+00   
     2.811780        8.117597e+00      0.000000e+00      0.000000e+00      8.117597e+00   
     2.847765        7.545066e+00      0.000000e+00      0.000000e+00      7.545066e+00   
     2.880118        7.063345e+00      0.000000e+00      0.000000e+00      7.063345e+00   
     2.908749        6.661995e+00      0.000000e+00      0.000000e+00      6.661995e+00   
     2.933583        6.331430e+00      0.000000e+00      0.000000e+00      6.331430e+00   
     2.954553        6.064890e+00      0.000000e+00      0.000000e+00      6.064890e+00   
     2.971601        5.855952e+00      0.000000e+00      0.000000e+00      5.855952e+00   
     2.984682        5.700322e+00      0.000000e+00      0.000000e+00      5.700322e+00   
     2.993761        5.594723e+00      0.000000e+00      0.000000e+00      5.594723e+00   
     2.998815        5.536702e+00      0.000000e+00      0.000000e+00      5.536702e+00   
     3.004739        5.469396e+00      0.000000e+00      0.000000e+00      5.469396e+00   
     3.024957        5.245451e+00      0.000000e+00      0.000000e+00      5.245451e+00   
     3.061273        4.864713e+00      0.000000e+00      0.000000e+00      4.864713e+00   
     3.113597        4.360952e+00      0.000000e+00      0.000000e+00      4.360952e+00   
     3.181789        3.776431e+00      0.000000e+00      0.000000e+00      3.776431e+00   
     3.265666        3.155504e+00      0.000000e+00      0.000000e+00      3.155504e+00   
     3.365002        2.539318e+00      0.000000e+00      0.000000e+00      2.539318e+00   
     3.479529        1.962625e+00      0.000000e+00      0.000000e+00      1.962625e+00   
     3.608938        1.451543e+00      0.000000e+00      0.000000e+00      1.451543e+00   
     3.752880        1.023052e+00      0.000000e+00      0.000000e+00      1.023052e+00   
     3.910968        6.842380e-01      0.000000e+00      0.000000e+00      6.842380e-01   
     4.082775        4.329690e-01      0.000000e+00      0.000000e+00      4.329690e-01   
     4.267838        2.598422e-01      0.000000e+00      0.000000e+00      2.598422e-01   
     4.465657        1.505629e-01      0.000000e+00      0.000000e+00      1.505629e-01   
     4.675701        8.847873e-02      0.000000e+00      0.000000e+00      8.847873e-02   
     4.897402        5.736946e-02      0.000000e+00      0.000000e+00      5.736946e-02   
     5.130163        4.353467e-02      0.000000e+00      0.000000e+00      4.353467e-02   
     5.373356        3.714534e-02      0.000000e+00      0.000000e+00      3.714534e-02   
     5.626327        3.241437e-02      0.000000e+00      0.000000e+00      3.241437e-02   
     5.888392        2.693620e-02      0.000000e+00      0.000000e+00      2.693620e-02   
     6.158845        2.054588e-02      0.000000e+00      0.000000e+00      2.054588e-02   
     6.436958        1.411103e-02      0.000000e+00      0.000000e+00      1.411103e-02   
     6.721980        8.597371e-03      0.000000e+00      0.000000e+00      8.597371e-03   
     7.013143        4.564822e-03      0.000000e+00      0.000000e+00      4.564822e-03   
     7.309662        2.062403e-03      0.000000e+00      0.000000e+00      2.062403e-03   
     7.610739        7.782786e-04      0.000000e+00      0.000000e+00      7.782786e-04   
     7.915560        2.684241e-04      0.000000e+00      0.000000e+00      2.684241e-04   
     8.223305        1.400717e-04      0.000000e+00      0.000000e+00      1.400717e-04   
     8.533144        1.372220e-04      0.000000e+00      0.000000e+00      1.372220e-04   
     8.844241        1.394643e-04      0.000000e+00      0.000000e+00      1.394643e-04   
     9.155759        1.168435e-04      0.000000e+00      0.000000e+00      1.168435e-04   
     9.466856        7.960928e-05      0.000000e+00      0.000000e+00      7.960928e-05   
     9.776695        4.439273e-05      0.000000e+00      0.000000e+00      4.439273e-05   
    10.084440        2.020826e-05      0.000000e+00      0.000000e+00      2.020826e-05   
    10.389261        7.632951e-06      0.000000e+00      0.000000e+00      7.632951e-06   
    10.690338        2.960025e-06      0.000000e+00      0.000000e+00      2.960025e-06   
    10.986857        2.064201e-06      0.000000e+00      0.000000e+00      2.064201e-06   
    11.278020        2.216401e-06      0.000000e+00      0.000000e+00      2.216401e-06   
    11.563042        2.231989e-06      0.000000e+00      0.000000e+00      2.231989e-06   
    11.841155        1.899253e-06      0.000000e+00      0.000000e+00      1.899253e-06   
    12.111608        1.384541e-06      0.000000e+00      0.000000e+00      1.384541e-06   
    12.373673        8.835439e-07      0.000000e+00      0.000000e+00      8.835439e-07   
    12.626644        5.008515e-07      0.000000e+00      0.000000e+00      5.008515e-07   
    12.869837        2.544528e-07      0.000000e+00      0.000000e+00      2.544528e-07   
    13.102598        1.171112e-07      0.000000e+00      0.000000e+00      1.171112e-07   
    13.324299        5.053928e-08      0.000000e+00      0.000000e+00      5.053928e-08   
    13.534343        2.316705e-08      0.000000e+00      0.000000e+00      2.316705e-08   
    13.732162        1.436561e-08      0.000000e+00      0.000000e+00      1.436561e-08   
    13.917225        1.288714e-08      0.000000e+00      0.000000e+00      1.288714e-08   
    14.089032        1.348022e-08      0.000000e+00      0.000000e+00      1.348022e-08   
    14.247120        1.414712e-08      0.000000e+00      0.000000e+00      1.414712e-08   
    14.391062        1.439644e-08      0.000000e+00      0.000000e+00      1.439644e-08   
    14.520471        1.426798e-08      0.000000e+00      0.000000e+00      1.426798e-08   
    14.634998        1.393399e-08      0.000000e+00      0.000000e+00      1.393399e-08   
    14.734334        1.354840e-08      0.000000e+00      0.000000e+00      1.354840e-08   
    14.818211        1.318503e-08      0.000000e+00      0.000000e+00      1.318503e-08   
    14.886403        1.287069e-08      0.000000e+00      0.000000e+00      1.287069e-08   
    14.938727        1.261738e-08      0.000000e+00      0.000000e+00      1.261738e-08   
    14.975043        1.244419e-08      0.000000e+00      0.000000e+00      1.244419e-08   
    14.995261        1.236786e-08      0.000000e+00      0.000000e+00      1.236786e-08   