#        q              total               1              \delta U         \delta U^2    

     0.001185        1.539335e+04      1.539996e+04     -6.634072e+00      2.131415e-02   
     0.006239        7.758017e+03      7.764635e+03     -6.639446e+00      2.131133e-02   
     0.015318        5.047829e+03      5.054446e+03     -6.637877e+00      2.129903e-02   
     0.028399        3.598675e+03      3.605292e+03     -6.637604e+00      2.127312e-02   
     0.045447        2.685956e+03      2.692571e+03     -6.636589e+00      2.122706e-02   
     0.066417        2.138318e+03      2.144929e+03     -6.632214e+00      2.116985e-02   
     0.091251        1.670479e+03      1.677083e+03     -6.625120e+00      2.108814e-02   
     0.119882        1.425469e+03      1.432064e+03     -6.615339e+00      2.099308e-02   
     0.152235        1.205574e+03      1.212152e+03     -6.598642e+00      2.086911e-02   
     0.188220        1.009440e+03      1.015991e+03     -6.571773e+00      2.072561e-02   
     0.227742        8.357149e+02      8.422233e+02     -6.528957e+00      2.056104e-02   
     0.270694        7.316891e+02      7.381486e+02     -6.479916e+00      2.037935e-02   
     0.316959        6.366301e+02      6.430212e+02     -6.411264e+00      2.019186e-02   
     0.366414        5.501423e+02      5.564389e+02     -6.316572e+00      2.000489e-02   
     0.418925        5.100064e+02      5.162265e+02     -6.239946e+00      1.984274e-02   
     0.474351        4.356419e+02      4.417079e+02     -6.085717e+00      1.972706e-02   
     0.532541        3.688696e+02      3.747292e+02     -5.879273e+00      1.970212e-02   
     0.593339        3.382339e+02      3.439416e+02     -5.727454e+00      1.980983e-02   
     0.656582        2.821199e+02      2.875186e+02     -5.418757e+00      2.011393e-02   
     0.722098        2.565972e+02      2.617826e+02     -5.206160e+00      2.067830e-02   
     0.789711        2.102497e+02      2.150106e+02     -4.782530e+00      2.158575e-02   
     0.859239        1.893859e+02      1.938740e+02     -4.511019e+00      2.291826e-02   
     0.930495        1.518843e+02      1.558481e+02     -3.988638e+00      2.476876e-02   
     1.003286        1.197534e+02      1.231504e+02     -3.424293e+00      2.722245e-02   
     1.077416        9.256473e+01      9.537875e+01     -2.844387e+00      3.036502e-02   
     1.152685        6.988783e+01      7.213097e+01     -2.277401e+00      3.426843e-02   
     1.228890        4.337606e+01      4.486194e+01     -1.524869e+00      3.898972e-02   
     1.305826        1.987813e+01      2.058372e+01     -7.501388e-01      4.455788e-02   
     1.383286        3.434051e+00      3.518584e+00     -1.355066e-01      5.097430e-02   
     1.461060        5.820977e-02      0.000000e+00      0.000000e+00      5.820977e-02   
     1.538940        6.619421e-02      0.000000e+00      0.000000e+00      6.619421e-02   
     1.616714        7.482140e-02      0.000000e+00      0.000000e+00      7.482140e-02   
     1.694174        8.395016e-02      0.000000e+00      0.000000e+00      8.395016e-02   
     1.771110        9.340816e-02      0.000000e+00      0.000000e+00      9.340816e-02   
     1.847315        1.030018e-01      0.000000e+00      0.000000e+00      1.030018e-01   
     1.922584        1.125196e-01      0.000000e+00      0.000000e+00      1.125196e-01   
     1.996714        1.217418e-01      0.000000e+00      0.000000e+00      1.217418e-01   
     2.069505        1.304599e-01      0.000000e+00      0.000000e+00      1.304599e-01   
     2.140761        1.384884e-01      0.000000e+00      0.000000e+00      1.384884e-01   
     2.210289        1.456711e-01      0.000000e+00      0.000000e+00      1.456711e-01   
     2.277902        1.518914e-01      0.000000e+00      0.000000e+00      1.518914e-01   
     2.343418        1.570739e-01      0.000000e+00      0.000000e+00      1.570739e-01   
     2.406661        1.611842e-01      0.000000e+00      0.000000e+00      1.611842e-01   
     2.467459        1.642316e-01      0.000000e+00      0.000000e+00      1.642316e-01   
     2.525649        1.662681e-01      0.000000e+00      0.000000e+00      1.662681e-01   
     2.581075        1.673757e-01      0.000000e+00      0.000000e+00      1.673757e-01   
     2.633586        1.676591e-01      0.000000e+00      0.000000e+00      1.676591e-01   
     2.683041        1.672289e-01      0.000000e+00      0.000000e+00      1.672289e-01   
     2.729306        1.662133e-01      0.000000e+00      0.000000e+00      1.662133e-01   
     2.772258        1.647487e-01      0.000000e+00      0.000000e+00      1.647487e-01   
     2.811780        1.629655e-01      0.000000e+00      0.000000e+00      1.629655e-01   
     2.847765        1.609870e-01      0.000000e+00      0.000000e+00      1.609870e-01   
     2.880118        1.589397e-01      0.000000e+00      0.000000e+00      1.589397e-01   
     2.908749        1.569258e-01      0.000000e+00      0.000000e+00      1.569258e-01   
     2.933583        1.550412e-01      0.000000e+00      0.000000e+00      1.550412e-01   
     2.954553        1.533570e-01      0.000000e+00      0.000000e+00      1.533570e-01   
     2.971601        1.519340e-01      0.000000e+00      0.000000e+00      1.519340e-01   
     2.984682        1.508105e-01      0.000000e+00      0.000000e+00      1.508105e-01   
     2.993761        1.500146e-01      0.000000e+00      0.000000e+00      1.500146e-01   
     2.998815        1.495656e-01      0.000000e+00      0.000000e+00      1.495656e-01   
     3.004739        1.490297e-01      0.000000e+00      0.000000e+00      1.490297e-01   
     3.024957        1.471222e-01      0.000000e+00      0.000000e+00      1.471222e-01   
     3.061273        1.434442e-01      0.000000e+00      0.000000e+00      1.434442e-01   
     3.113597        1.376918e-01      0.000000e+00      0.000000e+00      1.376918e-01   
     3.181789        1.296148e-01      0.000000e+00      0.000000e+00      1.296148e-01   
     3.265666        1.191595e-01      0.000000e+00      0.000000e+00      1.191595e-01   
     3.365002        1.061450e-01      0.000000e+00      0.000000e+00      1.061450e-01   
     3.479529        9.075740e-02      0.000000e+00      0.000000e+00      9.075740e-02   
     3.608938        7.386238e-02      0.000000e+00      0.000000e+00      7.386238e-02   
     3.752880        5.662036e-02      0.000000e+00      0.000000e+00      5.662036e-02   
     3.910968        4.039608e-02      0.000000e+00      0.000000e+00      4.039608e-02   
     4.082775        2.653740e-02      0.000000e+00      0.000000e+00      2.653740e-02   
     4.267838        1.596819e-02      0.000000e+00      0.000000e+00      1.596819e-02   
     4.465657        8.936502e-03      0.000000e+00      0.000000e+00      8.936502e-03   
     4.675701        5.002831e-03      0.000000e+00      0.000000e+00      5.002831e-03   
     4.897402        3.271658e-03      0.000000e+00      0.000000e+00      3.271658e-03   
     5.130163        2.748779e-03      0.000000e+00      0.000000e+00      2.748779e-03   
     5.373356        2.639308e-03      0.000000e+00      0.000000e+00      2.639308e-03   
     5.626327        2.483737e-03      0.000000e+00      0.000000e+00      2.483737e-03   
     5.888392        2.132675e-03      0.000000e+00      0.000000e+00      2.132675e-03   
     6.158845        1.633398e-03      0.000000e+00      0.000000e+00      1.633398e-03   
     6.436958        1.105760e-03      0.000000e+00      0.000000e+00      1.105760e-03   
     6.721980        6.550170e-04      0.000000e+00      0.000000e+00      6.550170e-04   
     7.013143        3.338110e-04      0.000000e+00      0.000000e+00      3.338110e-04   
     7.309662        1.427147e-04      0.000000e+00      0.000000e+00      1.427147e-04   
     7.610739        5.053501e-05      0.000000e+00      0.000000e+00      5.053501e-05   
     7.915560        1.746291e-05      0.000000e+00      0.000000e+00      1.746291e-05   
     8.223305        1.091247e-05      0.000000e+00      0.000000e+00      1.091247e-05   
     8.533144        1.139888e-05      0.000000e+00      0.000000e+00      1.139888e-05   
     8.844241        1.096074e-05      0.000000e+00      0.000000e+00      1.096074e-05   
     9.155759        8.470024e-06      0.000000e+00      0.000000e+00      8.470024e-06   
     9.466856        5.269776e-06      0.000000e+00      0.000000e+00      5.269776e-06   
     9.776695        2.651139e-06      0.000000e+00      0.000000e+00      2.651139e-06   
    10.084440        1.079823e-06      0.000000e+00      0.000000e+00      1.079823e-06   
    10.389261        3.861046e-07      0.000000e+00      0.000000e+00      3.861046e-07   
    10.690338        1.874629e-07      0.000000e+00      0.000000e+00      1.874629e-07   
    10.986857        1.707430e-07      0.000000e+00      0.000000e+00      1.707430e-07   
    11.278020        1.742596e-07      0.000000e+00      0.000000e+00      1.742596e-07   
    11.563042        1.522534e-07      0.000000e+00      0.000000e+00      1.522534e-07   
    11.841155        1.122899e-07      0.000000e+00      0.000000e+00      1.122899e-07   
    12.111608        7.184721e-08      0.000000e+00      0.000000e+00      7.184721e-08   
    12.373673        4.108632e-08      0.000000e+00      0.000000e+00      4.108632e-08   
    12.626644        2.170817e-08      0.000000e+00      0.000000e+00      2.170817e-08   
    12.869837        1.106434e-08      0.000000e+00      0.000000e+00      1.106434e-08   
    13.102598        5.738633e-09      0.000000e+00      0.000000e+00      5.738633e-09   
    13.324299        3.181118e-09      0.000000e+00      0.000000e+00      3.181118e-09   
    13.534343        1.934825e-09      0.000000e+00      0.000000e+00      1.934825e-09   
    13.732162        1.307672e-09      0.000000e+00      0.000000e+00      1.307672e-09   
    13.917225        1.003803e-09      0.000000e+00      0.000000e+00      1.003803e-09   
    14.089032        8.902678e-10      0.000000e+00      0.000000e+00      8.902678e-10   
    14.247120        8.912390e-10      0.000000e+00      0.000000e+00      8.912390e-10   
    14.391062        9.533471e-10      0.000000e+00      0.000000e+00      9.533471e-10   
    14.520471        1.038860e-09      0.000000e+00      0.000000e+00      1.038860e-09   
    14.634998        1.124439e-09      0.000000e+00      0.000000e+00      1.124439e-09   
    14.734334        1.198399e-09      0.000000e+00      0.000000e+00      1.198399e-09   
    14.818211        1.256963e-09      0.000000e+00      0.000000e+00      1.256963e-09   
    14.886403        1.300341e-09      0.000000e+00      0.000000e+00      1.300341e-09   
    14.938727        1.330364e-09      0.000000e+00      0.000000e+00      1.330364e-09   
    14.975043        1.350139e-09      0.000000e+00      0.000000e+00      1.350139e-09   
    14.995261        1.360171e-09      0.000000e+00      0.000000e+00      1.360171e-09   