#        q              total               1              \delta U         \delta U^2    

     0.001185        2.466364e+04      2.475535e+04     -9.303287e+01      1.320726e+00   
     0.006239        1.315434e+04      1.324611e+04     -9.308716e+01      1.320706e+00   
     0.015318        8.929767e+03      9.021523e+03     -9.307646e+01      1.320600e+00   
     0.028399        6.755918e+03      6.847642e+03     -9.304370e+01      1.320293e+00   
     0.045447        5.330180e+03      5.421911e+03     -9.305092e+01      1.319661e+00   
     0.066417        4.443327e+03      4.534977e+03     -9.296899e+01      1.318567e+00   
     0.091251        3.807910e+03      3.899470e+03     -9.287683e+01      1.316673e+00   
     0.119882        3.234867e+03      3.326293e+03     -9.274030e+01      1.313999e+00   
     0.152235        2.844192e+03      2.935379e+03     -9.249663e+01      1.310471e+00   
     0.188220        2.485518e+03      2.576357e+03     -9.214527e+01      1.305833e+00   
     0.227742        2.263612e+03      2.354058e+03     -9.174683e+01      1.300398e+00   
     0.270694        2.055027e+03      2.144929e+03     -9.119590e+01      1.294660e+00   
     0.316959        1.859426e+03      1.948567e+03     -9.042998e+01      1.289284e+00   
     0.366414        1.676431e+03      1.764570e+03     -8.942438e+01      1.285402e+00   
     0.418925        1.505720e+03      1.592536e+03     -8.810086e+01      1.284762e+00   
     0.474351        1.346992e+03      1.432064e+03     -8.636169e+01      1.289615e+00   
     0.532541        1.272415e+03      1.356037e+03     -8.492512e+01      1.302730e+00   
     0.593339        1.131169e+03      1.212152e+03     -8.231026e+01      1.327444e+00   
     0.656582        1.065281e+03      1.144193e+03     -8.027939e+01      1.367508e+00   
     0.722098        9.408109e+02      1.015991e+03     -7.660699e+01      1.426838e+00   
     0.789711        8.270402e+02      8.977415e+02     -7.221052e+01      1.509250e+00   
     0.859239        7.746795e+02      8.422233e+02     -6.916194e+01      1.618116e+00   
     0.930495        6.761561e+02      7.381486e+02     -6.374846e+01      1.755960e+00   
     1.003286        5.871148e+02      6.430212e+02     -5.783048e+01      1.924055e+00   
     1.077416        5.069674e+02      5.564389e+02     -5.159360e+01      2.122070e+00   
     1.152685        4.014354e+02      4.417079e+02     -4.262033e+01      2.347809e+00   
     1.228890        3.126257e+02      3.439416e+02     -3.391293e+01      2.597075e+00   
     1.305826        5.658086e+01      5.981592e+01     -6.098768e+00      2.863699e+00   
     1.383286        3.139743e+00      0.000000e+00      0.000000e+00      3.139743e+00   
     1.461060        3.415951e+00      0.000000e+00      0.000000e+00      3.415951e+00   
     1.538940        3.682346e+00      0.000000e+00      0.000000e+00      3.682346e+00   
     1.616714        3.928894e+00      0.000000e+00      0.000000e+00      3.928894e+00   
     1.694174        4.146195e+00      0.000000e+00      0.000000e+00      4.146195e+00   
     1.771110        4.326140e+00      0.000000e+00      0.000000e+00      4.326140e+00   
     1.847315        4.462459e+00      0.000000e+00      0.000000e+00      4.462459e+00   
     1.922584        4.551140e+00      0.000000e+00      0.000000e+00      4.551140e+00   
     1.996714        4.590612e+00      0.000000e+00      0.000000e+00      4.590612e+00   
     2.069505        4.581729e+00      0.000000e+00      0.000000e+00      4.581729e+00   
     2.140761        4.527545e+00      0.000000e+00      0.000000e+00      4.527545e+00   
     2.210289        4.432929e+00      0.000000e+00      0.000000e+00      4.432929e+00   
     2.277902        4.304071e+00      0.000000e+00      0.000000e+00      4.304071e+00   
     2.343418        4.147953e+00      0.000000e+00      0.000000e+00      4.147953e+00   
     2.406661        3.971811e+00      0.000000e+00      0.000000e+00      3.971811e+00   
     2.467459        3.782701e+00      0.000000e+00      0.000000e+00      3.782701e+00   
     2.525649        3.587112e+00      0.000000e+00      0.000000e+00      3.587112e+00   
     2.581075        3.390755e+00      0.000000e+00      0.000000e+00      3.390755e+00   
     2.633586        3.198406e+00      0.000000e+00      0.000000e+00      3.198406e+00   
     2.683041        3.013865e+00      0.000000e+00      0.000000e+00      3.013865e+00   
     2.729306        2.840027e+00      0.000000e+00      0.000000e+00      2.840027e+00   
     2.772258        2.678937e+00      0.000000e+00      0.000000e+00      2.678937e+00   
     2.811780        2.531952e+00      0.000000e+00      0.000000e+00      2.531952e+00   
     2.847765        2.399839e+00      0.000000e+00      0.000000e+00      2.399839e+00   
     2.880118        2.282937e+00      0.000000e+00      0.000000e+00      2.282937e+00   
     2.908749        2.181258e+00      0.000000e+00      0.000000e+00      2.181258e+00   
     2.933583        2.094605e+00      0.000000e+00      0.000000e+00      2.094605e+00   
     2.954553        2.022659e+00      0.000000e+00      0.000000e+00      2.022659e+00   
     2.971601        1.965045e+00      0.000000e+00      0.000000e+00      1.965045e+00   
     2.984682        1.921398e+00      0.000000e+00      0.000000e+00      1.921398e+00   
     2.993761        1.891399e+00      0.000000e+00      0.000000e+00      1.891399e+00   
     2.998815        1.874804e+00      0.000000e+00      0.000000e+00      1.874804e+00   
     3.004739        1.855447e+00      0.000000e+00      0.000000e+00      1.855447e+00   
     3.024957        1.790166e+00      0.000000e+00      0.000000e+00      1.790166e+00   
     3.061273        1.676114e+00      0.000000e+00      0.000000e+00      1.676114e+00   
     3.113597        1.519460e+00      0.000000e+00      0.000000e+00      1.519460e+00   
     3.181789        1.329685e+00      0.000000e+00      0.000000e+00      1.329685e+00   
     3.265666        1.119337e+00      0.000000e+00      0.000000e+00      1.119337e+00   
     3.365002        9.027389e-01      0.000000e+00      0.000000e+00      9.027389e-01   
     3.479529        6.946511e-01      0.000000e+00      0.000000e+00      6.946511e-01   
     3.608938        5.080374e-01      0.000000e+00      0.000000e+00      5.080374e-01   
     3.752880        3.517968e-01      0.000000e+00      0.000000e+00      3.517968e-01   
     3.910968        2.298653e-01      0.000000e+00      0.000000e+00      2.298653e-01   
     4.082775        1.415270e-01      0.000000e+00      0.000000e+00      1.415270e-01   
     4.267838        8.254600e-02      0.000000e+00      0.000000e+00      8.254600e-02   
     4.465657        4.672896e-02      0.000000e+00      0.000000e+00      4.672896e-02   
     4.675701        2.735452e-02      0.000000e+00      0.000000e+00      2.735452e-02   
     4.897402        1.826291e-02      0.000000e+00      0.000000e+00      1.826291e-02   
     5.130163        1.455042e-02      0.000000e+00      0.000000e+00      1.455042e-02   
     5.373356        1.286967e-02      0.000000e+00      0.000000e+00      1.286967e-02   
     5.626327        1.137831e-02      0.000000e+00      0.000000e+00      1.137831e-02   
     5.888392        9.423087e-03      0.000000e+00      0.000000e+00      9.423087e-03   
     6.158845        7.090860e-03      0.000000e+00      0.000000e+00      7.090860e-03   
     6.436958        4.769031e-03      0.000000e+00      0.000000e+00      4.769031e-03   
     6.721980        2.824142e-03      0.000000e+00      0.000000e+00      2.824142e-03   
     7.013143        1.443372e-03      0.000000e+00      0.000000e+00      1.443372e-03   
     7.309662        6.194434e-04      0.000000e+00      0.000000e+00      6.194434e-04   
     7.610739        2.199105e-04      0.000000e+00      0.000000e+00      2.199105e-04   
     7.915560        7.628730e-05      0.000000e+00      0.000000e+00      7.628730e-05   
     8.223305        4.889415e-05      0.000000e+00      0.000000e+00      4.889415e-05   
     8.533144        5.267264e-05      0.000000e+00      0.000000e+00      5.267264e-05   
     8.844241        5.194601e-05      0.000000e+00      0.000000e+00      5.194601e-05   
     9.155759        4.120181e-05      0.000000e+00      0.000000e+00      4.120181e-05   
     9.466856        2.641259e-05      0.000000e+00      0.000000e+00      2.641259e-05   
     9.776695        1.374985e-05      0.000000e+00      0.000000e+00      1.374985e-05   
    10.084440        5.779975e-06      0.000000e+00      0.000000e+00      5.779975e-06   
    10.389261        2.040374e-06      0.000000e+00      0.000000e+00      2.040374e-06   
    10.690338        8.681122e-07      0.000000e+00      0.000000e+00      8.681122e-07   
    10.986857        7.530893e-07      0.000000e+00      0.000000e+00      7.530893e-07   
    11.278020        8.283625e-07      0.000000e+00      0.000000e+00      8.283625e-07   
    11.563042        7.889717e-07      0.000000e+00      0.000000e+00      7.889717e-07   
    11.841155        6.296297e-07      0.000000e+00      0.000000e+00      6.296297e-07   
    12.111608        4.318638e-07      0.000000e+00      0.000000e+00      4.318638e-07   
    12.373673        2.604456e-07      0.000000e+00      0.000000e+00      2.604456e-07   
    12.626644        1.402846e-07      0.000000e+00      0.000000e+00      1.402846e-07   
    12.869837        6.835937e-08      0.000000e+00      0.000000e+00      6.835937e-08   
    13.102598        3.077159e-08      0.000000e+00      0.000000e+00      3.077159e-08   
    13.324299        1.358119e-08      0.000000e+00      0.000000e+00      1.358119e-08   
    13.534343        6.856382e-09      0.000000e+00      0.000000e+00      6.856382e-09   
    13.732162        4.797843e-09      0.000000e+00      0.000000e+00      4.797843e-09   
    13.917225        4.501976e-09      0.000000e+00      0.000000e+00      4.501976e-09   
    14.089032        4.709819e-09      0.000000e+00      0.000000e+00      4.709819e-09   
    14.247120        4.962382e-09      0.000000e+00      0.000000e+00      4.962382e-09   
    14.391062        5.135388e-09      0.000000e+00      0.000000e+00      5.135388e-09   
    14.520471        5.224158e-09      0.000000e+00      0.000000e+00      5.224158e-09   
    14.634998        5.256112e-09      0.000000e+00      0.000000e+00      5.256112e-09   
    14.734334        5.257753e-09      0.000000e+00      0.000000e+00      5.257753e-09   
    14.818211        5.243739e-09      0.000000e+00      0.000000e+00      5.243739e-09   
    14.886403        5.222480e-09      0.000000e+00      0.000000e+00      5.222480e-09   
    14.938727        5.196639e-09      0.000000e+00      0.000000e+00      5.196639e-09   
    14.975043        5.188503e-09      0.000000e+00      0.000000e+00      5.188503e-09   
    14.995261        5.185959e-09      0.000000e+00      0.000000e+00      5.185959e-09   