#        q              total               1              \delta U         \delta U^2    

     0.000790        3.877084e+04      3.936943e+04     -6.537851e+02      5.519477e+01   
     0.004159        2.364296e+04      2.424141e+04     -6.536391e+02      5.519496e+01   
     0.010212        1.759538e+04      1.819372e+04     -6.535333e+02      5.519587e+01   
     0.018933        1.442756e+04      1.502589e+04     -6.535243e+02      5.519968e+01   
     0.030298        1.197731e+04      1.257554e+04     -6.534373e+02      5.520559e+01   
     0.044278        1.040092e+04      1.099897e+04     -6.532484e+02      5.520583e+01   
     0.060834        9.239445e+03      9.837081e+03     -6.528449e+02      5.520902e+01   
     0.079922        8.424552e+03      9.021523e+03     -6.521848e+02      5.521418e+01   
     0.101490        7.656437e+03      8.252336e+03     -6.511234e+02      5.522472e+01   
     0.125480        6.933914e+03      7.528161e+03     -6.494897e+02      5.524292e+01   
     0.151828        6.477399e+03      7.069714e+03     -6.475724e+02      5.525682e+01   
     0.180462        6.040476e+03      6.630268e+03     -6.450622e+02      5.527000e+01   
     0.211306        5.622945e+03      6.209421e+03     -6.417877e+02      5.531196e+01   
     0.244276        5.224565e+03      5.806769e+03     -6.375486e+02      5.534493e+01   
     0.279283        5.034004e+03      5.612141e+03     -6.335627e+02      5.542597e+01   
     0.316234        4.664412e+03      5.236030e+03     -6.271351e+02      5.551698e+01   
     0.355027        4.488738e+03      5.054446e+03     -6.213402e+02      5.563223e+01   
     0.395559        4.147866e+03      4.703970e+03     -6.118973e+02      5.579359e+01   
     0.437721        3.987254e+03      4.534977e+03     -6.037265e+02      5.600394e+01   
     0.481399        3.831897e+03      4.370081e+03     -5.944509e+02      5.626634e+01   
     0.526474        3.529673e+03      4.052378e+03     -5.792985e+02      5.659371e+01   
     0.572826        3.389338e+03      3.899470e+03     -5.671270e+02      5.699423e+01   
     0.620330        3.254165e+03      3.750458e+03     -5.537694e+02      5.747550e+01   
     0.668857        3.124074e+03      3.605292e+03     -5.392579e+02      5.804020e+01   
     0.718277        2.869401e+03      3.326293e+03     -5.155790e+02      5.868688e+01   
     0.768456        2.753460e+03      3.192361e+03     -4.983143e+02      5.941379e+01   
     0.819260        2.642171e+03      3.062073e+03     -4.801094e+02      6.020792e+01   
     0.870551        2.422703e+03      2.812228e+03     -4.505742e+02      6.104936e+01   
     0.922191        2.323917e+03      2.692571e+03     -4.305602e+02      6.190583e+01   
     0.974040        2.127859e+03      2.463536e+03     -3.984385e+02      6.276055e+01   
     1.025960        1.946001e+03      2.247872e+03     -3.654427e+02      6.357104e+01   
     1.077809        1.777138e+03      2.045177e+03     -3.323245e+02      6.428603e+01   
     1.129449        1.620149e+03      1.855048e+03     -2.997733e+02      6.487504e+01   
     1.180740        1.331544e+03      1.510880e+03     -2.446464e+02      6.531087e+01   
     1.231544        3.042213e+02      2.847791e+02     -4.610142e+01      6.554365e+01   
     1.281723        6.854422e+01      3.518584e+00     -5.241026e-01      6.554974e+01   
     1.331143        6.531259e+01      0.000000e+00      0.000000e+00      6.531259e+01   
     1.379670        6.481240e+01      0.000000e+00      0.000000e+00      6.481240e+01   
     1.427174        6.405993e+01      0.000000e+00      0.000000e+00      6.405993e+01   
     1.473526        6.306699e+01      0.000000e+00      0.000000e+00      6.306699e+01   
     1.518601        6.185722e+01      0.000000e+00      0.000000e+00      6.185722e+01   
     1.562279        6.045749e+01      0.000000e+00      0.000000e+00      6.045749e+01   
     1.604441        5.888885e+01      0.000000e+00      0.000000e+00      5.888885e+01   
     1.644973        5.719214e+01      0.000000e+00      0.000000e+00      5.719214e+01   
     1.683766        5.541356e+01      0.000000e+00      0.000000e+00      5.541356e+01   
     1.720717        5.359552e+01      0.000000e+00      0.000000e+00      5.359552e+01   
     1.755724        5.177042e+01      0.000000e+00      0.000000e+00      5.177042e+01   
     1.788694        4.996540e+01      0.000000e+00      0.000000e+00      4.996540e+01   
     1.819538        4.821743e+01      0.000000e+00      0.000000e+00      4.821743e+01   
     1.848172        4.655200e+01      0.000000e+00      0.000000e+00      4.655200e+01   
     1.874520        4.498996e+01      0.000000e+00      0.000000e+00      4.498996e+01   
     1.898510        4.354755e+01      0.000000e+00      0.000000e+00      4.354755e+01   
     1.920078        4.223883e+01      0.000000e+00      0.000000e+00      4.223883e+01   
     1.939166        4.107402e+01      0.000000e+00      0.000000e+00      4.107402e+01   
     1.955722        4.006183e+01      0.000000e+00      0.000000e+00      4.006183e+01   
     1.969702        3.920654e+01      0.000000e+00      0.000000e+00      3.920654e+01   
     1.981067        3.850906e+01      0.000000e+00      0.000000e+00      3.850906e+01   
     1.989788        3.797480e+01      0.000000e+00      0.000000e+00      3.797480e+01   
     1.995841        3.760649e+01      0.000000e+00      0.000000e+00      3.760649e+01   
     1.999210        3.740163e+01      0.000000e+00      0.000000e+00      3.740163e+01   
     2.003160        3.716104e+01      0.000000e+00      0.000000e+00      3.716104e+01   
     2.016638        3.633699e+01      0.000000e+00      0.000000e+00      3.633699e+01   
     2.040848        3.486941e+01      0.000000e+00      0.000000e+00      3.486941e+01   
     2.075731        3.277783e+01      0.000000e+00      0.000000e+00      3.277783e+01   
     2.121193        3.011487e+01      0.000000e+00      0.000000e+00      3.011487e+01   
     2.177111        2.696960e+01      0.000000e+00      0.000000e+00      2.696960e+01   
     2.243335        2.347882e+01      0.000000e+00      0.000000e+00      2.347882e+01   
     2.319686        1.981026e+01      0.000000e+00      0.000000e+00      1.981026e+01   
     2.405959        1.617991e+01      0.000000e+00      0.000000e+00      1.617991e+01   
     2.501920        1.278146e+01      0.000000e+00      0.000000e+00      1.278146e+01   
     2.607312        9.782874e+00      0.000000e+00      0.000000e+00      9.782874e+00   
     2.721850        7.280836e+00      0.000000e+00      0.000000e+00      7.280836e+00   
     2.845225        5.290863e+00      0.000000e+00      0.000000e+00      5.290863e+00   
     2.977105        3.767487e+00      0.000000e+00      0.000000e+00      3.767487e+00   
     3.117134        2.633013e+00      0.000000e+00      0.000000e+00      2.633013e+00   
     3.264935        1.804830e+00      0.000000e+00      0.000000e+00      1.804830e+00   
     3.420109        1.211068e+00      0.000000e+00      0.000000e+00      1.211068e+00   
     3.582238        7.934625e-01      0.000000e+00      0.000000e+00      7.934625e-01   
     3.750884        5.062885e-01      0.000000e+00      0.000000e+00      5.062885e-01   
     3.925594        3.138605e-01      0.000000e+00      0.000000e+00      3.138605e-01   
     4.105897        1.886066e-01      0.000000e+00      0.000000e+00      1.886066e-01   
     4.291305        1.096228e-01      0.000000e+00      0.000000e+00      1.096228e-01   
     4.481320        6.150914e-02      0.000000e+00      0.000000e+00      6.150914e-02   
     4.675429        3.324190e-02      0.000000e+00      0.000000e+00      3.324190e-02   
     4.873108        1.725346e-02      0.000000e+00      0.000000e+00      1.725346e-02   
     5.073826        8.573475e-03      0.000000e+00      0.000000e+00      8.573475e-03   
     5.277040        4.059557e-03      0.000000e+00      0.000000e+00      4.059557e-03   
     5.482203        1.819346e-03      0.000000e+00      0.000000e+00      1.819346e-03   
     5.688763        7.646034e-04      0.000000e+00      0.000000e+00      7.646034e-04   
     5.896161        2.978092e-04      0.000000e+00      0.000000e+00      2.978092e-04   
     6.103839        1.066009e-04      0.000000e+00      0.000000e+00      1.066009e-04   
     6.311237        3.607360e-05      0.000000e+00      0.000000e+00      3.607360e-05   
     6.517797        1.389848e-05      0.000000e+00      0.000000e+00      1.389848e-05   
     6.722960        8.683414e-06      0.000000e+00      0.000000e+00      8.683414e-06   
     6.926174        8.081293e-06      0.000000e+00      0.000000e+00      8.081293e-06   
     7.126892        7.954114e-06      0.000000e+00      0.000000e+00      7.954114e-06   
     7.324571        7.343188e-06      0.000000e+00      0.000000e+00      7.343188e-06   
     7.518680        6.313241e-06      0.000000e+00      0.000000e+00      6.313241e-06   
     7.708695        5.127651e-06      0.000000e+00      0.000000e+00      5.127651e-06   
     7.894103        3.993089e-06      0.000000e+00      0.000000e+00      3.993089e-06   
     8.074406        3.017595e-06      0.000000e+00      0.000000e+00      3.017595e-06   
     8.249116        2.234147e-06      0.000000e+00      0.000000e+00      2.234147e-06   
     8.417762        1.633020e-06      0.000000e+00      0.000000e+00      1.633020e-06   
     8.579891        1.185920e-06      0.000000e+00      0.000000e+00      1.185920e-06   
     8.735065        8.601939e-07      0.000000e+00      0.000000e+00      8.601939e-07   
     8.882866        6.260297e-07      0.000000e+00      0.000000e+00      6.260297e-07   
     9.022895        4.589459e-07      0.000000e+00      0.000000e+00      4.589459e-07   
     9.154775        3.400924e-07      0.000000e+00      0.000000e+00      3.400924e-07   
     9.278150        2.556060e-07      0.000000e+00      0.000000e+00      2.556060e-07   
     9.392688        1.954749e-07      0.000000e+00      0.000000e+00      1.954749e-07   
     9.498080        1.525506e-07      0.000000e+00      0.000000e+00      1.525506e-07   
     9.594041        1.218456e-07      0.000000e+00      0.000000e+00      1.218456e-07   
     9.680314        9.988671e-08      0.000000e+00      0.000000e+00      9.988671e-08   
     9.756665        8.418788e-08      0.000000e+00      0.000000e+00      8.418788e-08   
     9.822889        7.294636e-08      0.000000e+00      0.000000e+00      7.294636e-08   
     9.878807        6.487416e-08      0.000000e+00      0.000000e+00      6.487416e-08   
     9.924269        5.912558e-08      0.000000e+00      0.000000e+00      5.912558e-08   
     9.959152        5.515245e-08      0.000000e+00      0.000000e+00      5.515245e-08   
     9.983362        5.270895e-08      0.000000e+00      0.000000e+00      5.270895e-08   
     9.996840        5.150615e-08      0.000000e+00      0.000000e+00      5.150615e-08   