#        q              total               1              \delta U         \delta U^2    

     0.001185        5.452313e+03      5.454202e+03     -2.028731e+00      1.399046e-01   
     0.006239        5.452313e+03      5.454202e+03     -2.029298e+00      1.399016e-01   
     0.015318        5.452313e+03      5.454202e+03     -2.029267e+00      1.398691e-01   
     0.028399        3.601712e+03      3.603600e+03     -2.028044e+00      1.397602e-01   
     0.045447        2.270665e+03      2.272550e+03     -2.024804e+00      1.396739e-01   
     0.066417        1.548901e+03      1.550780e+03     -2.018780e+00      1.395136e-01   
     0.091251        1.052224e+03      1.054092e+03     -2.007378e+00      1.392537e-01   
     0.119882        7.589079e+02      7.607600e+02     -1.990927e+00      1.388580e-01   
     0.152235        5.430905e+02      5.449180e+02     -1.965785e+00      1.383035e-01   
     0.188220        4.004246e+02      4.022200e+02     -1.932974e+00      1.375601e-01   
     0.227742        2.966987e+02      2.984520e+02     -1.889904e+00      1.366179e-01   
     0.270694        2.220886e+02      2.237900e+02     -1.836873e+00      1.354795e-01   
     0.316959        1.611179e+02      1.627500e+02     -1.766289e+00      1.341670e-01   
     0.366414        1.251639e+02      1.267300e+02     -1.698792e+00      1.327312e-01   
     0.418925        9.497474e+01      9.646000e+01     -1.616511e+00      1.312490e-01   
     0.474351        7.464422e+01      7.604800e+01     -1.533612e+00      1.298276e-01   
     0.532541        5.743385e+01      5.874000e+01     -1.434738e+00      1.285894e-01   
     0.593339        4.642697e+01      4.764200e+01     -1.342707e+00      1.276727e-01   
     0.656582        3.994033e+01      4.108000e+01     -1.266882e+00      1.272103e-01   
     0.722098        3.138655e+01      3.241200e+01     -1.152757e+00      1.273043e-01   
     0.789711        2.643624e+01      2.737000e+01     -1.061752e+00      1.279959e-01   
     0.859239        2.003440e+01      2.083200e+01     -9.268940e-01      1.292934e-01   
     0.930495        1.641641e+01      1.711000e+01     -8.246800e-01      1.310934e-01   
     1.003286        1.327252e+01      1.386000e+01     -7.206617e-01      1.331826e-01   
     1.077416        1.056833e+01      1.105000e+01     -6.169245e-01      1.352543e-01   
     1.152685        8.269274e+00      8.648000e+00     -5.157473e-01      1.370215e-01   
     1.228890        6.340626e+00      6.622000e+00     -4.194858e-01      1.381120e-01   
     1.305826        4.747774e+00      4.940000e+00     -3.303828e-01      1.381565e-01   
     1.383286        2.910993e+00      2.992000e+00     -2.179091e-01      1.369016e-01   
     1.461060        2.010806e+00      2.030000e+00     -1.534566e-01      1.342631e-01   
     1.538940        1.061132e+00      1.012000e+00     -8.104706e-02      1.301794e-01   
     1.616714        4.987775e-01      4.080000e-01     -3.397035e-02      1.247479e-01   
     1.694174        1.437364e-01      2.800000e-02     -2.428355e-03      1.181648e-01   
     1.771110        1.106556e-01      0.000000e+00      0.000000e+00      1.106556e-01   
     1.847315        1.025062e-01      0.000000e+00      0.000000e+00      1.025062e-01   
     1.922584        9.402933e-02      0.000000e+00      0.000000e+00      9.402933e-02   
     1.996714        8.550723e-02      0.000000e+00      0.000000e+00      8.550723e-02   
     2.069505        7.718604e-02      0.000000e+00      0.000000e+00      7.718604e-02   
     2.140761        6.924906e-02      0.000000e+00      0.000000e+00      6.924906e-02   
     2.210289        6.183061e-02      0.000000e+00      0.000000e+00      6.183061e-02   
     2.277902        5.502812e-02      0.000000e+00      0.000000e+00      5.502812e-02   
     2.343418        4.889107e-02      0.000000e+00      0.000000e+00      4.889107e-02   
     2.406661        4.344465e-02      0.000000e+00      0.000000e+00      4.344465e-02   
     2.467459        3.866402e-02      0.000000e+00      0.000000e+00      3.866402e-02   
     2.525649        3.450350e-02      0.000000e+00      0.000000e+00      3.450350e-02   
     2.581075        3.091038e-02      0.000000e+00      0.000000e+00      3.091038e-02   
     2.633586        2.782727e-02      0.000000e+00      0.000000e+00      2.782727e-02   
     2.683041        2.520202e-02      0.000000e+00      0.000000e+00      2.520202e-02   
     2.729306        2.297341e-02      0.000000e+00      0.000000e+00      2.297341e-02   
     2.772258        2.108694e-02      0.000000e+00      0.000000e+00      2.108694e-02   
     2.811780        1.949768e-02      0.000000e+00      0.000000e+00      1.949768e-02   
     2.847765        1.816662e-02      0.000000e+00      0.000000e+00      1.816662e-02   
     2.880118        1.705549e-02      0.000000e+00      0.000000e+00      1.705549e-02   
     2.908749        1.613833e-02      0.000000e+00      0.000000e+00      1.613833e-02   
     2.933583        1.538836e-02      0.000000e+00      0.000000e+00      1.538836e-02   
     2.954553        1.478802e-02      0.000000e+00      0.000000e+00      1.478802e-02   
     2.971601        1.432000e-02      0.000000e+00      0.000000e+00      1.432000e-02   
     2.984682        1.397312e-02      0.000000e+00      0.000000e+00      1.397312e-02   
     2.993761        1.373873e-02      0.000000e+00      0.000000e+00      1.373873e-02   
     2.998815        1.361029e-02      0.000000e+00      0.000000e+00      1.361029e-02   
     3.004739        1.346148e-02      0.000000e+00      0.000000e+00      1.346148e-02   
     3.024957        1.296795e-02      0.000000e+00      0.000000e+00      1.296795e-02   
     3.061273        1.213653e-02      0.000000e+00      0.000000e+00      1.213653e-02   
     3.113597        1.105167e-02      0.000000e+00      0.000000e+00      1.105167e-02   
     3.181789        9.816104e-03      0.000000e+00      0.000000e+00      9.816104e-03   
     3.265666        8.532083e-03      0.000000e+00      0.000000e+00      8.532083e-03   
     3.365002        7.284095e-03      0.000000e+00      0.000000e+00      7.284095e-03   
     3.479529        6.128347e-03      0.000000e+00      0.000000e+00      6.128347e-03   
     3.608938        5.098998e-03      0.000000e+00      0.000000e+00      5.098998e-03   
     3.752880        4.206552e-03      0.000000e+00      0.000000e+00      4.206552e-03   
     3.910968        3.445787e-03      0.000000e+00      0.000000e+00      3.445787e-03   
     4.082775        2.801782e-03      0.000000e+00      0.000000e+00      2.801782e-03   
     4.267838        2.256518e-03      0.000000e+00      0.000000e+00      2.256518e-03   
     4.465657        1.792928e-03      0.000000e+00      0.000000e+00      1.792928e-03   
     4.675701        1.397562e-03      0.000000e+00      0.000000e+00      1.397562e-03   
     4.897402        1.061539e-03      0.000000e+00      0.000000e+00      1.061539e-03   
     5.130163        7.799315e-04      0.000000e+00      0.000000e+00      7.799315e-04   
     5.373356        5.501592e-04      0.000000e+00      0.000000e+00      5.501592e-04   
     5.626327        3.699155e-04      0.000000e+00      0.000000e+00      3.699155e-04   
     5.888392        2.354787e-04      0.000000e+00      0.000000e+00      2.354787e-04   
     6.158845        1.410009e-04      0.000000e+00      0.000000e+00      1.410009e-04   
     6.436958        7.888837e-05      0.000000e+00      0.000000e+00      7.888837e-05   
     6.721980        4.091896e-05      0.000000e+00      0.000000e+00      4.091896e-05   
     7.013143        1.947027e-05      0.000000e+00      0.000000e+00      1.947027e-05   
     7.309662        8.369064e-06      0.000000e+00      0.000000e+00      8.369064e-06   
     7.610739        3.183124e-06      0.000000e+00      0.000000e+00      3.183124e-06   
     7.915560        1.062267e-06      0.000000e+00      0.000000e+00      1.062267e-06   
     8.223305        3.563845e-07      0.000000e+00      0.000000e+00      3.563845e-07   
     8.533144        2.077303e-07      0.000000e+00      0.000000e+00      2.077303e-07   
     8.844241        2.225678e-07      0.000000e+00      0.000000e+00      2.225678e-07   
     9.155759        2.495953e-07      0.000000e+00      0.000000e+00      2.495953e-07   
     9.466856        2.486301e-07      0.000000e+00      0.000000e+00      2.486301e-07   
     9.776695        2.217117e-07      0.000000e+00      0.000000e+00      2.217117e-07   
    10.084440        1.814481e-07      0.000000e+00      0.000000e+00      1.814481e-07   
    10.389261        1.389821e-07      0.000000e+00      0.000000e+00      1.389821e-07   
    10.690338        1.010307e-07      0.000000e+00      0.000000e+00      1.010307e-07   
    10.986857        7.040045e-08      0.000000e+00      0.000000e+00      7.040045e-08   
    11.278020        4.737725e-08      0.000000e+00      0.000000e+00      4.737725e-08   
    11.563042        3.097413e-08      0.000000e+00      0.000000e+00      3.097413e-08   
    11.841155        1.977125e-08      0.000000e+00      0.000000e+00      1.977125e-08   
    12.111608        1.237923e-08      0.000000e+00      0.000000e+00      1.237923e-08   
    12.373673        7.639867e-09      0.000000e+00      0.000000e+00      7.639867e-09   
    12.626644        4.674217e-09      0.000000e+00      0.000000e+00      4.674217e-09   
    12.869837        2.856485e-09      0.000000e+00      0.000000e+00      2.856485e-09   
    13.102598        1.761851e-09      0.000000e+00      0.000000e+00      1.761851e-09   
    13.324299        1.112295e-09      0.000000e+00      0.000000e+00      1.112295e-09   
    13.534343        7.312729e-10      0.000000e+00      0.000000e+00      7.312729e-10   
    13.732162        5.094839e-10      0.000000e+00      0.000000e+00      5.094839e-10   
    13.917225        3.807062e-10      0.000000e+00      0.000000e+00      3.807062e-10   
    14.089032        3.056094e-10      0.000000e+00      0.000000e+00      3.056094e-10   
    14.247120        2.612771e-10      0.000000e+00      0.000000e+00      2.612771e-10   
    14.391062        2.345383e-10      0.000000e+00      0.000000e+00      2.345383e-10   
    14.520471        2.179411e-10      0.000000e+00      0.000000e+00      2.179411e-10   
    14.634998        2.073522e-10      0.000000e+00      0.000000e+00      2.073522e-10   
    14.734334        2.004541e-10      0.000000e+00      0.000000e+00      2.004541e-10   
    14.818211        1.958775e-10      0.000000e+00      0.000000e+00      1.958775e-10   
    14.886403        1.927801e-10      0.000000e+00      0.000000e+00      1.927801e-10   
    14.938727        1.906304e-10      0.000000e+00      0.000000e+00      1.906304e-10   
    14.975043        1.891797e-10      0.000000e+00      0.000000e+00      1.891797e-10   
    14.995261        1.885250e-10      0.000000e+00      0.000000e+00      1.885250e-10   