#        q              total               1              \delta U         \delta U^2    

     0.001185        5.119757e+07      5.120186e+07     -4.523028e+03      2.319518e+02   
     0.006239        1.803260e+07      1.803509e+07     -2.557180e+03      6.683673e+01   
     0.015318        7.601327e+06      7.602935e+06     -1.637190e+03      2.953828e+01   
     0.028399        4.307019e+06      4.308224e+06     -1.223134e+03      1.884403e+01   
     0.045447        2.525548e+06      2.526465e+06     -9.318557e+02      1.509022e+01   
     0.066417        1.405625e+06      1.406303e+06     -6.922310e+02      1.370953e+01   
     0.091251        9.188743e+05      9.194182e+05     -5.570509e+02      1.311298e+01   
     0.119882        6.541346e+05      6.545890e+05     -4.671076e+02      1.270244e+01   
     0.152235        4.562564e+05      4.566309e+05     -3.868299e+02      1.227098e+01   
     0.188220        3.109900e+05      3.112940e+05     -3.157366e+02      1.174342e+01   
     0.227742        2.374387e+05      2.376993e+05     -2.717399e+02      1.108783e+01   
     0.270694        1.789920e+05      1.792131e+05     -2.313868e+02      1.029442e+01   
     0.316959        1.330596e+05      1.332449e+05     -1.946878e+02      9.369380e+00   
     0.366414        9.739962e+04      9.755295e+04     -1.616605e+02      8.336062e+00   
     0.418925        7.008590e+04      7.021098e+04     -1.323071e+02      7.235496e+00   
     0.474351        5.903759e+04      5.914790e+04     -1.164342e+02      6.127142e+00   
     0.532541        4.124579e+04      4.133346e+04     -9.275947e+01      5.085401e+00   
     0.593339        3.418923e+04      3.426507e+04     -8.004072e+01      4.194085e+00   
     0.656582        2.305629e+04      2.311478e+04     -6.202033e+01      3.535657e+00   
     0.722098        1.512349e+04      1.516758e+04     -4.726058e+01      3.177846e+00   
     0.789711        1.210772e+04      1.214432e+04     -3.975771e+01      3.156601e+00   
     0.859239        7.556875e+03      7.583014e+03     -2.959989e+01      3.460777e+00   
     0.930495        4.530867e+03      4.548553e+03     -2.170753e+01      4.021619e+00   
     1.003286        2.590493e+03      2.601438e+03     -1.565845e+01      4.713276e+00   
     1.077416        1.399064e+03      1.404762e+03     -1.106753e+01      5.369025e+00   
     1.152685        7.050294e+02      7.068266e+02     -7.610956e+00      5.813749e+00   
     1.228890        2.136879e+02      2.118447e+02     -4.063695e+00      5.906920e+00   
     1.305826        1.773596e+01      1.314347e+01     -9.905101e-01      5.583002e+00   
     1.383286        4.873179e+00      0.000000e+00      0.000000e+00      4.873179e+00   
     1.461060        3.896912e+00      0.000000e+00      0.000000e+00      3.896912e+00   
     1.538940        2.824204e+00      0.000000e+00      0.000000e+00      2.824204e+00   
     1.616714        1.823432e+00      0.000000e+00      0.000000e+00      1.823432e+00   
     1.694174        1.016457e+00      0.000000e+00      0.000000e+00      1.016457e+00   
     1.771110        4.574963e-01      0.000000e+00      0.000000e+00      4.574963e-01   
     1.847315        1.387775e-01      0.000000e+00      0.000000e+00      1.387775e-01   
     1.922584        1.332429e-02      0.000000e+00      0.000000e+00      1.332429e-02   
     1.996714        2.075209e-02      0.000000e+00      0.000000e+00      2.075209e-02   
     2.069505        1.058797e-01      0.000000e+00      0.000000e+00      1.058797e-01   
     2.140761        2.272147e-01      0.000000e+00      0.000000e+00      2.272147e-01   
     2.210289        3.577061e-01      0.000000e+00      0.000000e+00      3.577061e-01   
     2.277902        4.817574e-01      0.000000e+00      0.000000e+00      4.817574e-01   
     2.343418        5.915273e-01      0.000000e+00      0.000000e+00      5.915273e-01   
     2.406661        6.839310e-01      0.000000e+00      0.000000e+00      6.839310e-01   
     2.467459        7.586174e-01      0.000000e+00      0.000000e+00      7.586174e-01   
     2.525649        8.167204e-01      0.000000e+00      0.000000e+00      8.167204e-01   
     2.581075        8.601118e-01      0.000000e+00      0.000000e+00      8.601118e-01   
     2.633586        8.909557e-01      0.000000e+00      0.000000e+00      8.909557e-01   
     2.683041        9.114450e-01      0.000000e+00      0.000000e+00      9.114450e-01   
     2.729306        9.236496e-01      0.000000e+00      0.000000e+00      9.236496e-01   
     2.772258        9.294383e-01      0.000000e+00      0.000000e+00      9.294383e-01   
     2.811780        9.304452e-01      0.000000e+00      0.000000e+00      9.304452e-01   
     2.847765        9.280655e-01      0.000000e+00      0.000000e+00      9.280655e-01   
     2.880118        9.234673e-01      0.000000e+00      0.000000e+00      9.234673e-01   
     2.908749        9.176117e-01      0.000000e+00      0.000000e+00      9.176117e-01   
     2.933583        9.112770e-01      0.000000e+00      0.000000e+00      9.112770e-01   
     2.954553        9.050825e-01      0.000000e+00      0.000000e+00      9.050825e-01   
     2.971601        8.995105e-01      0.000000e+00      0.000000e+00      8.995105e-01   
     2.984682        8.949262e-01      0.000000e+00      0.000000e+00      8.949262e-01   
     2.993761        8.915932e-01      0.000000e+00      0.000000e+00      8.915932e-01   
     2.998815        8.896856e-01      0.000000e+00      0.000000e+00      8.896856e-01   
     3.004739        8.874033e-01      0.000000e+00      0.000000e+00      8.874033e-01   
     3.024957        8.792503e-01      0.000000e+00      0.000000e+00      8.792503e-01   
     3.061273        8.632902e-01      0.000000e+00      0.000000e+00      8.632902e-01   
     3.113597        8.376967e-01      0.000000e+00      0.000000e+00      8.376967e-01   
     3.181789        8.006237e-01      0.000000e+00      0.000000e+00      8.006237e-01   
     3.265666        7.508610e-01      0.000000e+00      0.000000e+00      7.508610e-01   
     3.365002        6.884095e-01      0.000000e+00      0.000000e+00      6.884095e-01   
     3.479529        6.148136e-01      0.000000e+00      0.000000e+00      6.148136e-01   
     3.608938        5.331438e-01      0.000000e+00      0.000000e+00      5.331438e-01   
     3.752880        4.476183e-01      0.000000e+00      0.000000e+00      4.476183e-01   
     3.910968        3.629548e-01      0.000000e+00      0.000000e+00      3.629548e-01   
     4.082775        2.836216e-01      0.000000e+00      0.000000e+00      2.836216e-01   
     4.267838        2.131776e-01      0.000000e+00      0.000000e+00      2.131776e-01   
     4.465657        1.538536e-01      0.000000e+00      0.000000e+00      1.538536e-01   
     4.675701        1.064420e-01      0.000000e+00      0.000000e+00      1.064420e-01   
     4.897402        7.046882e-02      0.000000e+00      0.000000e+00      7.046882e-02   
     5.130163        4.455322e-02      0.000000e+00      0.000000e+00      4.455322e-02   
     5.373356        2.683118e-02      0.000000e+00      0.000000e+00      2.683118e-02   
     5.626327        1.533709e-02      0.000000e+00      0.000000e+00      1.533709e-02   
     5.888392        8.278524e-03      0.000000e+00      0.000000e+00      8.278524e-03   
     6.158845        4.186498e-03      0.000000e+00      0.000000e+00      4.186498e-03   
     6.436958        1.958534e-03      0.000000e+00      0.000000e+00      1.958534e-03   
     6.721980        8.293290e-04      0.000000e+00      0.000000e+00      8.293290e-04   
     7.013143        3.050147e-04      0.000000e+00      0.000000e+00      3.050147e-04   
     7.309662        8.893406e-05      0.000000e+00      0.000000e+00      8.893406e-05   
     7.610739        1.565241e-05      0.000000e+00      0.000000e+00      1.565241e-05   
     7.915560        2.224461e-07      0.000000e+00      0.000000e+00      2.224461e-07   
     8.223305        3.220137e-06      0.000000e+00      0.000000e+00      3.220137e-06   
     8.533144        8.809195e-06      0.000000e+00      0.000000e+00      8.809195e-06   
     8.844241        1.214929e-05      0.000000e+00      0.000000e+00      1.214929e-05   
     9.155759        1.280835e-05      0.000000e+00      0.000000e+00      1.280835e-05   
     9.466856        1.167326e-05      0.000000e+00      0.000000e+00      1.167326e-05   
     9.776695        9.708327e-06      0.000000e+00      0.000000e+00      9.708327e-06   
    10.084440        7.586062e-06      0.000000e+00      0.000000e+00      7.586062e-06   
    10.389261        5.669972e-06      0.000000e+00      0.000000e+00      5.669972e-06   
    10.690338        4.102681e-06      0.000000e+00      0.000000e+00      4.102681e-06   
    10.986857        2.898994e-06      0.000000e+00      0.000000e+00      2.898994e-06   
    11.278020        2.013665e-06      0.000000e+00      0.000000e+00      2.013665e-06   
    11.563042        1.382173e-06      0.000000e+00      0.000000e+00      1.382173e-06   
    11.841155        9.415400e-07      0.000000e+00      0.000000e+00      9.415400e-07   
    12.111608        6.388351e-07      0.000000e+00      0.000000e+00      6.388351e-07   
    12.373673        4.330789e-07      0.000000e+00      0.000000e+00      4.330789e-07   
    12.626644        2.941465e-07      0.000000e+00      0.000000e+00      2.941465e-07   
    12.869837        2.006516e-07      0.000000e+00      0.000000e+00      2.006516e-07   
    13.102598        1.377755e-07      0.000000e+00      0.000000e+00      1.377755e-07   
    13.324299        9.542212e-08      0.000000e+00      0.000000e+00      9.542212e-08   
    13.534343        6.679152e-08      0.000000e+00      0.000000e+00      6.679152e-08   
    13.732162        4.733760e-08      0.000000e+00      0.000000e+00      4.733760e-08   
    13.917225        3.403365e-08      0.000000e+00      0.000000e+00      3.403365e-08   
    14.089032        2.486769e-08      0.000000e+00      0.000000e+00      2.486769e-08   
    14.247120        1.850161e-08      0.000000e+00      0.000000e+00      1.850161e-08   
    14.391062        1.404359e-08      0.000000e+00      0.000000e+00      1.404359e-08   
    14.520471        1.089725e-08      0.000000e+00      0.000000e+00      1.089725e-08   
    14.634998        8.662167e-09      0.000000e+00      0.000000e+00      8.662167e-09   
    14.734334        7.068381e-09      0.000000e+00      0.000000e+00      7.068381e-09   
    14.818211        5.933375e-09      0.000000e+00      0.000000e+00      5.933375e-09   
    14.886403        5.133766e-09      0.000000e+00      0.000000e+00      5.133766e-09   
    14.938727        4.586768e-09      0.000000e+00      0.000000e+00      4.586768e-09   
    14.975043        4.238123e-09      0.000000e+00      0.000000e+00      4.238123e-09   
    14.995261        4.054352e-09      0.000000e+00      0.000000e+00      4.054352e-09   