Wood-Saxon orbitals: potentials
        r              vc_p             vls_p            vc_n             vls_n             vem 
 0.16666667E+00  -0.57322445E+02  -0.41330785E+01  -0.57322445E+02  -0.41224230E+01   0.47018419E+01
 0.33333333E+00  -0.57127067E+02  -0.26068714E+01  -0.57127067E+02  -0.26001506E+01   0.46891774E+01
 0.50000000E+00  -0.56881075E+02  -0.21889476E+01  -0.56881075E+02  -0.21833043E+01   0.46680699E+01
 0.66666667E+00  -0.56571984E+02  -0.20637697E+01  -0.56571984E+02  -0.20584490E+01   0.46385194E+01
 0.83333333E+00  -0.56184603E+02  -0.20704127E+01  -0.56184603E+02  -0.20650749E+01   0.46005259E+01
 0.10000000E+01  -0.55700653E+02  -0.21570177E+01  -0.55700653E+02  -0.21514567E+01   0.45540893E+01
 0.11666667E+01  -0.55098473E+02  -0.23026369E+01  -0.55098473E+02  -0.22967004E+01   0.44992098E+01
 0.13333333E+01  -0.54352897E+02  -0.24973863E+01  -0.54352897E+02  -0.24909477E+01   0.44358873E+01
 0.15000000E+01  -0.53435441E+02  -0.27354256E+01  -0.53435441E+02  -0.27283733E+01   0.43641218E+01
 0.16666667E+01  -0.52314991E+02  -0.30116538E+01  -0.52314991E+02  -0.30038894E+01   0.42839132E+01
 0.18333333E+01  -0.50959211E+02  -0.33196567E+01  -0.50959211E+02  -0.33110982E+01   0.41952617E+01
 0.20000000E+01  -0.49336885E+02  -0.36501541E+01  -0.49336885E+02  -0.36407436E+01   0.40981671E+01
 0.21666667E+01  -0.47421339E+02  -0.39898071E+01  -0.47421339E+02  -0.39795209E+01   0.39926296E+01
 0.23333333E+01  -0.45194885E+02  -0.43205425E+01  -0.45194885E+02  -0.43094036E+01   0.38786490E+01
 0.25000000E+01  -0.42653901E+02  -0.46197355E+01  -0.42653901E+02  -0.46078253E+01   0.37562255E+01
 0.26666667E+01  -0.39813701E+02  -0.48616268E+01  -0.39813701E+02  -0.48490930E+01   0.36253589E+01
 0.28333333E+01  -0.36711990E+02  -0.50201781E+01  -0.36711990E+02  -0.50072355E+01   0.34860493E+01
 0.30000000E+01  -0.33409495E+02  -0.50731397E+01  -0.33409495E+02  -0.50600605E+01   0.33382968E+01
 0.31666667E+01  -0.29986802E+02  -0.50065093E+01  -0.29986802E+02  -0.49936019E+01   0.31821012E+01
 0.33333333E+01  -0.26537288E+02  -0.48180794E+01  -0.26537288E+02  -0.48056578E+01   0.30239269E+01
 0.35000000E+01  -0.23157273E+02  -0.45187605E+01  -0.23157273E+02  -0.45071106E+01   0.28799303E+01
 0.36666667E+01  -0.19935514E+02  -0.41310048E+01  -0.19935514E+02  -0.41203546E+01   0.27490244E+01
 0.38333333E+01  -0.16944387E+02  -0.36847102E+01  -0.16944387E+02  -0.36752106E+01   0.26295016E+01
 0.40000000E+01  -0.14234490E+02  -0.32119069E+01  -0.14234490E+02  -0.32036262E+01   0.25199391E+01
 0.41666667E+01  -0.11833255E+02  -0.27418221E+01  -0.11833255E+02  -0.27347534E+01   0.24191415E+01
 0.43333333E+01  -0.97470008E+01  -0.22975107E+01  -0.97470008E+01  -0.22915875E+01   0.23260976E+01
 0.45000000E+01  -0.79651868E+01  -0.18944600E+01  -0.79651868E+01  -0.18895759E+01   0.22399458E+01
 0.46666667E+01  -0.64655102E+01  -0.15408810E+01  -0.64655102E+01  -0.15369084E+01   0.21599478E+01
 0.48333333E+01  -0.52187763E+01  -0.12390450E+01  -0.52187763E+01  -0.12358506E+01   0.20854668E+01
 0.50000000E+01  -0.41929115E+01  -0.98701122E+00  -0.41929115E+01  -0.98446659E+00   0.20159512E+01
 0.51666667E+01  -0.33558962E+01  -0.78027514E+00  -0.33558962E+01  -0.77826350E+00   0.19509206E+01
 0.53333333E+01  -0.26776654E+01  -0.61309331E+00  -0.26776654E+01  -0.61151269E+00   0.18899543E+01
 0.55000000E+01  -0.21311660E+01  -0.47941904E+00  -0.21311660E+01  -0.47818305E+00   0.18326829E+01
 0.56666667E+01  -0.16927955E+01  -0.37348637E+00  -0.16927955E+01  -0.37252348E+00   0.17787805E+01
 0.58333333E+01  -0.13424314E+01  -0.29012274E+00  -0.13424314E+01  -0.28937477E+00   0.17279582E+01
 0.60000000E+01  -0.10632157E+01  -0.22487498E+00  -0.10632157E+01  -0.22429523E+00   0.16799594E+01
 0.61666667E+01  -0.84121340E+00  -0.17401926E+00  -0.84121340E+00  -0.17357062E+00   0.16345551E+01
 0.63333333E+01  -0.66502494E+00  -0.13450699E+00  -0.66502494E+00  -0.13416021E+00   0.15915405E+01
 0.65000000E+01  -0.52539955E+00  -0.10388132E+00  -0.52539955E+00  -0.10361350E+00   0.15507317E+01
 0.66666667E+01  -0.41487732E+00  -0.80185503E-01  -0.41487732E+00  -0.79978776E-01   0.15119634E+01
 0.68333333E+01  -0.32747206E+00  -0.61874857E-01  -0.32747206E+00  -0.61715337E-01   0.14750863E+01
 0.70000000E+01  -0.25839856E+00  -0.47738135E-01  -0.25839856E+00  -0.47615061E-01   0.14399652E+01
 0.71666667E+01  -0.20384325E+00  -0.36830334E-01  -0.20384325E+00  -0.36735381E-01   0.14064776E+01
 0.73333333E+01  -0.16077409E+00  -0.28416957E-01  -0.16077409E+00  -0.28343695E-01   0.13745122E+01
 0.75000000E+01  -0.12678489E+00  -0.21928726E-01  -0.12678489E+00  -0.21872191E-01   0.13439675E+01
 0.76666667E+01  -0.99968922E-01  -0.16925328E-01  -0.99968922E-01  -0.16881693E-01   0.13147508E+01
 0.78333333E+01  -0.78817022E-01  -0.13066708E-01  -0.78817022E-01  -0.13033020E-01   0.12867774E+01
 0.80000000E+01  -0.62135743E-01  -0.10090509E-01  -0.62135743E-01  -0.10064494E-01   0.12599695E+01
 0.81666667E+01  -0.48982002E-01  -0.77944656E-02  -0.48982002E-01  -0.77743706E-02   0.12342559E+01
 0.83333333E+01  -0.38610971E-01  -0.60227040E-02  -0.38610971E-01  -0.60071768E-02   0.12095707E+01
 0.85000000E+01  -0.30434661E-01  -0.46551298E-02  -0.30434661E-01  -0.46431284E-02   0.11858537E+01
 0.86666667E+01  -0.23989061E-01  -0.35992218E-02  -0.23989061E-01  -0.35899426E-02   0.11630488E+01
 0.88333333E+01  -0.18908097E-01  -0.27836975E-02  -0.18908097E-01  -0.27765208E-02   0.11411045E+01
 0.90000000E+01  -0.14903022E-01  -0.21536304E-02  -0.14903022E-01  -0.21480781E-02   0.11199729E+01
 0.91666667E+01  -0.11746122E-01  -0.16666881E-02  -0.11746122E-01  -0.16623912E-02   0.10996098E+01
 0.93333333E+01  -0.92578402E-02  -0.12902365E-02  -0.92578402E-02  -0.12869101E-02   0.10799739E+01
 0.95000000E+01  -0.72966061E-02  -0.99911056E-03  -0.72966061E-02  -0.99653474E-03   0.10610270E+01
 0.96666667E+01  -0.57508100E-02  -0.77389877E-03  -0.57508100E-02  -0.77190357E-03   0.10427334E+01
 0.98333333E+01  -0.45324674E-02  -0.59962278E-03  -0.45324674E-02  -0.59807688E-03   0.10250600E+01
 0.10000000E+02  -0.35722218E-02  -0.46472103E-03  -0.35722218E-02  -0.46352293E-03   0.10079756E+01
 0.10166667E+02  -0.28154034E-02  -0.36026628E-03  -0.28154034E-02  -0.35933747E-03   0.99145143E+00
 0.10333333E+02  -0.22189200E-02  -0.27936295E-03  -0.22189200E-02  -0.27864272E-03   0.97546028E+00
 0.10500000E+02  -0.17488063E-02  -0.21668296E-03  -0.17488063E-02  -0.21612433E-03   0.95997678E+00
 0.10666667E+02  -0.13782914E-02  -0.16810801E-03  -0.13782914E-02  -0.16767461E-03   0.94497714E+00
 0.10833333E+02  -0.10862750E-02  -0.13045379E-03  -0.10862750E-02  -0.13011747E-03   0.93043903E+00
 0.11000000E+02  -0.85612672E-03  -0.10125739E-03  -0.85612672E-03  -0.10099634E-03   0.91634147E+00
 0.11166667E+02  -0.67473923E-03  -0.78613225E-04  -0.67473923E-03  -0.78410551E-04   0.90266474E+00
 0.11333333E+02  -0.53178194E-03  -0.61046472E-04  -0.53178194E-03  -0.60889087E-04   0.88939025E+00
 0.11500000E+02  -0.41911285E-03  -0.47415346E-04  -0.41911285E-03  -0.47293104E-04   0.87650054E+00
 0.11666667E+02  -0.33031492E-03  -0.36835629E-04  -0.33031492E-03  -0.36740662E-04   0.86397910E+00
 0.11833333E+02  -0.26033063E-03  -0.28622368E-04  -0.26033063E-03  -0.28548576E-04   0.85181038E+00
 0.12000000E+02  -0.20517396E-03  -0.22244822E-04  -0.20517396E-03  -0.22187472E-04   0.83997968E+00
 0.12166667E+02  -0.16170338E-03  -0.17291628E-04  -0.16170338E-03  -0.17247048E-04   0.82847311E+00
 0.12333333E+02  -0.12744298E-03  -0.13443866E-04  -0.12744298E-03  -0.13409206E-04   0.81727753E+00
 0.12500000E+02  -0.10044138E-03  -0.10454221E-04  -0.10044138E-03  -0.10427269E-04   0.80638050E+00
 0.12666667E+02  -0.79160655E-04  -0.81308559E-05  -0.79160655E-04  -0.81098936E-05   0.79577023E+00
 0.12833333E+02  -0.62388718E-04  -0.63249337E-05  -0.62388718E-04  -0.63086273E-05   0.78543555E+00
 0.13000000E+02  -0.49170283E-04  -0.49209493E-05  -0.49170283E-04  -0.49082625E-05   0.77536586E+00
 0.13166667E+02  -0.38752466E-04  -0.38292448E-05  -0.38752466E-04  -0.38193726E-05   0.76555110E+00
 0.13333333E+02  -0.30541893E-04  -0.29802105E-05  -0.30541893E-04  -0.29725271E-05   0.75598172E+00
 0.13500000E+02  -0.24070912E-04  -0.23197894E-05  -0.24070912E-04  -0.23138088E-05   0.74664861E+00
 0.13666667E+02  -0.18970953E-04  -0.18059943E-05  -0.18970953E-04  -0.18013382E-05   0.73754314E+00
 0.13833333E+02  -0.14951533E-04  -0.14062054E-05  -0.14951533E-04  -0.14025800E-05   0.72865708E+00
 0.14000000E+02  -0.11783717E-04  -0.10950758E-05  -0.11783717E-04  -0.10922525E-05   0.71998259E+00
 0.14166667E+02  -0.92870733E-05  -0.85290592E-06  -0.92870733E-05  -0.85070703E-06   0.71151220E+00
 0.14333333E+02  -0.73193993E-05  -0.66438251E-06  -0.73193993E-05  -0.66266965E-06   0.70323881E+00
 0.14500000E+02  -0.57686209E-05  -0.51759964E-06  -0.57686209E-05  -0.51626521E-06   0.69515560E+00
 0.14666667E+02  -0.45464096E-05  -0.40329898E-06  -0.45464096E-05  -0.40225923E-06   0.68725611E+00
 0.14833333E+02  -0.35831511E-05  -0.31427972E-06  -0.35831511E-05  -0.31346947E-06   0.67953413E+00
 0.15000000E+02  -0.28239804E-05  -0.24494040E-06  -0.28239804E-05  -0.24430891E-06   0.67198375E+00
 0.15166667E+02  -0.22256570E-05  -0.19092293E-06  -0.22256570E-05  -0.19043071E-06   0.66459931E+00
 0.15333333E+02  -0.17541018E-05  -0.14883608E-06  -0.17541018E-05  -0.14845236E-06   0.65737540E+00
 0.15500000E+02  -0.13824561E-05  -0.11604052E-06  -0.13824561E-05  -0.11574135E-06   0.65030685E+00
 0.15666667E+02  -0.10895518E-05  -0.90481817E-07  -0.10895518E-05  -0.90248544E-07   0.64338869E+00
 0.15833333E+02  -0.85870591E-06  -0.70560576E-07  -0.85870591E-06  -0.70378663E-07   0.63661618E+00
 0.16000000E+02  -0.67676986E-06  -0.55031461E-07  -0.67676986E-06  -0.54889584E-07   0.62998476E+00
 0.16166667E+02  -0.53338102E-06  -0.42924683E-07  -0.53338102E-06  -0.42814018E-07   0.62349007E+00
 0.16333333E+02  -0.42037232E-06  -0.33484923E-07  -0.42037232E-06  -0.33398595E-07   0.61712793E+00
 0.16500000E+02  -0.33130704E-06  -0.26123824E-07  -0.33130704E-06  -0.26056473E-07   0.61089432E+00
 0.16666667E+02  -0.26111223E-06  -0.20383018E-07  -0.26111223E-06  -0.20330468E-07   0.60478537E+00
 0.16833333E+02  -0.20578976E-06  -0.15905366E-07  -0.20578976E-06  -0.15864360E-07   0.59879740E+00
 0.17000000E+02  -0.16218860E-06  -0.12412562E-07  -0.16218860E-06  -0.12380561E-07   0.59292684E+00
 0.17166667E+02  -0.12782532E-06  -0.96877054E-08  -0.12782532E-06  -0.96627294E-08   0.58717026E+00
 0.17333333E+02  -0.10074266E-06  -0.75617334E-08  -0.10074266E-06  -0.75422384E-08   0.58152440E+00
 0.17500000E+02  -0.79398076E-07  -0.59028528E-08  -0.79398076E-07  -0.58876346E-08   0.57598607E+00
 0.17666667E+02  -0.62575817E-07  -0.46083127E-08  -0.62575817E-07  -0.45964319E-08   0.57055224E+00
 0.17833333E+02  -0.49317730E-07  -0.35979952E-08  -0.49317730E-07  -0.35887192E-08   0.56521997E+00
 0.18000000E+02  -0.38868666E-07  -0.28094231E-08  -0.38868666E-07  -0.28021801E-08   0.55998646E+00
 0.18166667E+02  -0.30633469E-07  -0.21938704E-08  -0.30633469E-07  -0.21882143E-08   0.55484897E+00
 0.18333333E+02  -0.24143084E-07  -0.17133312E-08  -0.24143084E-07  -0.17089141E-08   0.54980488E+00
 0.18500000E+02  -0.19027831E-07  -0.13381586E-08  -0.19027831E-07  -0.13347087E-08   0.54485169E+00
 0.18666667E+02  -0.14996359E-07  -0.10452233E-08  -0.14996359E-07  -0.10425286E-08   0.53998694E+00
 0.18833333E+02  -0.11819045E-07  -0.81647939E-09  -0.11819045E-07  -0.81437441E-09   0.53520829E+00
 0.19000000E+02  -0.93149161E-08  -0.63784532E-09  -0.93149161E-08  -0.63620088E-09   0.53051348E+00
 0.19166667E+02  -0.73413427E-08  -0.49833218E-09  -0.73413427E-08  -0.49704742E-09   0.52590032E+00
 0.19333333E+02  -0.57859150E-08  -0.38936359E-09  -0.57859150E-08  -0.38835977E-09   0.52136670E+00
 0.19500000E+02  -0.45600395E-08  -0.30424540E-09  -0.45600395E-08  -0.30346102E-09   0.51691057E+00
 0.19666667E+02  -0.35938931E-08  -0.23775213E-09  -0.35938931E-08  -0.23713918E-09   0.51252998E+00
 0.19833333E+02  -0.28324464E-08  -0.18580441E-09  -0.28324464E-08  -0.18532539E-09   0.50822300E+00
 0.20000000E+02  -0.22323293E-08  -0.14521728E-09  -0.22323293E-08  -0.14484289E-09   0.50398781E+00
 0.20166667E+02  -0.17593604E-08  -0.11350388E-09  -0.17593604E-08  -0.11321126E-09   0.49982262E+00
 0.20333333E+02  -0.13866005E-08  -0.88722303E-10  -0.13866005E-08  -0.88493567E-10   0.49572572E+00
 0.20500000E+02  -0.10928182E-08  -0.69356007E-10  -0.10928182E-08  -0.69177199E-10   0.49169542E+00
 0.20666667E+02  -0.86128020E-09  -0.54220567E-10  -0.86128020E-09  -0.54080780E-10   0.48773014E+00
 0.20833333E+02  -0.67879872E-09  -0.42390865E-10  -0.67879872E-09  -0.42281577E-10   0.48382830E+00
 0.21000000E+02  -0.53498003E-09  -0.33144258E-10  -0.53498003E-09  -0.33058808E-10   0.47998839E+00
 0.21166667E+02  -0.42163254E-09  -0.25916221E-10  -0.42163254E-09  -0.25849406E-10   0.47620895E+00
 0.21333333E+02  -0.33230025E-09  -0.20265717E-10  -0.33230025E-09  -0.20213470E-10   0.47248857E+00
 0.21500000E+02  -0.26189501E-09  -0.15848158E-10  -0.26189501E-09  -0.15807300E-10   0.46882587E+00
 0.21666667E+02  -0.20640669E-09  -0.12394291E-10  -0.20640669E-09  -0.12362337E-10   0.46521952E+00
 0.21833333E+02  -0.16267482E-09  -0.96937164E-11  -0.16267482E-09  -0.96687249E-11   0.46166822E+00
 0.22000000E+02  -0.12820852E-09  -0.75820078E-11  -0.12820852E-09  -0.75624605E-11   0.45817074E+00
 0.22166667E+02  -0.10104468E-09  -0.59306606E-11  -0.10104468E-09  -0.59153706E-11   0.45472584E+00
 0.22333333E+02  -0.79636100E-10  -0.46392360E-11  -0.79636100E-10  -0.46272755E-11   0.45133237E+00
 0.22500000E+02  -0.62763411E-10  -0.36292263E-11  -0.62763411E-10  -0.36198697E-11   0.44798916E+00
 0.22666667E+02  -0.49465578E-10  -0.28392619E-11  -0.49465578E-10  -0.28319420E-11   0.44469513E+00
 0.22833333E+02  -0.38985189E-10  -0.22213672E-11  -0.38985189E-10  -0.22156402E-11   0.44144918E+00
 0.23000000E+02  -0.30725304E-10  -0.17380345E-11  -0.30725304E-10  -0.17335536E-11   0.43825027E+00
 0.23166667E+02  -0.24215461E-10  -0.13599384E-11  -0.24215461E-10  -0.13564323E-11   0.43509739E+00
 0.23333333E+02  -0.19084874E-10  -0.10641492E-11  -0.19084874E-10  -0.10614057E-11   0.43198955E+00
 0.23500000E+02  -0.15041316E-10  -0.83273729E-12  -0.15041316E-10  -0.83059040E-12   0.42892580E+00
 0.23666667E+02  -0.11854477E-10  -0.65168141E-12  -0.11854477E-10  -0.65000130E-12   0.42590519E+00
 0.23833333E+02  -0.93428409E-11  -0.51001646E-12  -0.93428409E-11  -0.50870158E-12   0.42292683E+00
 0.24000000E+02  -0.73633510E-11  -0.39916669E-12  -0.73633510E-11  -0.39813759E-12   0.41998984E+00
 0.24166667E+02  -0.58032604E-11  -0.31242468E-12  -0.58032604E-11  -0.31161921E-12   0.41709336E+00
 0.24333333E+02  -0.45737098E-11  -0.24454401E-12  -0.45737098E-11  -0.24391355E-12   0.41423656E+00
 0.24500000E+02  -0.36046671E-11  -0.19142079E-12  -0.36046671E-11  -0.19092728E-12   0.41141862E+00
 0.24666667E+02  -0.28409377E-11  -0.14984466E-12  -0.28409377E-11  -0.14945834E-12   0.40863877E+00
 0.24833333E+02  -0.22390215E-11  -0.11730412E-12  -0.22390215E-11  -0.11700170E-12   0.40589622E+00
 0.25000000E+02  -0.17646347E-11  -0.91834282E-13  -0.17646347E-11  -0.91597522E-13   0.40319025E+00
 0.25166667E+02  -0.13907574E-11  -0.71897816E-13  -0.13907574E-11  -0.71712455E-13   0.40052011E+00
 0.25333333E+02  -0.10960943E-11  -0.56291861E-13  -0.10960943E-11  -0.56146734E-13   0.39788511E+00
 0.25500000E+02  -0.86386220E-12  -0.44075203E-13  -0.86386220E-12  -0.43961572E-13   0.39528456E+00
 0.25666667E+02  -0.68083367E-12  -0.34511321E-13  -0.68083367E-12  -0.34422347E-13   0.39271777E+00
 0.25833333E+02  -0.53658382E-12  -0.27023846E-13  -0.53658382E-12  -0.26954175E-13   0.39018411E+00
 0.26000000E+02  -0.42289654E-12  -0.21161712E-13  -0.42289654E-12  -0.21107155E-13   0.38768293E+00
 0.26166667E+02  -0.33329644E-12  -0.16571900E-13  -0.33329644E-12  -0.16529176E-13   0.38521361E+00
 0.26333333E+02  -0.26268014E-12  -0.12978109E-13  -0.26268014E-12  -0.12944650E-13   0.38277555E+00
 0.26500000E+02  -0.20702547E-12  -0.10164077E-13  -0.20702547E-12  -0.10137873E-13   0.38036816E+00
 0.26666667E+02  -0.16316249E-12  -0.79605235E-14  -0.16316249E-12  -0.79400004E-14   0.37799086E+00
 0.26833333E+02  -0.12859287E-12  -0.62349401E-14  -0.12859287E-12  -0.62188657E-14   0.37564309E+00
 0.27000000E+02  -0.10134759E-12  -0.48835957E-14  -0.10134759E-12  -0.48710052E-14   0.37332430E+00
 0.27166667E+02  -0.79874838E-13  -0.38252838E-14  -0.79874838E-13  -0.38154218E-14   0.37103397E+00
 0.27333333E+02  -0.62951567E-13  -0.29964289E-14  -0.62951567E-13  -0.29887037E-14   0.36877157E+00
 0.27500000E+02  -0.49613869E-13  -0.23472558E-14  -0.49613869E-13  -0.23412043E-14   0.36653659E+00
 0.27666667E+02  -0.39102061E-13  -0.18387930E-14  -0.39102061E-13  -0.18340524E-14   0.36432854E+00
 0.27833333E+02  -0.30817414E-13  -0.14405257E-14  -0.30817414E-13  -0.14368118E-14   0.36214693E+00
 0.28000000E+02  -0.24288056E-13  -0.11285602E-14  -0.24288056E-13  -0.11256507E-14   0.35999129E+00
 0.28166667E+02  -0.19142088E-13  -0.88418649E-15  -0.19142088E-13  -0.88190696E-15   0.35786117E+00
 0.28333333E+02  -0.15086408E-13  -0.69275267E-15  -0.15086408E-13  -0.69096668E-15   0.35575610E+00
 0.28500000E+02  -0.11890015E-13  -0.54278467E-15  -0.11890015E-13  -0.54138531E-15   0.35367566E+00
 0.28666667E+02  -0.93708494E-14  -0.42529648E-15  -0.93708494E-14  -0.42420002E-15   0.35161940E+00
 0.28833333E+02  -0.73854253E-14  -0.33325040E-15  -0.73854253E-14  -0.33239125E-15   0.34958692E+00
 0.29000000E+02  -0.58206577E-14  -0.26113440E-15  -0.58206577E-14  -0.26046117E-15   0.34757780E+00
 0.29166667E+02  -0.45874212E-14  -0.20463120E-15  -0.45874212E-14  -0.20410363E-15   0.34559164E+00
 0.29333333E+02  -0.36154734E-14  -0.16035916E-15  -0.36154734E-14  -0.15994574E-15   0.34362805E+00
 0.29500000E+02  -0.28494544E-14  -0.12566945E-15  -0.28494544E-14  -0.12534546E-15   0.34168665E+00
 0.29666667E+02  -0.22457338E-14  -0.98487144E-16  -0.22457338E-14  -0.98233233E-16   0.33976706E+00
 0.29833333E+02  -0.17699248E-14  -0.77186806E-16  -0.17699248E-14  -0.76987809E-16   0.33786892E+00
 0.30000000E+02  -0.13949267E-14  -0.60495093E-16  -0.13949267E-14  -0.60339129E-16   0.33599187E+00
 0.30166667E+02  -0.10993802E-14  -0.47414440E-16  -0.10993802E-14  -0.47292200E-16   0.33413556E+00
 0.30333333E+02  -0.86645194E-15  -0.37163308E-16  -0.86645194E-15  -0.37067497E-16   0.33229966E+00
 0.30500000E+02  -0.68287471E-15  -0.29129378E-16  -0.68287471E-15  -0.29054279E-16   0.33048381E+00
 0.30666667E+02  -0.53819243E-15  -0.22832898E-16  -0.53819243E-15  -0.22774032E-16   0.32868770E+00
 0.30833333E+02  -0.42416432E-15  -0.17897966E-16  -0.42416432E-15  -0.17851823E-16   0.32691101E+00
 0.31000000E+02  -0.33429562E-15  -0.14030044E-16  -0.33429562E-15  -0.13993872E-16   0.32515343E+00
 0.31166667E+02  -0.26346761E-15  -0.10998334E-16  -0.26346761E-15  -0.10969979E-16   0.32341464E+00
 0.31333333E+02  -0.20764610E-15  -0.86219841E-17  -0.20764610E-15  -0.85997556E-17   0.32169435E+00
 0.31500000E+02  -0.16365163E-15  -0.67592703E-17  -0.16365163E-15  -0.67418441E-17   0.31999226E+00
 0.31666667E+02  -0.12897837E-15  -0.52991299E-17  -0.12897837E-15  -0.52854682E-17   0.31830809E+00
 0.31833333E+02  -0.10165142E-15  -0.41545248E-17  -0.10165142E-15  -0.41438139E-17   0.31664156E+00
 0.32000000E+02  -0.80114292E-16  -0.32572421E-17  -0.80114292E-16  -0.32488446E-17   0.31499238E+00
 0.32166667E+02  -0.63140287E-16  -0.25538214E-17  -0.63140287E-16  -0.25472373E-17   0.31336030E+00
 0.32333333E+02  -0.49762604E-16  -0.20023622E-17  -0.49762604E-16  -0.19971999E-17   0.31174504E+00
 0.32500000E+02  -0.39219283E-16  -0.15700241E-17  -0.39219283E-16  -0.15659764E-17   0.31014634E+00
 0.32666667E+02  -0.30909801E-16  -0.12310662E-17  -0.30909801E-16  -0.12278924E-17   0.30856397E+00
 0.32833333E+02  -0.24360868E-16  -0.96531223E-18  -0.24360868E-16  -0.96282354E-18   0.30699765E+00
 0.33000000E+02  -0.19199473E-16  -0.75694687E-18  -0.19199473E-16  -0.75499537E-18   0.30544716E+00
 0.33166667E+02  -0.15131635E-16  -0.59357290E-18  -0.15131635E-16  -0.59204260E-18   0.30391225E+00
 0.33333333E+02  -0.11925660E-16  -0.46547214E-18  -0.11925660E-16  -0.46427210E-18   0.30239269E+00
 0.33500000E+02  -0.93989419E-17  -0.36502632E-18  -0.93989419E-17  -0.36408524E-18   0.30088825E+00
 0.33666667E+02  -0.74075658E-17  -0.28626314E-18  -0.74075658E-17  -0.28552512E-18   0.29939870E+00
 0.33833333E+02  -0.58381072E-17  -0.22450050E-18  -0.58381072E-17  -0.22392171E-18   0.29792383E+00
 0.34000000E+02  -0.46011736E-17  -0.17606772E-18  -0.46011736E-17  -0.17561379E-18   0.29646342E+00
 0.34166667E+02  -0.36263120E-17  -0.13808693E-18  -0.36263120E-17  -0.13773093E-18   0.29501725E+00
 0.34333333E+02  -0.28579967E-17  -0.10830183E-18  -0.28579967E-17  -0.10802261E-18   0.29358513E+00
 0.34500000E+02  -0.22524662E-17  -0.84943315E-19  -0.22524662E-17  -0.84724322E-19   0.29216685E+00
 0.34666667E+02  -0.17752308E-17  -0.66624317E-19  -0.17752308E-17  -0.66452552E-19   0.29076220E+00
 0.34833333E+02  -0.13991085E-17  -0.52257228E-19  -0.13991085E-17  -0.52122503E-19   0.28937099E+00
 0.35000000E+02  -0.11026760E-17  -0.40989245E-19  -0.11026760E-17  -0.40883570E-19   0.28799303E+00
 0.35166667E+02  -0.86904944E-18  -0.32151653E-19  -0.86904944E-18  -0.32068762E-19   0.28662814E+00
 0.35333333E+02  -0.68492187E-18  -0.25220080E-19  -0.68492187E-18  -0.25155059E-19   0.28527612E+00
 0.35500000E+02  -0.53980585E-18  -0.19783324E-19  -0.53980585E-18  -0.19732320E-19   0.28393679E+00
 0.35666667E+02  -0.42543590E-18  -0.15518925E-19  -0.42543590E-18  -0.15478916E-19   0.28260999E+00
 0.35833333E+02  -0.33529779E-18  -0.12174006E-19  -0.33529779E-18  -0.12142620E-19   0.28129552E+00
 0.36000000E+02  -0.26425745E-18  -0.95502506E-20  -0.26425745E-18  -0.95256290E-20   0.27999323E+00
 0.36166667E+02  -0.20826860E-18  -0.74921306E-20  -0.20826860E-18  -0.74728150E-20   0.27870294E+00
 0.36333333E+02  -0.16414224E-18  -0.58776691E-20  -0.16414224E-18  -0.58625158E-20   0.27742448E+00
 0.36500000E+02  -0.12936503E-18  -0.46112011E-20  -0.12936503E-18  -0.45993129E-20   0.27615770E+00
 0.36666667E+02  -0.10195616E-18  -0.36176958E-20  -0.10195616E-18  -0.36083690E-20   0.27490244E+00
 0.36833333E+02  -0.80354463E-19  -0.28383046E-20  -0.80354463E-19  -0.28309872E-20   0.27365854E+00
 0.37000000E+02  -0.63329572E-19  -0.22268700E-20  -0.63329572E-19  -0.22211288E-20   0.27242584E+00
 0.37166667E+02  -0.49911786E-19  -0.17471875E-20  -0.49911786E-19  -0.17426831E-20   0.27120420E+00
 0.37333333E+02  -0.39336857E-19  -0.13708594E-20  -0.39336857E-19  -0.13673252E-20   0.26999347E+00
 0.37500000E+02  -0.31002464E-19  -0.10756103E-20  -0.31002464E-19  -0.10728373E-20   0.26879350E+00
 0.37666667E+02  -0.24433898E-19  -0.84396726E-21  -0.24433898E-19  -0.84179142E-21   0.26760415E+00
 0.37833333E+02  -0.19257030E-19  -0.66222372E-21  -0.19257030E-19  -0.66051643E-21   0.26642527E+00
 0.38000000E+02  -0.15176998E-19  -0.51962770E-21  -0.15176998E-19  -0.51828804E-21   0.26525674E+00
 0.38166667E+02  -0.11961411E-19  -0.40774460E-21  -0.11961411E-19  -0.40669338E-21   0.26409842E+00
 0.38333333E+02  -0.94271186E-20  -0.31995759E-21  -0.94271186E-20  -0.31913270E-21   0.26295016E+00
 0.38500000E+02  -0.74297726E-20  -0.25107578E-21  -0.74297726E-20  -0.25042848E-21   0.26181185E+00
 0.38666667E+02  -0.58556091E-20  -0.19702683E-21  -0.58556091E-20  -0.19651887E-21   0.26068335E+00
 0.38833333E+02  -0.46149673E-20  -0.15461584E-21  -0.46149673E-20  -0.15421722E-21   0.25956454E+00
 0.39000000E+02  -0.36371832E-20  -0.12133626E-21  -0.36371832E-20  -0.12102344E-21   0.25845529E+00
 0.39166667E+02  -0.28665646E-20  -0.95221528E-22  -0.28665646E-20  -0.94976036E-22   0.25735548E+00
 0.39333333E+02  -0.22592187E-20  -0.74728722E-22  -0.22592187E-20  -0.74536063E-22   0.25626499E+00
 0.39500000E+02  -0.17805527E-20  -0.58647265E-22  -0.17805527E-20  -0.58496066E-22   0.25518370E+00
 0.39666667E+02  -0.14033028E-20  -0.46027322E-22  -0.14033028E-20  -0.45908658E-22   0.25411150E+00
 0.39833333E+02  -0.11059817E-20  -0.36123624E-22  -0.11059817E-20  -0.36030493E-22   0.25304827E+00
 0.40000000E+02  -0.87165473E-21  -0.28351401E-22  -0.87165473E-21  -0.28278308E-22   0.25199391E+00

