#        q              total               1              \delta U         \delta U^2    

     0.001185        1.607696e+04      1.616664e+04     -9.727894e+01      7.604812e+00   
     0.006239        8.162556e+03      8.252336e+03     -9.738482e+01      7.604866e+00   
     0.015318        6.540491e+03      6.630268e+03     -9.738223e+01      7.604774e+00   
     0.028399        5.332152e+03      5.421911e+03     -9.736299e+01      7.603873e+00   
     0.045447        3.962620e+03      4.052378e+03     -9.736013e+01      7.601598e+00   
     0.066417        3.102692e+03      3.192361e+03     -9.726652e+01      7.597589e+00   
     0.091251        2.602997e+03      2.692571e+03     -9.716507e+01      7.591020e+00   
     0.119882        2.158462e+03      2.247872e+03     -9.699156e+01      7.581155e+00   
     0.152235        1.859441e+03      1.948567e+03     -9.669213e+01      7.566814e+00   
     0.188220        1.588367e+03      1.677083e+03     -9.626434e+01      7.548551e+00   
     0.227742        1.422646e+03      1.510880e+03     -9.575900e+01      7.525409e+00   
     0.270694        1.195369e+03      1.282750e+03     -9.487944e+01      7.498188e+00   
     0.316959        1.057809e+03      1.144193e+03     -9.385268e+01      7.468307e+00   
     0.366414        9.309194e+02      1.015991e+03     -9.250968e+01      7.438059e+00   
     0.418925        8.144077e+02      8.977415e+02     -9.074425e+01      7.410476e+00   
     0.474351        7.604250e+02      8.422233e+02     -8.918884e+01      7.390561e+00   
     0.532541        6.590468e+02      7.381486e+02     -8.648448e+01      7.382687e+00   
     0.593339        6.126322e+02      6.894916e+02     -8.425234e+01      7.392967e+00   
     0.656582        5.257476e+02      5.986870e+02     -8.036541e+01      7.425986e+00   
     0.722098        4.865389e+02      5.564389e+02     -7.738645e+01      7.486475e+00   
     0.789711        4.133863e+02      4.779996e+02     -7.218784e+01      7.574546e+00   
     0.859239        3.809083e+02      4.417079e+02     -6.849091e+01      7.691284e+00   
     0.930495        3.204524e+02      3.747292e+02     -6.210837e+01      7.831621e+00   
     1.003286        2.677319e+02      3.148881e+02     -5.514066e+01      7.984454e+00   
     1.077416        2.220901e+02      2.617826e+02     -4.782713e+01      8.134570e+00   
     1.152685        1.828304e+02      2.150106e+02     -4.044781e+01      8.267645e+00   
     1.228890        1.486140e+02      1.734159e+02     -3.316505e+01      8.363091e+00   
     1.305826        8.983355e+01      1.015111e+02     -2.007699e+01      8.399390e+00   
     1.383286        8.361092e+00      0.000000e+00      0.000000e+00      8.361092e+00   
     1.461060        8.239480e+00      0.000000e+00      0.000000e+00      8.239480e+00   
     1.538940        8.028097e+00      0.000000e+00      0.000000e+00      8.028097e+00   
     1.616714        7.729440e+00      0.000000e+00      0.000000e+00      7.729440e+00   
     1.694174        7.351500e+00      0.000000e+00      0.000000e+00      7.351500e+00   
     1.771110        6.906900e+00      0.000000e+00      0.000000e+00      6.906900e+00   
     1.847315        6.413272e+00      0.000000e+00      0.000000e+00      6.413272e+00   
     1.922584        5.892134e+00      0.000000e+00      0.000000e+00      5.892134e+00   
     1.996714        5.363753e+00      0.000000e+00      0.000000e+00      5.363753e+00   
     2.069505        4.845233e+00      0.000000e+00      0.000000e+00      4.845233e+00   
     2.140761        4.350602e+00      0.000000e+00      0.000000e+00      4.350602e+00   
     2.210289        3.890265e+00      0.000000e+00      0.000000e+00      3.890265e+00   
     2.277902        3.470968e+00      0.000000e+00      0.000000e+00      3.470968e+00   
     2.343418        3.095985e+00      0.000000e+00      0.000000e+00      3.095985e+00   
     2.406661        2.766007e+00      0.000000e+00      0.000000e+00      2.766007e+00   
     2.467459        2.478643e+00      0.000000e+00      0.000000e+00      2.478643e+00   
     2.525649        2.230254e+00      0.000000e+00      0.000000e+00      2.230254e+00   
     2.581075        2.016784e+00      0.000000e+00      0.000000e+00      2.016784e+00   
     2.633586        1.834074e+00      0.000000e+00      0.000000e+00      1.834074e+00   
     2.683041        1.678281e+00      0.000000e+00      0.000000e+00      1.678281e+00   
     2.729306        1.545618e+00      0.000000e+00      0.000000e+00      1.545618e+00   
     2.772258        1.432719e+00      0.000000e+00      0.000000e+00      1.432719e+00   
     2.811780        1.336873e+00      0.000000e+00      0.000000e+00      1.336873e+00   
     2.847765        1.255827e+00      0.000000e+00      0.000000e+00      1.255827e+00   
     2.880118        1.187557e+00      0.000000e+00      0.000000e+00      1.187557e+00   
     2.908749        1.130583e+00      0.000000e+00      0.000000e+00      1.130583e+00   
     2.933583        1.083559e+00      0.000000e+00      0.000000e+00      1.083559e+00   
     2.954553        1.045539e+00      0.000000e+00      0.000000e+00      1.045539e+00   
     2.971601        1.015668e+00      0.000000e+00      0.000000e+00      1.015668e+00   
     2.984682        9.933889e-01      0.000000e+00      0.000000e+00      9.933889e-01   
     2.993761        9.782379e-01      0.000000e+00      0.000000e+00      9.782379e-01   
     2.998815        9.699034e-01      0.000000e+00      0.000000e+00      9.699034e-01   
     3.004739        9.602296e-01      0.000000e+00      0.000000e+00      9.602296e-01   
     3.024957        9.279968e-01      0.000000e+00      0.000000e+00      9.279968e-01   
     3.061273        8.729228e-01      0.000000e+00      0.000000e+00      8.729228e-01   
     3.113597        7.994731e-01      0.000000e+00      0.000000e+00      7.994731e-01   
     3.181789        7.130943e-01      0.000000e+00      0.000000e+00      7.130943e-01   
     3.265666        6.195015e-01      0.000000e+00      0.000000e+00      6.195015e-01   
     3.365002        5.239790e-01      0.000000e+00      0.000000e+00      5.239790e-01   
     3.479529        4.310815e-01      0.000000e+00      0.000000e+00      4.310815e-01   
     3.608938        3.444943e-01      0.000000e+00      0.000000e+00      3.444943e-01   
     3.752880        2.669496e-01      0.000000e+00      0.000000e+00      2.669496e-01   
     3.910968        2.001855e-01      0.000000e+00      0.000000e+00      2.001855e-01   
     4.082775        1.449330e-01      0.000000e+00      0.000000e+00      1.449330e-01   
     4.267838        1.010421e-01      0.000000e+00      0.000000e+00      1.010421e-01   
     4.465657        6.764482e-02      0.000000e+00      0.000000e+00      6.764482e-02   
     4.675701        4.335133e-02      0.000000e+00      0.000000e+00      4.335133e-02   
     4.897402        2.649554e-02      0.000000e+00      0.000000e+00      2.649554e-02   
     5.130163        1.537010e-02      0.000000e+00      0.000000e+00      1.537010e-02   
     5.373356        8.410207e-03      0.000000e+00      0.000000e+00      8.410207e-03   
     5.626327        4.303711e-03      0.000000e+00      0.000000e+00      4.303711e-03   
     5.888392        2.035613e-03      0.000000e+00      0.000000e+00      2.035613e-03   
     6.158845        8.759849e-04      0.000000e+00      0.000000e+00      8.759849e-04   
     6.436958        3.369134e-04      0.000000e+00      0.000000e+00      3.369134e-04   
     6.721980        1.163174e-04      0.000000e+00      0.000000e+00      1.163174e-04   
     7.013143        4.174405e-05      0.000000e+00      0.000000e+00      4.174405e-05   
     7.309662        2.401698e-05      0.000000e+00      0.000000e+00      2.401698e-05   
     7.610739        2.253964e-05      0.000000e+00      0.000000e+00      2.253964e-05   
     7.915560        2.224132e-05      0.000000e+00      0.000000e+00      2.224132e-05   
     8.223305        1.962175e-05      0.000000e+00      0.000000e+00      1.962175e-05   
     8.533144        1.532573e-05      0.000000e+00      0.000000e+00      1.532573e-05   
     8.844241        1.074876e-05      0.000000e+00      0.000000e+00      1.074876e-05   
     9.155759        6.851299e-06      0.000000e+00      0.000000e+00      6.851299e-06   
     9.466856        3.996076e-06      0.000000e+00      0.000000e+00      3.996076e-06   
     9.776695        2.137351e-06      0.000000e+00      0.000000e+00      2.137351e-06   
    10.084440        1.046887e-06      0.000000e+00      0.000000e+00      1.046887e-06   
    10.389261        4.687287e-07      0.000000e+00      0.000000e+00      4.687287e-07   
    10.690338        1.936737e-07      0.000000e+00      0.000000e+00      1.936737e-07   
    10.986857        7.860013e-08      0.000000e+00      0.000000e+00      7.860013e-08   
    11.278020        3.796207e-08      0.000000e+00      0.000000e+00      3.796207e-08   
    11.563042        2.666764e-08      0.000000e+00      0.000000e+00      2.666764e-08   
    11.841155        2.405972e-08      0.000000e+00      0.000000e+00      2.405972e-08   
    12.111608        2.237214e-08      0.000000e+00      0.000000e+00      2.237214e-08   
    12.373673        1.968197e-08      0.000000e+00      0.000000e+00      1.968197e-08   
    12.626644        1.619228e-08      0.000000e+00      0.000000e+00      1.619228e-08   
    12.869837        1.255269e-08      0.000000e+00      0.000000e+00      1.255269e-08   
    13.102598        9.265232e-09      0.000000e+00      0.000000e+00      9.265232e-09   
    13.324299        6.571932e-09      0.000000e+00      0.000000e+00      6.571932e-09   
    13.534343        4.514809e-09      0.000000e+00      0.000000e+00      4.514809e-09   
    13.732162        3.024327e-09      0.000000e+00      0.000000e+00      3.024327e-09   
    13.917225        1.988015e-09      0.000000e+00      0.000000e+00      1.988015e-09   
    14.089032        1.290998e-09      0.000000e+00      0.000000e+00      1.290998e-09   
    14.247120        8.347199e-10      0.000000e+00      0.000000e+00      8.347199e-10   
    14.391062        5.423518e-10      0.000000e+00      0.000000e+00      5.423518e-10   
    14.520471        3.581956e-10      0.000000e+00      0.000000e+00      3.581956e-10   
    14.634998        2.436203e-10      0.000000e+00      0.000000e+00      2.436203e-10   
    14.734334        1.728197e-10      0.000000e+00      0.000000e+00      1.728197e-10   
    14.818211        1.292094e-10      0.000000e+00      0.000000e+00      1.292094e-10   
    14.886403        1.026364e-10      0.000000e+00      0.000000e+00      1.026364e-10   
    14.938727        8.679724e-11      0.000000e+00      0.000000e+00      8.679724e-11   
    14.975043        7.781568e-11      0.000000e+00      0.000000e+00      7.781568e-11   
    14.995261        7.323575e-11      0.000000e+00      0.000000e+00      7.323575e-11   