#        q              total               1              \delta U         \delta U^2    

     0.001185        1.609305e+04      1.616664e+04     -8.067950e+01      7.093040e+00   
     0.006239        8.178650e+03      8.252336e+03     -8.077855e+01      7.093158e+00   
     0.015318        6.556581e+03      6.630268e+03     -8.078092e+01      7.093381e+00   
     0.028399        5.348239e+03      5.421911e+03     -8.076624e+01      7.093397e+00   
     0.045447        3.978714e+03      4.052378e+03     -8.075752e+01      7.093142e+00   
     0.066417        3.118779e+03      3.192361e+03     -8.067444e+01      7.092896e+00   
     0.091251        2.619085e+03      2.692571e+03     -8.057816e+01      7.092564e+00   
     0.119882        2.174553e+03      2.247872e+03     -8.041163e+01      7.092268e+00   
     0.152235        1.875523e+03      1.948567e+03     -8.013489e+01      7.091698e+00   
     0.188220        1.604436e+03      1.677083e+03     -7.973852e+01      7.092254e+00   
     0.227742        1.438710e+03      1.510880e+03     -7.926398e+01      7.093784e+00   
     0.270694        1.211389e+03      1.282750e+03     -7.845869e+01      7.097695e+00   
     0.316959        1.073782e+03      1.144193e+03     -7.751683e+01      7.105752e+00   
     0.366414        9.468202e+02      1.015991e+03     -7.629111e+01      7.120288e+00   
     0.418925        8.301930e+02      8.977415e+02     -7.469234e+01      7.143860e+00   
     0.474351        7.761458e+02      8.422233e+02     -7.325800e+01      7.180477e+00   
     0.532541        6.745412e+02      7.381486e+02     -7.084039e+01      7.232979e+00   
     0.593339        6.279864e+02      6.894916e+02     -6.881060e+01      7.305331e+00   
     0.656582        5.406978e+02      5.986870e+02     -6.538864e+01      7.399375e+00   
     0.722098        5.012327e+02      5.564389e+02     -6.272286e+01      7.516616e+00   
     0.789711        4.274273e+02      4.779996e+02     -5.822597e+01      7.653618e+00   
     0.859239        3.945365e+02      4.417079e+02     -5.497948e+01      7.808073e+00   
     0.930495        3.331351e+02      3.747292e+02     -4.956540e+01      7.971321e+00   
     1.003286        2.792875e+02      3.148881e+02     -4.372988e+01      8.129272e+00   
     1.077416        2.323666e+02      2.617826e+02     -3.768064e+01      8.264653e+00   
     1.152685        1.917225e+02      2.150106e+02     -3.165007e+01      8.362009e+00   
     1.228890        1.560463e+02      1.734159e+02     -2.577067e+01      8.401055e+00   
     1.305826        9.439145e+01      1.015111e+02     -1.548170e+01      8.362008e+00   
     1.383286        8.232849e+00      0.000000e+00      0.000000e+00      8.232849e+00   
     1.461060        8.009153e+00      0.000000e+00      0.000000e+00      8.009153e+00   
     1.538940        7.689884e+00      0.000000e+00      0.000000e+00      7.689884e+00   
     1.616714        7.283163e+00      0.000000e+00      0.000000e+00      7.283163e+00   
     1.694174        6.802139e+00      0.000000e+00      0.000000e+00      6.802139e+00   
     1.771110        6.263949e+00      0.000000e+00      0.000000e+00      6.263949e+00   
     1.847315        5.690234e+00      0.000000e+00      0.000000e+00      5.690234e+00   
     1.922584        5.105230e+00      0.000000e+00      0.000000e+00      5.105230e+00   
     1.996714        4.529965e+00      0.000000e+00      0.000000e+00      4.529965e+00   
     2.069505        3.981177e+00      0.000000e+00      0.000000e+00      3.981177e+00   
     2.140761        3.471715e+00      0.000000e+00      0.000000e+00      3.471715e+00   
     2.210289        3.010173e+00      0.000000e+00      0.000000e+00      3.010173e+00   
     2.277902        2.601092e+00      0.000000e+00      0.000000e+00      2.601092e+00   
     2.343418        2.245396e+00      0.000000e+00      0.000000e+00      2.245396e+00   
     2.406661        1.941456e+00      0.000000e+00      0.000000e+00      1.941456e+00   
     2.467459        1.684664e+00      0.000000e+00      0.000000e+00      1.684664e+00   
     2.525649        1.469471e+00      0.000000e+00      0.000000e+00      1.469471e+00   
     2.581075        1.290294e+00      0.000000e+00      0.000000e+00      1.290294e+00   
     2.633586        1.141775e+00      0.000000e+00      0.000000e+00      1.141775e+00   
     2.683041        1.019157e+00      0.000000e+00      0.000000e+00      1.019157e+00   
     2.729306        9.179842e-01      0.000000e+00      0.000000e+00      9.179842e-01   
     2.772258        8.344312e-01      0.000000e+00      0.000000e+00      8.344312e-01   
     2.811780        7.654967e-01      0.000000e+00      0.000000e+00      7.654967e-01   
     2.847765        7.087446e-01      0.000000e+00      0.000000e+00      7.087446e-01   
     2.880118        6.620666e-01      0.000000e+00      0.000000e+00      6.620666e-01   
     2.908749        6.239486e-01      0.000000e+00      0.000000e+00      6.239486e-01   
     2.933583        5.930626e-01      0.000000e+00      0.000000e+00      5.930626e-01   
     2.954553        5.684923e-01      0.000000e+00      0.000000e+00      5.684923e-01   
     2.971601        5.494302e-01      0.000000e+00      0.000000e+00      5.494302e-01   
     2.984682        5.353633e-01      0.000000e+00      0.000000e+00      5.353633e-01   
     2.993761        5.258663e-01      0.000000e+00      0.000000e+00      5.258663e-01   
     2.998815        5.206650e-01      0.000000e+00      0.000000e+00      5.206650e-01   
     3.004739        5.146505e-01      0.000000e+00      0.000000e+00      5.146505e-01   
     3.024957        4.947889e-01      0.000000e+00      0.000000e+00      4.947889e-01   
     3.061273        4.614589e-01      0.000000e+00      0.000000e+00      4.614589e-01   
     3.113597        4.182121e-01      0.000000e+00      0.000000e+00      4.182121e-01   
     3.181789        3.690971e-01      0.000000e+00      0.000000e+00      3.690971e-01   
     3.265666        3.179506e-01      0.000000e+00      0.000000e+00      3.179506e-01   
     3.365002        2.678215e-01      0.000000e+00      0.000000e+00      2.678215e-01   
     3.479529        2.208553e-01      0.000000e+00      0.000000e+00      2.208553e-01   
     3.608938        1.783838e-01      0.000000e+00      0.000000e+00      1.783838e-01   
     3.752880        1.411005e-01      0.000000e+00      0.000000e+00      1.411005e-01   
     3.910968        1.092453e-01      0.000000e+00      0.000000e+00      1.092453e-01   
     4.082775        8.273004e-02      0.000000e+00      0.000000e+00      8.273004e-02   
     4.267838        6.124514e-02      0.000000e+00      0.000000e+00      6.124514e-02   
     4.465657        4.431951e-02      0.000000e+00      0.000000e+00      4.431951e-02   
     4.675701        3.136310e-02      0.000000e+00      0.000000e+00      3.136310e-02   
     4.897402        2.172401e-02      0.000000e+00      0.000000e+00      2.172401e-02   
     5.130163        1.474755e-02      0.000000e+00      0.000000e+00      1.474755e-02   
     5.373356        9.827243e-03      0.000000e+00      0.000000e+00      9.827243e-03   
     5.626327        6.437810e-03      0.000000e+00      0.000000e+00      6.437810e-03   
     5.888392        4.151673e-03      0.000000e+00      0.000000e+00      4.151673e-03   
     6.158845        2.637992e-03      0.000000e+00      0.000000e+00      2.637992e-03   
     6.436958        1.652028e-03      0.000000e+00      0.000000e+00      1.652028e-03   
     6.721980        1.019538e-03      0.000000e+00      0.000000e+00      1.019538e-03   
     7.013143        6.198154e-04      0.000000e+00      0.000000e+00      6.198154e-04   
     7.309662        3.711715e-04      0.000000e+00      0.000000e+00      3.711715e-04   
     7.610739        2.191645e-04      0.000000e+00      0.000000e+00      2.191645e-04   
     7.915560        1.280368e-04      0.000000e+00      0.000000e+00      1.280368e-04   
     8.223305        7.456129e-05      0.000000e+00      0.000000e+00      7.456129e-05   
     8.533144        4.385504e-05      0.000000e+00      0.000000e+00      4.385504e-05   
     8.844241        2.656035e-05      0.000000e+00      0.000000e+00      2.656035e-05   
     9.155759        1.692890e-05      0.000000e+00      0.000000e+00      1.692890e-05   
     9.466856        1.153345e-05      0.000000e+00      0.000000e+00      1.153345e-05   
     9.776695        8.403357e-06      0.000000e+00      0.000000e+00      8.403357e-06   
    10.084440        6.453481e-06      0.000000e+00      0.000000e+00      6.453481e-06   
    10.389261        5.115713e-06      0.000000e+00      0.000000e+00      5.115713e-06   
    10.690338        4.109138e-06      0.000000e+00      0.000000e+00      4.109138e-06   
    10.986857        3.302880e-06      0.000000e+00      0.000000e+00      3.302880e-06   
    11.278020        2.638425e-06      0.000000e+00      0.000000e+00      2.638425e-06   
    11.563042        2.088601e-06      0.000000e+00      0.000000e+00      2.088601e-06   
    11.841155        1.637773e-06      0.000000e+00      0.000000e+00      1.637773e-06   
    12.111608        1.273488e-06      0.000000e+00      0.000000e+00      1.273488e-06   
    12.373673        9.837508e-07      0.000000e+00      0.000000e+00      9.837508e-07   
    12.626644        7.566896e-07      0.000000e+00      0.000000e+00      7.566896e-07   
    12.869837        5.810127e-07      0.000000e+00      0.000000e+00      5.810127e-07   
    13.102598        4.464977e-07      0.000000e+00      0.000000e+00      4.464977e-07   
    13.324299        3.443200e-07      0.000000e+00      0.000000e+00      3.443200e-07   
    13.534343        2.671382e-07      0.000000e+00      0.000000e+00      2.671382e-07   
    13.732162        2.090464e-07      0.000000e+00      0.000000e+00      2.090464e-07   
    13.917225        1.653986e-07      0.000000e+00      0.000000e+00      1.653986e-07   
    14.089032        1.326344e-07      0.000000e+00      0.000000e+00      1.326344e-07   
    14.247120        1.080938e-07      0.000000e+00      0.000000e+00      1.080938e-07   
    14.391062        8.980108e-08      0.000000e+00      0.000000e+00      8.980108e-08   
    14.520471        7.624326e-08      0.000000e+00      0.000000e+00      7.624326e-08   
    14.634998        6.632066e-08      0.000000e+00      0.000000e+00      6.632066e-08   
    14.734334        5.920009e-08      0.000000e+00      0.000000e+00      5.920009e-08   
    14.818211        5.414790e-08      0.000000e+00      0.000000e+00      5.414790e-08   
    14.886403        5.058009e-08      0.000000e+00      0.000000e+00      5.058009e-08   
    14.938727        4.810473e-08      0.000000e+00      0.000000e+00      4.810473e-08   
    14.975043        4.652621e-08      0.000000e+00      0.000000e+00      4.652621e-08   
    14.995261        4.578959e-08      0.000000e+00      0.000000e+00      4.578959e-08   