#        q                pp                pn                nn        

     0.001185        2.938160e+08      2.937153e+08      2.938161e+08   
     0.006239        1.507443e+08      1.542471e+08      1.579789e+08   
     0.015318        8.330366e+07      8.543282e+07      8.772605e+07   
     0.028399        1.927679e+07      2.637432e+07      3.615384e+07   
     0.045447        1.370662e+07      1.623365e+07      1.927681e+07   
     0.066417        1.028183e+07      1.185311e+07      1.370664e+07   
     0.091251        7.601938e+06      8.503874e+06      9.547690e+06   
     0.119882        5.531283e+06      6.223562e+06      7.032036e+06   
     0.152235        4.307510e+06      4.869793e+06      5.531306e+06   
     0.188220        3.318202e+06      3.612169e+06      3.953657e+06   
     0.227742        2.525956e+06      2.886729e+06      3.318226e+06   
     0.270694        2.090929e+06      2.290729e+06      2.525981e+06   
     0.316959        1.720216e+06      1.889988e+06      2.090955e+06   
     0.366414        1.556504e+06      1.630277e+06      1.720241e+06   
     0.418925        1.267790e+06      1.329875e+06      1.405999e+06   
     0.474351        1.025155e+06      1.077109e+06      1.141124e+06   
     0.532541        9.191999e+05      9.667228e+05      1.025179e+06   
     0.593339        7.344783e+05      7.738930e+05      8.225407e+05   
     0.656582        5.817865e+05      6.509140e+05      7.344987e+05   
     0.722098        5.159977e+05      5.454835e+05      5.818048e+05   
     0.789711        4.028764e+05      4.269069e+05      4.565348e+05   
     0.859239        3.545942e+05      3.763085e+05      4.028918e+05   
     0.930495        2.723774e+05      2.898660e+05      3.112380e+05   
     1.003286        2.067022e+05      2.206653e+05      2.376622e+05   
     1.077416        1.547915e+05      1.658396e+05      1.791917e+05   
     1.152685        9.754771e+04      1.135772e+05      1.332363e+05   
     1.228890        5.915384e+04      6.984136e+04      8.295082e+04   
     1.305826        3.374431e+03      1.192709e+04      4.134715e+04   
     1.383286        2.978667e+01      3.044684e+02      1.954496e+03   
     1.461060        2.513399e+01      3.039333e+02      2.720228e+01   
     1.538940        1.964669e+01      3.125642e+02      2.136274e+01   
     1.616714        1.399874e+01      3.078370e+02      1.531274e+01   
     1.694174        8.976027e+00      2.919966e+02      9.885895e+00   
     1.771110        5.061863e+00      2.684546e+02      5.615277e+00   
     1.847315        2.394973e+00      2.408414e+02      2.675782e+00   
     1.922584        8.459069e-01      2.122777e+02      9.515131e-01   
     1.996714        1.461368e-01      1.849980e+02      1.656172e-01   
     2.069505        4.722284e-03      1.603005e+02      5.210933e-03   
     2.140761        1.786073e-01      1.387146e+02      2.018428e-01   
     2.210289        4.961171e-01      1.202501e+02      5.622926e-01   
     2.277902        8.509291e-01      1.046341e+02      9.654349e-01   
     2.343418        1.184836e+00      9.148338e+01      1.344608e+00   
     2.406661        1.470621e+00      8.040736e+01      1.668706e+00   
     2.467459        1.699262e+00      7.105645e+01      1.927570e+00   
     2.525649        1.871635e+00      6.313701e+01      2.122380e+00   
     2.581075        1.993534e+00      5.640957e+01      2.259871e+00   
     2.633586        2.072782e+00      5.068100e+01      2.349029e+00   
     2.683041        2.117619e+00      4.579554e+01      2.399260e+00   
     2.729306        2.135835e+00      4.162700e+01      2.419417e+00   
     2.772258        2.134354e+00      3.807253e+01      2.417352e+00   
     2.811780        2.119079e+00      3.504776e+01      2.399748e+00   
     2.847765        2.094895e+00      3.248319e+01      2.372128e+00   
     2.880118        2.065749e+00      3.032148e+01      2.338948e+00   
     2.908749        2.034763e+00      2.851530e+01      2.303733e+00   
     2.933583        2.004364e+00      2.702581e+01      2.269220e+00   
     2.954553        1.976403e+00      2.582143e+01      2.237497e+00   
     2.971601        1.952265e+00      2.487691e+01      2.210124e+00   
     2.984682        1.932956e+00      2.417262e+01      2.188233e+00   
     2.993761        1.919178e+00      2.369399e+01      2.172616e+00   
     2.998815        1.911379e+00      2.343109e+01      2.163778e+00   
     3.004739        1.902127e+00      2.312617e+01      2.153293e+00   
     3.024957        1.869692e+00      2.211111e+01      2.116544e+00   
     3.061273        1.808465e+00      2.038358e+01      2.047201e+00   
     3.113597        1.714944e+00      1.809786e+01      1.941333e+00   
     3.181789        1.586853e+00      1.544854e+01      1.796398e+00   
     3.265666        1.425153e+00      1.264580e+01      1.613505e+00   
     3.365002        1.235370e+00      9.891337e+00      1.398911e+00   
     3.479529        1.027696e+00      7.357752e+00      1.164118e+00   
     3.608938        8.156747e-01      5.173163e+00      9.244050e-01   
     3.752880        6.138275e-01      3.412430e+00      6.961446e-01   
     3.910968        4.349187e-01      2.095640e+00      4.937351e-01   
     4.082775        2.876993e-01      1.193881e+00      3.270594e-01   
     4.267838        1.757513e-01      6.412431e-01      2.001839e-01   
     4.465657        9.765116e-02      3.508623e-01      1.115364e-01   
     4.675701        4.822389e-02      2.319107e-01      5.531204e-02   
     4.897402        2.036441e-02      2.042708e-01      2.351797e-02   
     5.130163        6.825771e-03      2.082590e-01      7.985196e-03   
     5.373356        1.519415e-03      2.081365e-01      1.835582e-03   
     5.626327        1.310883e-04      1.898106e-01      1.814697e-04   
     5.888392        1.144891e-04      1.545592e-01      1.255649e-04   
     6.158845        2.894667e-04      1.113480e-01      3.139990e-04   
     6.436958        3.100237e-04      7.015033e-02      3.399904e-04   
     6.721980        2.046576e-04      3.779043e-02      2.261693e-04   
     7.013143        8.403391e-05      1.662612e-02      9.349075e-05   
     7.309662        1.434261e-05      5.379580e-03      1.613852e-05   
     7.610739        7.406635e-07      9.422389e-04      7.994853e-07   
     7.915560        1.668824e-05      8.213514e-05      1.846477e-05   
     8.223305        3.477635e-05      4.541520e-04      3.870761e-05   
     8.533144        4.131417e-05      8.397479e-04      4.616159e-05   
     8.844241        3.593447e-05      8.828593e-04      4.029062e-05   
     9.155759        2.465368e-05      6.687436e-04      2.774741e-05   
     9.466856        1.352305e-05      3.880774e-04      1.529381e-05   
     9.776695        5.728838e-06      1.695737e-04      6.527049e-06   
    10.084440        1.652622e-06      4.944367e-05      1.911361e-06   
    10.389261        1.989264e-07      6.017570e-06      2.437107e-07   
    10.690338        3.996142e-08      2.050678e-06      4.424752e-08   
    10.986857        2.501367e-07      9.284535e-06      2.728854e-07   
    11.278020        4.024158e-07      1.427215e-05      4.445558e-07   
    11.563042        4.063025e-07      1.423234e-05      4.523367e-07   
    11.841155        3.146845e-07      1.101534e-05      3.525234e-07   
    12.111608        2.000210e-07      7.063854e-06      2.254646e-07   
    12.373673        1.063274e-07      3.839934e-06      1.207433e-07   
    12.626644        4.655750e-08      1.762184e-06      5.343447e-08   
    12.869837        1.574261e-08      6.589897e-07      1.841697e-08   
    13.102598        3.402450e-09      1.835783e-07      4.180368e-09   
    13.324299        3.498874e-10      3.498153e-08      4.991381e-10   
    13.534343        7.599588e-10      2.160691e-08      8.285184e-10   
    13.732162        1.768231e-09      4.611099e-08      1.913720e-09   
    13.917225        2.362929e-09      6.976031e-08      2.579908e-09   
    14.089032        2.424914e-09      8.272829e-08      2.666110e-09   
    14.247120        2.136881e-09      8.619018e-08      2.362349e-09   
    14.391062        1.705529e-09      8.383238e-08      1.894296e-09   
    14.520471        1.271437e-09      7.879607e-08      1.418248e-09   
    14.634998        9.042397e-10      7.306268e-08      1.012968e-09   
    14.734334        6.244434e-10      6.766739e-08      7.026676e-10   
    14.818211        4.263013e-10      6.305724e-08      4.820305e-10   
    14.886403        2.939094e-10      5.937224e-08      3.340668e-10   
    14.938727        2.102384e-10      5.661704e-08      2.402398e-10   
    14.975043        1.612283e-10      5.475297e-08      1.851199e-10   
    14.995261        1.470362e-10      5.381176e-08      1.695100e-10   