Wood-Saxon orbitals: potentials
        r              vc_p             vls_p            vc_n             vls_n             vem 
 0.16666667E+00  -0.58918229E+02  -0.77346724E-02  -0.45360330E+02  -0.76923818E-02   0.22975776E+02
 0.33333333E+00  -0.58917972E+02  -0.50092196E-02  -0.45360132E+02  -0.49818309E-02   0.22963901E+02
 0.50000000E+00  -0.58917639E+02  -0.43254872E-02  -0.45359876E+02  -0.43018369E-02   0.22944108E+02
 0.66666667E+00  -0.58917208E+02  -0.42019415E-02  -0.45359543E+02  -0.41789667E-02   0.22916398E+02
 0.83333333E+00  -0.58916650E+02  -0.43540204E-02  -0.45359113E+02  -0.43302141E-02   0.22880771E+02
 0.10000000E+01  -0.58915926E+02  -0.46995415E-02  -0.45358556E+02  -0.46738459E-02   0.22837227E+02
 0.11666667E+01  -0.58914989E+02  -0.52173446E-02  -0.45357835E+02  -0.51888179E-02   0.22785766E+02
 0.13333333E+01  -0.58913775E+02  -0.59127751E-02  -0.45356900E+02  -0.58804461E-02   0.22726388E+02
 0.15000000E+01  -0.58912203E+02  -0.68071215E-02  -0.45355690E+02  -0.67699024E-02   0.22659093E+02
 0.16666667E+01  -0.58910166E+02  -0.79344870E-02  -0.45354122E+02  -0.78911039E-02   0.22583880E+02
 0.18333333E+01  -0.58907529E+02  -0.93416524E-02  -0.45352092E+02  -0.92905754E-02   0.22500751E+02
 0.20000000E+01  -0.58904113E+02  -0.11089523E-01  -0.45349462E+02  -0.11028889E-01   0.22409704E+02
 0.21666667E+01  -0.58899689E+02  -0.13255704E-01  -0.45346056E+02  -0.13183226E-01   0.22310741E+02
 0.23333333E+01  -0.58893960E+02  -0.15938113E-01  -0.45341645E+02  -0.15850969E-01   0.22203860E+02
 0.25000000E+01  -0.58886541E+02  -0.19259697E-01  -0.45335933E+02  -0.19154391E-01   0.22089062E+02
 0.26666667E+01  -0.58876933E+02  -0.23374415E-01  -0.45328536E+02  -0.23246611E-01   0.21966347E+02
 0.28333333E+01  -0.58864494E+02  -0.28474735E-01  -0.45318959E+02  -0.28319045E-01   0.21835715E+02
 0.30000000E+01  -0.58848389E+02  -0.34800911E-01  -0.45306560E+02  -0.34610632E-01   0.21697166E+02
 0.31666667E+01  -0.58827541E+02  -0.42652373E-01  -0.45290510E+02  -0.42419164E-01   0.21550700E+02
 0.33333333E+01  -0.58800560E+02  -0.52401553E-01  -0.45269738E+02  -0.52115039E-01   0.21396317E+02
 0.35000000E+01  -0.58765648E+02  -0.64510449E-01  -0.45242860E+02  -0.64157728E-01   0.21234016E+02
 0.36666667E+01  -0.58720489E+02  -0.79550075E-01  -0.45208092E+02  -0.79115122E-01   0.21063799E+02
 0.38333333E+01  -0.58662099E+02  -0.98222685E-01  -0.45163138E+02  -0.97685637E-01   0.20885664E+02
 0.40000000E+01  -0.58586639E+02  -0.12138613E+00  -0.45105043E+02  -0.12072243E+00   0.20699613E+02
 0.41666667E+01  -0.58489185E+02  -0.15007874E+00  -0.45030015E+02  -0.14925816E+00   0.20505644E+02
 0.43333333E+01  -0.58363436E+02  -0.18554156E+00  -0.44933202E+02  -0.18452708E+00   0.20303758E+02
 0.45000000E+01  -0.58201356E+02  -0.22923242E+00  -0.44808419E+02  -0.22797906E+00   0.20093955E+02
 0.46666667E+01  -0.57992751E+02  -0.28282246E+00  -0.44647817E+02  -0.28127609E+00   0.19876236E+02
 0.48333333E+01  -0.57724761E+02  -0.34816070E+00  -0.44441495E+02  -0.34625708E+00   0.19650598E+02
 0.50000000E+01  -0.57381297E+02  -0.42718575E+00  -0.44177067E+02  -0.42485005E+00   0.19417044E+02
 0.51666667E+01  -0.56942444E+02  -0.52175650E+00  -0.43839200E+02  -0.51890371E+00   0.19175573E+02
 0.53333333E+01  -0.56383886E+02  -0.63336860E+00  -0.43409173E+02  -0.62990555E+00   0.18926185E+02
 0.55000000E+01  -0.55676479E+02  -0.76272583E+00  -0.42864551E+02  -0.75855551E+00   0.18668879E+02
 0.56666667E+01  -0.54786153E+02  -0.90915387E+00  -0.42179101E+02  -0.90418293E+00   0.18403657E+02
 0.58333333E+01  -0.53674396E+02  -0.10698910E+01  -0.41323175E+02  -0.10640412E+01   0.18130517E+02
 0.60000000E+01  -0.52299713E+02  -0.12393743E+01  -0.40264826E+02  -0.12325978E+01   0.17849461E+02
 0.61666667E+01  -0.50620422E+02  -0.14087567E+01  -0.38971962E+02  -0.14010541E+01   0.17560487E+02
 0.63333333E+01  -0.48599171E+02  -0.15659916E+01  -0.37415829E+02  -0.15574293E+01   0.17263596E+02
 0.65000000E+01  -0.46209226E+02  -0.16968341E+01  -0.35575844E+02  -0.16875564E+01   0.16958788E+02
 0.66666667E+01  -0.43442067E+02  -0.17869066E+01  -0.33445446E+02  -0.17771364E+01   0.16646063E+02
 0.68333333E+01  -0.40315002E+02  -0.18245500E+01  -0.31037962E+02  -0.18145740E+01   0.16325421E+02
 0.70000000E+01  -0.36876706E+02  -0.18036649E+01  -0.28390866E+02  -0.17938031E+01   0.15996861E+02
 0.71666667E+01  -0.33208221E+02  -0.17254811E+01  -0.25566550E+02  -0.17160468E+01   0.15660385E+02
 0.73333333E+01  -0.29417629E+02  -0.15984652E+01  -0.22648225E+02  -0.15897253E+01   0.15315993E+02
 0.75000000E+01  -0.25628424E+02  -0.14363414E+01  -0.19730969E+02  -0.14284880E+01   0.14975638E+02
 0.76666667E+01  -0.21963922E+02  -0.12550084E+01  -0.16909720E+02  -0.12481465E+01   0.14650080E+02
 0.78333333E+01  -0.18531716E+02  -0.10694857E+01  -0.14267312E+02  -0.10636382E+01   0.14338377E+02
 0.80000000E+01  -0.15412166E+02  -0.89177856E+00  -0.11865614E+02  -0.88690261E+00   0.14039660E+02
 0.81666667E+01  -0.12653227E+02  -0.72997683E+00  -0.97415442E+01  -0.72598556E+00   0.13753137E+02
 0.83333333E+01  -0.10271566E+02  -0.58839529E+00  -0.79079366E+01  -0.58517814E+00   0.13478074E+02
 0.85000000E+01  -0.82581778E+01  -0.46832376E+00  -0.63578569E+01  -0.46576312E+00   0.13213798E+02
 0.86666667E+01  -0.65860159E+01  -0.36897322E+00  -0.50704825E+01  -0.36695580E+00   0.12959687E+02
 0.88333333E+01  -0.52175714E+01  -0.28834389E+00  -0.40169360E+01  -0.28676732E+00   0.12715164E+02
 0.90000000E+01  -0.41111262E+01  -0.22389182E+00  -0.31650992E+01  -0.22266765E+00   0.12479698E+02
 0.91666667E+01  -0.32252235E+01  -0.17297585E+00  -0.24830549E+01  -0.17203008E+00   0.12252795E+02
 0.93333333E+01  -0.25214407E+01  -0.13311990E+00  -0.19412223E+01  -0.13239205E+00   0.12033995E+02
 0.95000000E+01  -0.19658111E+01  -0.10214147E+00  -0.15134508E+01  -0.10158300E+00   0.11822872E+02
 0.96666667E+01  -0.15293011E+01  -0.78193841E-01  -0.11773877E+01  -0.77766304E-01   0.11619029E+02
 0.98333333E+01  -0.11876971E+01  -0.59758219E-01  -0.91439159E+00  -0.59431482E-01   0.11422097E+02
 0.10000000E+02  -0.92117336E+00  -0.45610796E-01  -0.70919863E+00  -0.45361411E-01   0.11231728E+02
 0.10166667E+02  -0.71371914E+00  -0.34780077E-01  -0.54948249E+00  -0.34589911E-01   0.11047602E+02
 0.10333333E+02  -0.55253986E+00  -0.26503363E-01  -0.42539280E+00  -0.26358452E-01   0.10869415E+02
 0.10500000E+02  -0.42749238E+00  -0.20186801E-01  -0.32912047E+00  -0.20076426E-01   0.10696884E+02
 0.10666667E+02  -0.33058460E+00  -0.15370859E-01  -0.25451251E+00  -0.15286817E-01   0.10529745E+02
 0.10833333E+02  -0.25554877E+00  -0.11701596E-01  -0.19674346E+00  -0.11637615E-01   0.10367749E+02
 0.11000000E+02  -0.19748710E+00  -0.89073417E-02  -0.15204258E+00  -0.88586393E-02   0.10210662E+02
 0.11166667E+02  -0.15258295E+00  -0.67801211E-02  -0.11747150E+00  -0.67430496E-02   0.10058264E+02
 0.11333333E+02  -0.11786851E+00  -0.51610244E-02  -0.90745333E-01  -0.51328057E-02   0.99103485E+01
 0.11500000E+02  -0.91039779E-01  -0.39288063E-02  -0.70090267E-01  -0.39073249E-02   0.97667203E+01
 0.11666667E+02  -0.70310390E-01  -0.29910540E-02  -0.54130997E-01  -0.29746999E-02   0.96271957E+01
 0.11833333E+02  -0.54296643E-01  -0.22773834E-02  -0.41802234E-01  -0.22649314E-02   0.94916014E+01
 0.12000000E+02  -0.41927555E-01  -0.17342152E-02  -0.32279444E-01  -0.17247331E-02   0.93597736E+01
 0.12166667E+02  -0.32374666E-01  -0.13207772E-02  -0.24924808E-01  -0.13135556E-02   0.92315575E+01
 0.12333333E+02  -0.24997410E-01  -0.10060487E-02  -0.19245160E-01  -0.10005480E-02   0.91068068E+01
 0.12500000E+02  -0.19300667E-01  -0.76643164E-03  -0.14859317E-01  -0.76224105E-03   0.89853827E+01
 0.12666667E+02  -0.14901846E-01  -0.58397461E-03  -0.11472725E-01  -0.58078163E-03   0.88671540E+01
 0.12833333E+02  -0.11505365E-01  -0.44502165E-03  -0.88578216E-02  -0.44258842E-03   0.87519961E+01
 0.13000000E+02  -0.88829058E-02  -0.33918369E-03  -0.68388263E-02  -0.33732914E-03   0.86397910E+01
 0.13166667E+02  -0.68581233E-02  -0.25855626E-03  -0.52799742E-02  -0.25714256E-03   0.85304266E+01
 0.13333333E+02  -0.52948312E-02  -0.19712460E-03  -0.40764173E-02  -0.19604679E-03   0.84237963E+01
 0.13500000E+02  -0.40878629E-02  -0.15031122E-03  -0.31471891E-02  -0.14948937E-03   0.83197988E+01
 0.13666667E+02  -0.31560109E-02  -0.11463199E-03  -0.24297692E-02  -0.11400522E-03   0.82183378E+01
 0.13833333E+02  -0.24365712E-02  -0.87434541E-04  -0.18758825E-02  -0.86956478E-04   0.81193217E+01
 0.14000000E+02  -0.18811287E-02  -0.66699394E-04  -0.14482550E-02  -0.66334704E-04   0.80226631E+01
 0.14166667E+02  -0.14523022E-02  -0.50888683E-04  -0.11181073E-02  -0.50610441E-04   0.79282788E+01
 0.14333333E+02  -0.11212300E-02  -0.38831112E-04  -0.86321950E-03  -0.38618796E-04   0.78360895E+01
 0.14500000E+02  -0.86562924E-03  -0.29634425E-04  -0.66643598E-03  -0.29472394E-04   0.77460195E+01
 0.14666667E+02  -0.66829572E-03  -0.22618827E-04  -0.51451163E-03  -0.22495155E-04   0.76579966E+01
 0.14833333E+02  -0.51594702E-03  -0.17266303E-04  -0.39722048E-03  -0.17171897E-04   0.75719517E+01
 0.15000000E+02  -0.39832841E-03  -0.13182056E-04  -0.30666753E-03  -0.13109981E-04   0.74878189E+01
 0.15166667E+02  -0.30752276E-03  -0.10065153E-04  -0.23675752E-03  -0.10010120E-04   0.74055352E+01
 0.15333333E+02  -0.23741770E-03  -0.76861673E-05  -0.18278460E-03  -0.76441419E-05   0.73250402E+01
 0.15500000E+02  -0.18329423E-03  -0.58701673E-05  -0.14111569E-03  -0.58380712E-05   0.72462764E+01
 0.15666667E+02  -0.14150911E-03  -0.44837485E-05  -0.10894591E-03  -0.44592328E-05   0.71691883E+01
 0.15833333E+02  -0.10924962E-03  -0.34251616E-05  -0.84109774E-04  -0.34064340E-05   0.70937232E+01
 0.16000000E+02  -0.84344243E-04  -0.26167906E-05  -0.64935466E-04  -0.26024828E-05   0.70198302E+01
 0.16166667E+02  -0.65116476E-04  -0.19994195E-05  -0.50132274E-04  -0.19884874E-05   0.69474608E+01
 0.16333333E+02  -0.50272017E-04  -0.15278652E-05  -0.38703730E-04  -0.15195113E-05   0.68765684E+01
 0.16500000E+02  -0.38811614E-04  -0.11676463E-05  -0.29880524E-04  -0.11612620E-05   0.68071081E+01
 0.16666667E+02  -0.29963813E-04  -0.89244588E-06  -0.23068725E-04  -0.88756629E-06   0.67390370E+01
 0.16833333E+02  -0.23133025E-04  -0.68217513E-06  -0.17809796E-04  -0.67844522E-06   0.66723139E+01
 0.17000000E+02  -0.17859437E-04  -0.52149774E-06  -0.13749734E-04  -0.51864637E-06   0.66068990E+01
 0.17166667E+02  -0.13788058E-04  -0.39870412E-06  -0.10615235E-04  -0.39652414E-06   0.65427544E+01
 0.17333333E+02  -0.10644823E-04  -0.30485263E-06  -0.81953019E-05  -0.30318580E-06   0.64798433E+01
 0.17500000E+02  -0.82181444E-05  -0.23311451E-06  -0.63270357E-05  -0.23183992E-06   0.64181305E+01
 0.17666667E+02  -0.63446707E-05  -0.17827402E-06  -0.48846742E-05  -0.17729928E-06   0.63575821E+01
 0.17833333E+02  -0.48982890E-05  -0.13634696E-06  -0.37711250E-05  -0.13560147E-06   0.62981654E+01
 0.18000000E+02  -0.37816360E-05  -0.10428955E-06  -0.29114292E-05  -0.10371933E-06   0.62398491E+01
 0.18166667E+02  -0.29195441E-05  -0.79776207E-07  -0.22477166E-05  -0.79340018E-07   0.61826028E+01
 0.18333333E+02  -0.22539815E-05  -0.61029879E-07  -0.17353092E-05  -0.60696188E-07   0.61263973E+01
 0.18500000E+02  -0.17401459E-05  -0.46692543E-07  -0.13397142E-05  -0.46437244E-07   0.60712045E+01
 0.18666667E+02  -0.13434483E-05  -0.35726280E-07  -0.10343023E-05  -0.35530941E-07   0.60169973E+01
 0.18833333E+02  -0.10371851E-05  -0.27337745E-07  -0.79851448E-06  -0.27188271E-07   0.59637496E+01
 0.19000000E+02  -0.80074012E-06  -0.20920477E-07  -0.61647874E-06  -0.20806091E-07   0.59114360E+01
 0.19166667E+02  -0.61819700E-06  -0.16010832E-07  -0.47594132E-06  -0.15923290E-07   0.58600322E+01
 0.19333333E+02  -0.47726788E-06  -0.12254316E-07  -0.36744194E-06  -0.12187313E-07   0.58095147E+01
 0.19500000E+02  -0.36846608E-06  -0.93798631E-08  -0.28367694E-06  -0.93285772E-08   0.57598607E+01
 0.19666667E+02  -0.28446761E-06  -0.71801855E-08  -0.21900768E-06  -0.71409266E-08   0.57110483E+01
 0.19833333E+02  -0.21961810E-06  -0.54967504E-08  -0.16908094E-06  -0.54666960E-08   0.56630563E+01
 0.20000000E+02  -0.16955220E-06  -0.42083034E-08  -0.13053589E-06  -0.41852938E-08   0.56158642E+01
 0.20166667E+02  -0.13089973E-06  -0.32220941E-08  -0.10077789E-06  -0.32044768E-08   0.55694521E+01
 0.20333333E+02  -0.10105878E-06  -0.24671700E-08  -0.77803756E-07  -0.24536803E-08   0.55238008E+01
 0.20500000E+02  -0.78020613E-07  -0.18892485E-08  -0.60066990E-07  -0.18789188E-08   0.54788919E+01
 0.20666667E+02  -0.60234411E-07  -0.14467978E-08  -0.46373639E-07  -0.14388872E-08   0.54347073E+01
 0.20833333E+02  -0.46502893E-07  -0.11080384E-08  -0.35801934E-07  -0.11019800E-08   0.53912296E+01
 0.21000000E+02  -0.35901722E-07  -0.84865189E-09  -0.27640239E-07  -0.84401175E-09   0.53484421E+01
 0.21166667E+02  -0.27717279E-07  -0.65002748E-09  -0.21339149E-07  -0.64647335E-09   0.53063284E+01
 0.21333333E+02  -0.21398626E-07  -0.49792138E-09  -0.16474506E-07  -0.49519891E-09   0.52648727E+01
 0.21500000E+02  -0.16520424E-07  -0.38143131E-09  -0.12718846E-07  -0.37934577E-09   0.52240597E+01
 0.21666667E+02  -0.12754296E-07  -0.29221197E-09  -0.98193564E-08  -0.29061426E-09   0.51838746E+01
 0.21833333E+02  -0.98467251E-08  -0.22387488E-09  -0.75808575E-08  -0.22265081E-09   0.51443031E+01
 0.22000000E+02  -0.76019870E-08  -0.17152919E-09  -0.58526646E-08  -0.17059133E-09   0.51053311E+01
 0.22166667E+02  -0.58689773E-08  -0.13143034E-09  -0.45184444E-08  -0.13071173E-09   0.50669451E+01
 0.22333333E+02  -0.45310383E-08  -0.10071120E-09  -0.34883837E-08  -0.10016055E-09   0.50291321E+01
 0.22500000E+02  -0.34981066E-08  -0.77176331E-10  -0.26931439E-08  -0.76754356E-10   0.49918793E+01
 0.22666667E+02  -0.27006503E-08  -0.59144490E-10  -0.20791933E-08  -0.58821108E-10   0.49551743E+01
 0.22833333E+02  -0.20849885E-08  -0.45328145E-10  -0.16052038E-08  -0.45080305E-10   0.49190051E+01
 0.23000000E+02  -0.16096778E-08  -0.34741193E-10  -0.12392687E-08  -0.34551240E-10   0.48833602E+01
 0.23166667E+02  -0.12427228E-08  -0.26628354E-10  -0.95675510E-09  -0.26482759E-10   0.48482281E+01
 0.23333333E+02  -0.95942179E-09  -0.20411099E-10  -0.73864557E-09  -0.20299498E-10   0.48135979E+01
 0.23500000E+02  -0.74070434E-09  -0.15646263E-10  -0.57025802E-09  -0.15560714E-10   0.47794589E+01
 0.23666667E+02  -0.57184746E-09  -0.11994350E-10  -0.44025745E-09  -0.11928768E-10   0.47458007E+01
 0.23833333E+02  -0.44148454E-09  -0.91952664E-11  -0.33989284E-09  -0.91449897E-11   0.47126133E+01
 0.24000000E+02  -0.34084020E-09  -0.70497411E-11  -0.26240815E-09  -0.70111955E-11   0.46798868E+01
 0.24166667E+02  -0.26313954E-09  -0.54050904E-11  -0.20258749E-09  -0.53755372E-11   0.46476117E+01
 0.24333333E+02  -0.20315215E-09  -0.41443213E-11  -0.15640403E-09  -0.41216615E-11   0.46157788E+01
 0.24500000E+02  -0.15683996E-09  -0.31777831E-11  -0.12074892E-09  -0.31604080E-11   0.45843789E+01
 0.24666667E+02  -0.12108547E-09  -0.24367736E-11  -0.93222029E-10  -0.24234501E-11   0.45534034E+01
 0.24833333E+02  -0.93481860E-10  -0.18686412E-11  -0.71970391E-10  -0.18584241E-11   0.45228436E+01
 0.25000000E+02  -0.72170988E-10  -0.14330332E-11  -0.55563445E-10  -0.14251978E-11   0.44926913E+01
 0.25166667E+02  -0.55718313E-10  -0.10990207E-11  -0.42896758E-10  -0.10930116E-11   0.44629384E+01
 0.25333333E+02  -0.43016321E-10  -0.84289704E-12  -0.33117671E-10  -0.83828836E-12   0.44335770E+01
 0.25500000E+02  -0.33209977E-10  -0.64649027E-12  -0.25567902E-10  -0.64295548E-12   0.44045994E+01
 0.25666667E+02  -0.25639165E-10  -0.49587020E-12  -0.19739239E-10  -0.49315895E-12   0.43759981E+01
 0.25833333E+02  -0.19794256E-10  -0.38035781E-12  -0.15239324E-10  -0.37827814E-12   0.43477658E+01
 0.26000000E+02  -0.15281799E-10  -0.29176604E-12  -0.11765246E-10  -0.29017077E-12   0.43198955E+01
 0.26166667E+02  -0.11798038E-10  -0.22381799E-12  -0.90831465E-11  -0.22259423E-12   0.42923803E+01
 0.26333333E+02  -0.91084632E-11  -0.17170102E-12  -0.70124798E-11  -0.17076222E-12   0.42652133E+01
 0.26500000E+02  -0.70320251E-11  -0.13172498E-12  -0.54138589E-11  -0.13100475E-12   0.42383881E+01
 0.26666667E+02  -0.54289485E-11  -0.10106030E-12  -0.41796724E-11  -0.10050774E-12   0.42118981E+01
 0.26833333E+02  -0.41913220E-11  -0.77537181E-13  -0.32268408E-11  -0.77113233E-13   0.41857373E+01
 0.27000000E+02  -0.32358348E-11  -0.59491672E-13  -0.24912244E-11  -0.59166391E-13   0.41598994E+01
 0.27166667E+02  -0.24981680E-11  -0.45647699E-13  -0.19233050E-11  -0.45398113E-13   0.41343785E+01
 0.27333333E+02  -0.19286657E-11  -0.35026598E-13  -0.14848530E-11  -0.34835084E-13   0.41091689E+01
 0.27500000E+02  -0.14889916E-11  -0.26877766E-13  -0.11463541E-11  -0.26730807E-13   0.40842649E+01
 0.27666667E+02  -0.11495492E-11  -0.20625493E-13  -0.88502203E-12  -0.20512719E-13   0.40596608E+01
 0.27833333E+02  -0.88748878E-12  -0.15828190E-13  -0.68326534E-12  -0.15741647E-13   0.40353515E+01
 0.28000000E+02  -0.68516975E-12  -0.12147132E-13  -0.52750271E-12  -0.12080716E-13   0.40113316E+01
 0.28166667E+02  -0.52897298E-12  -0.93224837E-14  -0.40724898E-12  -0.92715115E-14   0.39875959E+01
 0.28333333E+02  -0.40838407E-12  -0.71549190E-14  -0.31440925E-12  -0.71157983E-14   0.39641394E+01
 0.28500000E+02  -0.31528557E-12  -0.54915234E-14  -0.24273400E-12  -0.54614976E-14   0.39409573E+01
 0.28666667E+02  -0.24341056E-12  -0.42149829E-14  -0.18739842E-12  -0.41919367E-14   0.39180448E+01
 0.28833333E+02  -0.18792074E-12  -0.32352918E-14  -0.14467758E-12  -0.32176024E-14   0.38953971E+01
 0.29000000E+02  -0.14508083E-12  -0.24833940E-14  -0.11169572E-12  -0.24698156E-14   0.38730098E+01
 0.29166667E+02  -0.11200704E-12  -0.19063039E-14  -0.86232672E-13  -0.18958809E-14   0.38508783E+01
 0.29333333E+02  -0.86473022E-13  -0.14633655E-14  -0.66574383E-13  -0.14553643E-14   0.38289983E+01
 0.29500000E+02  -0.66759941E-13  -0.11233822E-14  -0.51397555E-13  -0.11172399E-14   0.38073655E+01
 0.29666667E+02  -0.51540811E-13  -0.86241460E-15  -0.39680558E-13  -0.85769921E-15   0.37859758E+01
 0.29833333E+02  -0.39791156E-13  -0.66209206E-15  -0.30634661E-13  -0.65847196E-15   0.37648251E+01
 0.30000000E+02  -0.30720046E-13  -0.50831651E-15  -0.23650939E-13  -0.50553720E-15   0.37439094E+01
 0.30166667E+02  -0.23716859E-13  -0.39026845E-15  -0.18259282E-13  -0.38813460E-15   0.37232249E+01
 0.30333333E+02  -0.18310174E-13  -0.29964425E-15  -0.14096750E-13  -0.29800589E-15   0.37027676E+01
 0.30500000E+02  -0.14136041E-13  -0.23007082E-15  -0.10883142E-13  -0.22881287E-15   0.36825339E+01
 0.30666667E+02  -0.10913476E-13  -0.17665670E-15  -0.84021341E-14  -0.17569080E-15   0.36625201E+01
 0.30833333E+02  -0.84255527E-14  -0.13564742E-15  -0.64867165E-14  -0.13490574E-15   0.36427227E+01
 0.31000000E+02  -0.65047964E-14  -0.10416111E-15  -0.50079528E-14  -0.10359160E-15   0.36231382E+01
 0.31166667E+02  -0.50219110E-14  -0.79985683E-16  -0.38662998E-14  -0.79548349E-16   0.36037631E+01
 0.31333333E+02  -0.38770761E-14  -0.61423042E-16  -0.29849072E-14  -0.61087202E-16   0.35845942E+01
 0.31500000E+02  -0.29932268E-14  -0.47169653E-16  -0.23044439E-14  -0.46911745E-16   0.35656280E+01
 0.31666667E+02  -0.23108669E-14  -0.36224816E-16  -0.17791045E-14  -0.36026751E-16   0.35468616E+01
 0.31833333E+02  -0.17840632E-14  -0.27820295E-16  -0.13735256E-14  -0.27668183E-16   0.35282916E+01
 0.32000000E+02  -0.13773539E-14  -0.21366293E-16  -0.10604057E-14  -0.21249469E-16   0.35099151E+01
 0.32166667E+02  -0.10633613E-14  -0.16409993E-16  -0.81866717E-15  -0.16320269E-16   0.34917290E+01
 0.32333333E+02  -0.82094898E-15  -0.12603736E-16  -0.63203726E-15  -0.12534823E-16   0.34737304E+01
 0.32500000E+02  -0.63379889E-15  -0.96805875E-17  -0.48795300E-15  -0.96276572E-17   0.34559164E+01
 0.32666667E+02  -0.48931303E-15  -0.74355921E-17  -0.37671533E-15  -0.73949368E-17   0.34382842E+01
 0.32833333E+02  -0.37776532E-15  -0.57113755E-17  -0.29083629E-15  -0.56801476E-17   0.34208310E+01
 0.33000000E+02  -0.29164692E-15  -0.43870952E-17  -0.22453493E-15  -0.43631080E-17   0.34035540E+01
 0.33166667E+02  -0.22516076E-15  -0.33699579E-17  -0.17334815E-15  -0.33515321E-17   0.33864508E+01
 0.33333333E+02  -0.17383131E-15  -0.25887068E-17  -0.13383032E-15  -0.25745526E-17   0.33695185E+01
 0.33500000E+02  -0.13420334E-15  -0.19886214E-17  -0.10332129E-15  -0.19777483E-17   0.33527547E+01
 0.33666667E+02  -0.10360927E-15  -0.15276790E-17  -0.79767345E-16  -0.15193261E-17   0.33361569E+01
 0.33833333E+02  -0.79989675E-16  -0.11736071E-17  -0.61582944E-16  -0.11671903E-17   0.33197227E+01
 0.34000000E+02  -0.61754589E-16  -0.90162080E-18  -0.47544004E-16  -0.89669104E-18   0.33034495E+01
 0.34166667E+02  -0.47676520E-16  -0.69268460E-18  -0.36705493E-16  -0.68889724E-18   0.32873351E+01
 0.34333333E+02  -0.36807799E-16  -0.53217869E-18  -0.28337815E-16  -0.52926892E-18   0.32713772E+01
 0.34500000E+02  -0.28416799E-16  -0.40887416E-18  -0.21877701E-16  -0.40663857E-18   0.32555734E+01
 0.34666667E+02  -0.21938679E-16  -0.31414632E-18  -0.16890285E-16  -0.31242868E-18   0.32399216E+01
 0.34833333E+02  -0.16937362E-16  -0.24137058E-18  -0.13039841E-16  -0.24005085E-18   0.32244196E+01
 0.35000000E+02  -0.13076186E-16  -0.18545845E-18  -0.10067174E-16  -0.18444443E-18   0.32090652E+01
 0.35166667E+02  -0.10095234E-16  -0.14250129E-18  -0.77721809E-17  -0.14172214E-18   0.31938564E+01
 0.35333333E+02  -0.77938437E-17  -0.10949661E-18  -0.60003725E-17  -0.10889792E-18   0.31787910E+01
 0.35500000E+02  -0.60170968E-17  -0.84138013E-19  -0.46324796E-17  -0.83677974E-19   0.31638671E+01
 0.35666667E+02  -0.46453914E-17  -0.64653700E-19  -0.35764225E-17  -0.64300196E-19   0.31490827E+01
 0.35833333E+02  -0.35863908E-17  -0.49682565E-19  -0.27611127E-17  -0.49410917E-19   0.31344358E+01
 0.36000000E+02  -0.27688085E-17  -0.38178954E-19  -0.21316674E-17  -0.37970204E-19   0.31199245E+01
 0.36166667E+02  -0.21376088E-17  -0.29339543E-19  -0.16457154E-17  -0.29179124E-19   0.31055470E+01
 0.36333333E+02  -0.16503024E-17  -0.22547163E-19  -0.12705450E-17  -0.22423882E-19   0.30913014E+01
 0.36500000E+02  -0.12740863E-17  -0.17327647E-19  -0.98090141E-18  -0.17232905E-19   0.30771858E+01
 0.36666667E+02  -0.98363540E-18  -0.13316691E-19  -0.75728729E-18  -0.13243880E-19   0.30631986E+01
 0.36833333E+02  -0.75939802E-18  -0.10234392E-19  -0.58465003E-18  -0.10178434E-19   0.30493380E+01
 0.37000000E+02  -0.58627958E-18  -0.78656867E-20  -0.45136854E-18  -0.78226797E-20   0.30356023E+01
 0.37166667E+02  -0.45262660E-18  -0.60453307E-20  -0.34847096E-18  -0.60122768E-20   0.30219897E+01
 0.37333333E+02  -0.34944222E-18  -0.46463531E-20  -0.26903073E-18  -0.46209484E-20   0.30084987E+01
 0.37500000E+02  -0.26978058E-18  -0.35711905E-20  -0.20770034E-18  -0.35516645E-20   0.29951276E+01
 0.37666667E+02  -0.20827924E-18  -0.27448740E-20  -0.16035131E-18  -0.27298659E-20   0.29818748E+01
 0.37833333E+02  -0.16079824E-18  -0.21097952E-20  -0.12379634E-18  -0.20982595E-20   0.29687388E+01
 0.38000000E+02  -0.12414139E-18  -0.16216854E-20  -0.95574740E-19  -0.16128186E-20   0.29557180E+01
 0.38166667E+02  -0.95841128E-19  -0.12465258E-20  -0.73786758E-19  -0.12397103E-20   0.29428109E+01
 0.38333333E+02  -0.73992419E-19  -0.95817368E-21  -0.56965739E-19  -0.95293471E-21   0.29300161E+01
 0.38500000E+02  -0.57124516E-19  -0.73653841E-21  -0.43979374E-19  -0.73251127E-21   0.29173320E+01
 0.38666667E+02  -0.44101955E-19  -0.56618023E-21  -0.33953485E-19  -0.56308455E-21   0.29047573E+01
 0.38833333E+02  -0.34048121E-19  -0.43523326E-21  -0.26213177E-19  -0.43285355E-21   0.28922906E+01
 0.39000000E+02  -0.26286239E-19  -0.33457805E-21  -0.20237412E-19  -0.33274869E-21   0.28799303E+01
 0.39166667E+02  -0.20293818E-19  -0.25720579E-21  -0.15623930E-19  -0.25579948E-21   0.28676753E+01
 0.39333333E+02  -0.15667477E-19  -0.19772970E-21  -0.12062174E-19  -0.19664858E-21   0.28555242E+01
 0.39500000E+02  -0.12095794E-19  -0.15200955E-21  -0.93123843E-20  -0.15117841E-21   0.28434755E+01
 0.39666667E+02  -0.93383400E-20  -0.11686315E-21  -0.71894587E-20  -0.11622418E-21   0.28315282E+01
 0.39833333E+02  -0.72094974E-20  -0.89844591E-22  -0.55504923E-20  -0.89353351E-22   0.28196808E+01
 0.40000000E+02  -0.55659627E-20  -0.69073888E-22  -0.42851577E-20  -0.68696215E-22   0.28079321E+01

